
[38;2;0;0;0m                    [38;2;73;21;27m  [38;2;181;61;77m██[38;2;134;44;56m  [38;2;111;32;42m  [38;2;131;41;53m  [38;2;86;26;34m  [38;2;27;8;10m  [38;2;19;5;7m  [38;2;2;0;0m  [38;2;0;0;0m                      
[38;2;0;0;0m                  [38;2;21;6;8m  [38;2;160;53;67m  [38;2;168;56;70m██[38;2;143;48;60m  [38;2;161;53;67m  [38;2;167;55;70m  [38;2;170;57;72m██[38;2;168;55;70m██[38;2;160;53;67m  [38;2;137;45;57m  [38;2;102;33;42m  [38;2;19;6;7m  [38;2;0;0;0m                  
[38;2;0;0;0m              [38;2;5;1;2m  [38;2;36;12;15m  [38;2;138;43;56m  [38;2;180;60;76m██[38;2;164;54;69m██[38;2;185;62;78m██[38;2;184;62;78m██████████[38;2;185;62;78m██[38;2;186;63;79m██[38;2;184;62;78m██[38;2;121;40;50m  [38;2;35;11;15m  [38;2;0;0;0m      [38;2;143;46;60m  [38;2;31;10;13m  [38;2;8;2;3m  [38;2;0;0;0m  
[38;2;0;0;0m  [38;2;4;1;1m    [38;2;0;0;0m        [38;2;106;34;43m  [38;2;176;59;74m  [38;2;178;60;75m██[38;2;172;57;73m████[38;2;184;62;78m██████████████████[38;2;185;62;78m██[38;2;176;59;74m██[38;2;111;36;46m  [38;2;12;3;4m  [38;2;0;0;0m    [38;2;149;49;62m██[38;2;148;50;63m  [38;2;75;24;31m  
[38;2;24;8;11m  [38;2;81;31;38m██[38;2;18;6;8m  [38;2;0;0;0m    [38;2;9;4;4m  [38;2;121;40;50m  [38;2;187;63;80m██[38;2;184;62;78m██[38;2;179;60;76m██[38;2;164;55;69m██[38;2;162;54;68m██[38;2;184;62;78m████████████████[38;2;183;61;77m████[38;2;184;62;78m██[38;2;187;63;79m██[38;2;148;63;66m██[38;2;12;5;5m  [38;2;0;0;0m  [38;2;163;54;68m██[38;2;184;62;78m██[38;2;186;62;79m██
[38;2;66;28;35m██[38;2;86;35;43m██[38;2;21;8;10m  [38;2;0;0;0m    [38;2;127;58;58m  [38;2;212;93;98m██[38;2;185;63;78m██[38;2;173;57;73m██[38;2;183;62;78m██[38;2;180;60;76m██[38;2;158;52;66m██[38;2;178;60;75m██[38;2;184;62;78m██████████████[38;2;183;61;77m██[38;2;178;60;76m██[38;2;183;61;77m██[38;2;215;95;99m██[38;2;229;108;109m██[38;2;131;61;61m  [38;2;21;3;6m  [38;2;184;62;78m████[38;2;183;62;78m██
[38;2;66;29;35m██[38;2;88;36;44m██[38;2;73;25;32m██[38;2;0;0;0m  [38;2;74;31;31m  [38;2;228;108;108m██[38;2;229;109;109m██[38;2;222;103;104m██[38;2;190;72;84m██[38;2;187;65;80m██[38;2;184;61;78m██[38;2;184;62;78m████████████████[38;2;183;61;78m██[38;2;186;64;79m██[38;2;194;72;84m██[38;2;214;98;100m██[38;2;229;109;109m██[38;2;225;105;106m██[38;2;175;66;76m██[38;2;144;46;59m██[38;2;182;61;77m██[38;2;172;57;72m██[38;2;175;59;74m██
[38;2;69;30;38m██[38;2;93;38;46m██[38;2;125;46;57m██[38;2;78;26;33m  [38;2;149;51;64m  [38;2;195;74;86m██[38;2;225;104;106m██[38;2;215;101;101m██[38;2;227;107;107m██[38;2;222;102;104m██[38;2;210;89;96m██[38;2;182;67;78m██[38;2;182;60;77m██[38;2;182;59;77m████[38;2;182;60;77m██[38;2;182;59;77m██[38;2;182;60;77m██[38;2;194;73;85m██[38;2;208;88;95m██[38;2;221;101;103m██[38;2;228;108;107m██[38;2;222;106;105m██[38;2;214;97;100m██[38;2;190;69;82m██[38;2;180;60;76m██[38;2;146;47;60m██[38;2;62;20;26m  [38;2;52;16;21m  [38;2;39;13;16m  
[38;2;24;7;10m  [38;2;22;7;9m  [38;2;96;34;43m  [38;2;95;29;38m  [38;2;176;60;75m██[38;2;183;61;78m██[38;2;181;61;77m██[38;2;190;79;85m██[38;2;222;102;104m██[38;2;228;108;107m██[38;2;223;106;105m██[38;2;220;105;104m██[38;2;228;108;108m██[38;2;222;103;104m██[38;2;220;100;102m██[38;2;220;100;103m██[38;2;224;104;105m██[38;2;230;109;109m██[38;2;230;110;109m██[38;2;229;109;109m██[38;2;228;108;108m██[38;2;223;103;104m██[38;2;207;86;94m██[38;2;171;55;72m██[38;2;184;62;78m████[38;2;185;62;78m██[38;2;24;8;10m  [38;2;3;1;1m  [38;2;0;0;0m  
[38;2;0;0;0m  [38;2;14;5;5m  [38;2;4;1;2m  [38;2;96;28;38m  [38;2;181;61;77m██[38;2;183;61;78m██[38;2;169;56;72m██[38;2;182;61;77m██[38;2;185;65;80m██[38;2;192;70;83m██[38;2;188;78;84m██[38;2;220;100;103m██[38;2;229;109;109m██[38;2;230;110;109m██████[38;2;228;109;108m██[38;2;230;110;110m██[38;2;226;106;107m██[38;2;213;93;98m██[38;2;196;74;86m██[38;2;188;66;80m██[38;2;184;62;78m██[38;2;180;60;76m██[38;2;172;57;72m██[38;2;149;49;62m██[38;2;165;55;69m██[38;2;96;30;39m  [38;2;0;0;0m    
[38;2;0;0;0m    [38;2;16;19;20m  [38;2;71;27;34m██[38;2;158;53;68m██[38;2;183;61;77m██[38;2;166;55;70m██[38;2;183;62;79m██[38;2;183;62;78m████[38;2;153;53;66m██[38;2;180;58;76m██[38;2;179;58;75m██[38;2;190;69;82m██[38;2;194;74;85m██[38;2;196;76;87m██[38;2;181;68;79m██[38;2;188;66;81m██[38;2;182;59;77m██[38;2;183;60;77m██[38;2;184;62;78m██████[38;2;167;56;70m██[38;2;133;42;54m██[38;2;126;40;51m██[38;2;129;41;52m██[38;2;121;40;51m  [38;2;0;0;0m    
[38;2;0;0;0m    [38;2;49;21;25m  [38;2;61;29;34m██[38;2;166;56;71m██[38;2;179;60;76m██[38;2;172;57;72m██[38;2;182;61;77m████[38;2;183;61;78m██[38;2;158;82;86m██[38;2;178;57;75m██[38;2;177;60;75m██[38;2;184;62;78m██████[38;2;162;53;67m██[38;2;185;63;79m██[38;2;184;62;78m██[38;2;183;62;78m████[38;2;184;62;78m████[38;2;172;57;72m██[38;2;173;58;73m██[38;2;127;41;53m██[38;2;141;47;60m██[38;2;145;47;60m██[38;2;16;4;6m  [38;2;0;0;0m  
[38;2;0;0;0m    [38;2;101;32;42m  [38;2;182;62;79m██[38;2;180;61;77m██[38;2;177;59;75m██[38;2;177;60;75m██[38;2;181;61;77m██[38;2;183;61;78m██[38;2;162;53;68m██[38;2;175;112;111m██[38;2;172;51;69m██[38;2;172;57;73m██[38;2;184;62;78m████[38;2;185;62;78m██[38;2;149;55;65m██[38;2;177;58;74m██[38;2;181;61;76m██[38;2;182;61;77m██[38;2;176;59;74m██[38;2;184;62;78m████[38;2;173;58;73m██[38;2;149;49;62m██[38;2;127;42;53m██[38;2;86;25;34m██[38;2;113;35;46m██[38;2;25;8;10m  [38;2;0;0;0m  
[38;2;0;0;0m    [38;2;123;41;53m  [38;2;179;60;76m████[38;2;176;59;75m██[38;2;177;59;76m██[38;2;180;61;77m██[38;2;183;59;76m██[38;2;155;76;81m██[38;2;195;132;128m██[38;2;138;30;53m██[38;2;173;66;80m██[38;2;183;62;78m██[38;2;184;62;78m████[38;2;168;70;79m██[38;2;167;75;83m██[38;2;165;54;69m██[38;2;152;50;63m██[38;2;130;55;61m██[38;2;181;60;76m██[38;2;183;61;78m██[38;2;182;61;77m██[38;2;120;37;48m██[38;2;155;51;65m██[38;2;104;31;41m██[38;2;144;47;60m██[38;2;38;13;16m  [38;2;0;0;0m  
[38;2;0;0;0m  [38;2;5;1;2m  [38;2;139;46;59m  [38;2;177;60;76m████[38;2;175;58;74m██[38;2;176;58;75m██[38;2;179;60;76m██[38;2;164;67;77m██[38;2;152;85;87m██[38;2;201;151;143m██[38;2;164;67;77m██[38;2;170;67;79m██[38;2;184;62;78m██[38;2;183;62;78m████[38;2;171;49;68m██[38;2;178;111;110m██[38;2;183;59;77m██[38;2;184;62;78m██[38;2;173;83;90m██[38;2;169;70;81m██[38;2;182;60;77m██[38;2;182;61;77m██[38;2;135;44;56m██[38;2;124;39;51m██[38;2;172;58;74m██[38;2;100;30;39m██[38;2;93;24;34m  [38;2;0;0;0m  
[38;2;0;0;0m  [38;2;27;7;10m  [38;2;160;52;67m  [38;2;175;59;75m████[38;2;173;58;74m██[38;2;174;58;74m██[38;2;177;56;74m██[38;2;181;114;113m██[38;2;162;60;62m██[38;2;250;229;220m██[38;2;181;112;111m██[38;2;165;93;93m██[38;2;183;58;76m██[38;2;182;61;77m████[38;2;182;51;72m██[38;2;185;131;126m██[38;2;178;64;78m██[38;2;181;61;77m██[38;2;176;52;71m██[38;2;184;125;120m██[38;2;175;60;75m██[38;2;179;60;77m██[38;2;159;53;67m██[38;2;169;56;72m██[38;2;178;60;76m██[38;2;177;59;76m██[38;2;104;29;40m  [38;2;0;0;0m  
[38;2;0;0;0m  [38;2;30;9;12m  [38;2;162;53;69m  [38;2;173;58;75m██[38;2;174;58;75m██[38;2;171;57;73m██[38;2;172;57;74m██[38;2;173;62;77m██[38;2;185;121;117m██[38;2;191;161;157m██[38;2;247;231;223m██[38;2;213;167;165m██[38;2;192;120;116m██[38;2;172;51;70m██[38;2;181;61;77m████[38;2;181;53;72m██[38;2;189;142;141m██[38;2;180;75;95m██[38;2;175;63;81m██[38;2;183;55;88m██[38;2;181;124;121m██[38;2;176;79;93m██[38;2;175;50;72m██[38;2;171;57;73m██[38;2;157;52;67m██[38;2;175;59;75m██[38;2;172;58;74m██[38;2;110;34;45m  [38;2;0;0;0m  
[38;2;0;0;0m  [38;2;27;7;10m  [38;2;157;51;67m  [38;2;171;57;74m████[38;2;168;56;72m██[38;2;169;51;70m██[38;2;168;76;85m██[38;2;173;151;148m██[38;2;235;232;230m██[38;2;227;226;225m██[38;2;209;184;179m██[38;2;200;155;151m██[38;2;189;108;113m██[38;2;177;42;66m██[38;2;179;51;71m██[38;2;179;48;69m██[38;2;178;64;65m██[38;2;205;186;180m██[38;2;227;221;222m██[38;2;239;243;244m██[38;2;221;214;214m██[38;2;222;189;181m██[38;2;182;102;107m██[38;2;154;54;67m██[38;2;147;48;62m██[38;2;169;57;73m██[38;2;164;55;71m██[38;2;125;40;52m██[38;2;0;0;0m  
[38;2;0;0;0m  [38;2;23;6;9m  [38;2;152;50;65m  [38;2;169;56;73m██[38;2;169;57;74m██[38;2;165;52;71m██[38;2;182;107;109m██[38;2;215;181;173m██[38;2;230;230;229m██[38;2;250;254;255m████[38;2;235;240;241m██[38;2;180;149;147m██[38;2;244;229;221m██[38;2;202;164;160m██[38;2;198;158;155m██[38;2;204;171;166m██[38;2;218;195;189m██[38;2;210;208;207m██[38;2;247;253;255m██[38;2;245;252;255m████[38;2;227;237;239m██[38;2;219;205;201m██[38;2;226;189;180m██[38;2;162;32;60m██[38;2;167;54;71m██[38;2;153;40;55m██[38;2;136;35;45m██[38;2;1;0;0m  
[38;2;0;0;0m  [38;2;19;2;2m  [38;2;147;44;58m██[38;2;166;55;72m████[38;2;172;66;84m██[38;2;218;186;179m██[38;2;229;234;235m██[38;2;243;251;253m██[38;2;242;252;255m██[38;2;242;251;255m██[38;2;234;243;246m██[38;2;235;221;215m██[38;2;255;237;229m██[38;2;255;233;225m██[38;2;255;231;222m██[38;2;255;238;229m██[38;2;234;221;216m██[38;2;226;238;240m██[38;2;235;250;255m██[38;2;235;249;255m██[38;2;234;249;255m██[38;2;236;251;255m██[38;2;198;204;206m██[38;2;193;161;156m██[38;2;162;34;60m██[38;2;161;77;87m██[38;2;219;173;170m██[38;2;221;179;173m██[38;2;121;111;107m  
[38;2;0;0;0m  [38;2;41;32;33m  [38;2;161;60;79m██[38;2;163;54;72m██[38;2;163;55;72m██[38;2;167;62;82m██[38;2;198;185;182m██[38;2;226;249;255m██[38;2;222;246;255m██[38;2;219;245;255m██[38;2;216;245;255m██[38;2;204;231;240m██[38;2;235;225;220m██[38;2;255;219;209m██[38;2;255;187;174m██[38;2;255;186;173m██[38;2;255;198;185m██[38;2;251;232;223m██[38;2;195;207;212m██[38;2;206;240;251m██[38;2;203;232;241m██[38;2;206;241;254m██[38;2;213;236;243m██[38;2;224;246;251m██[38;2;170;171;175m██[38;2;151;53;68m██[38;2;199;145;151m██[38;2;249;234;226m██[38;2;202;158;159m██[38;2;20;6;8m  
[38;2;0;0;0m  [38;2;35;9;14m  [38;2;144;45;62m██[38;2;160;53;71m██[38;2;161;51;69m██[38;2;152;102;115m██[38;2;228;239;241m██[38;2;190;236;250m██[38;2;160;219;240m██[38;2;158;206;224m██[38;2;196;197;197m██[38;2;218;211;207m██[38;2;250;233;225m██[38;2;255;216;205m██[38;2;255;187;174m██[38;2;255;188;175m██[38;2;255;185;172m██[38;2;255;234;226m██[38;2;237;224;218m██[38;2;216;211;209m██[38;2;230;224;220m██[38;2;205;200;199m██[38;2;220;184;178m██[38;2;202;171;167m██[38;2;174;144;140m██[38;2;159;41;45m██[38;2;233;207;201m██[38;2;166;103;112m██[38;2;155;38;63m██[38;2;86;27;36m  
[38;2;0;0;0m  [38;2;56;17;24m  [38;2;144;48;64m██[38;2;157;49;68m██[38;2;161;53;76m██[38;2;141;78;99m██[38;2;137;175;192m██[38;2;181;173;177m██[38;2;241;190;178m██[38;2;248;227;218m██[38;2;255;237;229m██[38;2;255;236;228m██████[38;2;255;222;213m██[38;2;255;211;200m██[38;2;254;225;217m██[38;2;253;235;227m██[38;2;255;236;228m██[38;2;255;237;229m██[38;2;255;236;228m██[38;2;255;218;208m██[38;2;255;188;175m██[38;2;251;189;175m██[38;2;175;114;115m██[38;2;174;186;197m██[38;2;168;164;173m██[38;2;152;31;60m██[38;2;151;49;67m██[38;2;106;35;47m  
[38;2;0;0;0m  [38;2;111;33;47m  [38;2;142;46;63m██[38;2;159;50;76m██[38;2;194;205;214m██[38;2;200;227;237m██[38;2;146;73;72m██[38;2;252;189;174m██[38;2;255;187;174m██[38;2;255;223;214m██[38;2;255;235;227m██[38;2;254;235;227m██[38;2;217;186;179m██[38;2;212;159;153m██[38;2;214;178;172m██[38;2;217;185;178m██[38;2;216;164;157m██[38;2;220;162;155m██[38;2;211;159;152m██[38;2;229;209;202m██[38;2;255;236;228m██[38;2;255;218;207m██[38;2;255;189;175m██[38;2;221;162;150m██[38;2;213;197;199m██[38;2;206;246;255m██[38;2;208;249;255m██[38;2;153;92;107m██[38;2;145;44;63m██[38;2;131;43;59m  
[38;2;0;0;0m  [38;2;130;42;57m██[38;2;145;48;64m██[38;2;152;48;74m██[38;2;199;223;234m██[38;2;203;234;246m██[38;2;175;144;139m██[38;2;197;146;136m██[38;2;252;196;184m██[38;2;255;234;226m██[38;2;255;235;227m██[38;2;242;220;212m██[38;2;237;167;160m██[38;2;246;170;163m██[38;2;246;169;162m████[38;2;246;170;163m████[38;2;248;171;164m██[38;2;216;156;149m██[38;2;253;234;226m██[38;2;255;234;226m██[38;2;255;211;200m██[38;2;247;192;180m██[38;2;145;70;75m██[38;2;179;155;170m██[38;2;175;144;154m██[38;2;129;8;17m██[38;2;139;43;61m██[38;2;142;47;64m██
[38;2;37;8;13m  [38;2;151;50;68m██[38;2;145;46;64m██[38;2;124;12;23m██[38;2;156;48;60m██[38;2;157;56;64m██[38;2;136;32;54m██[38;2;206;190;182m██[38;2;252;235;226m██[38;2;255;236;228m██[38;2;255;235;227m██[38;2;243;218;210m██[38;2;237;165;157m██[38;2;245;167;160m██[38;2;243;165;158m██[38;2;244;167;160m██[38;2;246;168;161m██[38;2;236;160;153m██[38;2;233;155;149m██[38;2;202;157;150m██[38;2;254;236;228m██[38;2;255;238;230m██[38;2;241;225;217m██[38;2;144;95;100m██[38;2;146;45;65m██[38;2;145;27;47m██[38;2;172;122;133m██[38;2;179;168;178m██[38;2;61;34;40m██[38;2;149;49;68m██
[38;2;86;27;37m  [38;2;140;45;62m██[38;2;125;27;46m██[38;2;194;217;224m██[38;2;152;55;79m██[38;2;147;49;67m██[38;2;148;49;67m██[38;2;130;21;50m██[38;2;150;113;114m██[38;2;200;176;170m██[38;2;230;213;206m██[38;2;244;228;220m██[38;2;226;205;198m██[38;2;225;206;198m██[38;2;233;217;210m██[38;2;229;210;203m██[38;2;220;195;188m██[38;2;232;217;209m██[38;2;236;218;211m██[38;2;235;221;213m██[38;2;208;184;178m██[38;2;162;127;126m██[38;2;79;25;32m██[38;2;123;34;54m██[38;2;145;48;66m██[38;2;144;39;59m██[38;2;166;114;133m██[38;2;175;176;185m██[38;2;57;34;41m  [38;2;89;28;39m  [0m
