
[38;2;0;0;0m              [38;2;79;23;31m  [38;2;30;9;12m  [38;2;0;0;0m                [38;2;183;36;50m██[38;2;206;41;57m██[38;2;103;18;26m  [38;2;0;0;0m                
[38;2;0;0;0m              [38;2;164;54;69m██[38;2;72;24;30m  [38;2;15;4;5m  [38;2;14;3;5m  [38;2;30;9;12m  [38;2;27;5;8m  [38;2;156;28;41m██[38;2;188;36;51m██[38;2;34;7;10m  [38;2;37;12;15m  [38;2;105;17;26m  [38;2;203;40;56m██[38;2;168;32;45m  [38;2;117;20;29m  [38;2;163;30;43m██[38;2;80;10;16m██[38;2;91;27;36m  [38;2;26;7;10m  [38;2;0;0;0m      
[38;2;0;0;0m              [38;2;65;21;27m  [38;2;147;48;61m██[38;2;134;43;55m  [38;2;149;49;62m  [38;2;171;57;72m██[38;2;129;28;38m██[38;2;207;41;58m██[38;2;203;40;56m██[38;2;167;35;49m  [38;2;165;55;69m  [38;2;132;38;50m  [38;2;188;35;51m██[38;2;203;40;56m████[38;2;204;40;56m██[38;2;117;25;35m██[38;2;186;63;79m██[38;2;167;55;70m  [38;2;83;27;34m  [38;2;0;0;0m    
[38;2;0;0;0m          [38;2;9;3;4m  [38;2;85;25;33m  [38;2;168;55;71m██[38;2;186;63;79m██[38;2;185;63;79m██[38;2;184;62;78m██[38;2;185;62;78m██[38;2;156;52;66m██[38;2;169;33;46m██[38;2;203;40;56m██[38;2;188;36;51m██[38;2;152;45;58m██[38;2;162;54;68m██[38;2;150;30;41m██[38;2;204;40;56m██[38;2;199;39;55m██[38;2;178;33;48m██[38;2;145;43;56m██[38;2;186;63;79m██[38;2;184;62;78m████[38;2;119;37;47m  [38;2;19;6;8m  
[38;2;0;0;0m        [38;2;51;15;19m  [38;2;147;50;62m  [38;2;183;62;78m██[38;2;184;62;78m██████████[38;2;186;63;79m██[38;2;148;42;55m██[38;2;198;38;55m██[38;2;201;39;56m██[38;2;136;38;50m██[38;2;188;66;80m██[38;2;166;70;70m██[38;2;116;40;44m██[38;2;122;39;46m██[38;2;154;47;61m██[38;2;131;43;55m██[38;2;130;39;51m██[38;2;173;59;74m██[38;2;181;61;77m██[38;2;155;53;67m██[38;2;79;21;26m  
[38;2;0;0;0m      [38;2;55;17;22m  [38;2;175;58;74m██[38;2;185;62;78m██[38;2;184;62;78m██████████[38;2;182;61;77m██[38;2;166;52;66m██[38;2;139;33;45m██[38;2;201;39;55m██[38;2;194;36;53m██[38;2;158;49;61m██[38;2;224;103;105m██[38;2;231;110;110m██[38;2;195;89;90m██[38;2;134;40;51m██[38;2;151;26;38m██[38;2;200;39;54m██[38;2;198;38;54m██[38;2;108;29;39m  [38;2;68;18;24m  [38;2;53;15;19m  [38;2;122;29;38m  
[38;2;0;0;0m    [38;2;70;32;32m  [38;2;195;79;87m██[38;2;183;60;77m██[38;2;183;61;77m██[38;2;185;62;78m██[38;2;180;60;76m██[38;2;184;62;78m████[38;2;186;63;79m██[38;2;142;40;53m██[38;2;183;35;50m██[38;2;202;40;56m██[38;2;205;41;57m██[38;2;162;24;43m██[38;2;214;99;100m██[38;2;232;110;110m██[38;2;229;108;108m██[38;2;146;47;57m██[38;2;193;37;52m██[38;2;203;40;56m██[38;2;191;37;53m██[38;2;123;18;28m██[38;2;20;2;4m  [38;2;8;2;2m  [38;2;0;0;0m  [38;2;5;2;3m  
[38;2;3;1;1m  [38;2;20;8;8m  [38;2;191;89;89m  [38;2;229;109;109m██[38;2;223;104;104m██[38;2;204;83;91m██[38;2;188;68;82m██[38;2;184;65;79m██[38;2;188;67;81m██[38;2;188;66;81m██[38;2;191;68;83m██[38;2;146;44;55m██[38;2;192;36;52m██[38;2;186;34;50m██[38;2;153;31;43m██[38;2;185;86;86m██[38;2;158;61;64m██[38;2;136;36;43m██[38;2;161;55;68m██[38;2;151;44;57m██[38;2;195;37;53m██[38;2;202;40;56m██[38;2;111;28;38m██[38;2;175;59;75m██[38;2;57;18;23m  [38;2;0;0;0m      
[38;2;25;9;11m  [38;2;72;21;27m  [38;2;185;67;80m██[38;2;221;101;103m██[38;2;229;109;109m██[38;2;229;109;108m██[38;2;215;101;102m██[38;2;226;105;106m██[38;2;224;103;105m████[38;2;225;105;106m██[38;2;219;102;103m██[38;2;186;76;80m██[38;2;201;84;88m██[38;2;173;83;83m██[38;2;169;31;47m██[38;2;197;37;53m██[38;2;203;39;56m██[38;2;144;26;38m██[38;2;160;53;67m██[38;2;180;37;52m██[38;2;202;40;56m██[38;2;194;38;53m██[38;2;136;31;43m██[38;2;153;51;64m██[38;2;0;0;0m      
[38;2;65;21;27m██[38;2;140;47;59m██[38;2;176;60;76m██[38;2;179;59;76m██[38;2;200;81;89m██[38;2;219;98;102m██[38;2;209;97;98m██[38;2;227;106;107m██[38;2;227;107;107m████[38;2;226;106;107m██[38;2;223;104;105m██[38;2;222;101;104m██[38;2;194;83;88m██[38;2;170;33;48m██[38;2;203;40;56m██[38;2;196;38;54m██[38;2;202;40;56m██[38;2;196;38;53m██[38;2;96;32;41m██[38;2;120;26;36m██[38;2;201;39;56m██[38;2;197;38;54m██[38;2;152;34;47m██[38;2;178;60;76m██[38;2;78;23;31m  [38;2;0;0;0m    
[38;2;4;1;2m  [38;2;144;49;62m██[38;2;174;59;74m██[38;2;172;58;73m██[38;2;181;61;77m██[38;2;185;62;78m██[38;2;174;61;74m██[38;2;191;69;83m██████[38;2;190;68;82m██[38;2;186;66;80m██[38;2;185;64;79m██[38;2;154;44;58m██[38;2;199;38;54m██[38;2;148;28;40m██[38;2;122;36;47m██[38;2;197;38;54m██[38;2;206;41;57m██[38;2;77;26;34m██[38;2;91;29;37m██[38;2;121;33;44m██[38;2;119;33;43m██[38;2;168;55;71m██[38;2;181;61;77m██[38;2;128;43;55m  [38;2;0;0;0m    
[38;2;33;22;24m██[38;2;35;26;28m██[38;2;169;57;72m██[38;2;166;56;70m██[38;2;182;61;78m██[38;2;183;62;78m██[38;2;169;57;71m██[38;2;174;58;74m██[38;2;184;62;78m██████[38;2;181;61;76m██[38;2;173;58;72m██[38;2;164;50;65m██[38;2;131;25;36m██[38;2;156;53;67m██[38;2;178;60;76m██[38;2;148;25;37m██[38;2;174;31;45m██[38;2;144;48;62m██[38;2;107;32;43m██[38;2;147;48;62m██[38;2;114;35;46m██[38;2;173;58;74m██[38;2;180;61;77m██[38;2;166;55;70m  [38;2;28;9;11m  [38;2;0;0;0m  
[38;2;61;26;32m██[38;2;87;32;40m██[38;2;172;58;73m██[38;2;164;55;69m██[38;2;181;61;77m██[38;2;183;61;78m██[38;2;167;55;70m██[38;2;163;54;68m██[38;2;183;62;78m██[38;2;184;62;78m████[38;2;183;61;77m██[38;2;157;55;67m██[38;2;186;62;78m██[38;2;177;75;85m██[38;2;170;59;73m██[38;2;185;62;78m██[38;2;123;33;44m██[38;2;132;35;47m██[38;2;114;35;46m██[38;2;97;29;38m██[38;2;41;12;17m██[38;2;122;39;50m██[38;2;162;54;69m██[38;2;178;60;76m██[38;2;172;58;73m██[38;2;37;12;15m  [38;2;0;0;0m  
[38;2;98;34;43m  [38;2;161;56;71m██[38;2;171;58;74m██[38;2;163;54;69m██[38;2;181;61;77m██[38;2;182;61;77m██[38;2;154;54;66m██[38;2;166;56;70m██[38;2;179;61;76m██[38;2;184;62;78m██████[38;2;155;64;73m██[38;2;185;62;78m██[38;2;171;63;76m██[38;2;190;85;95m██[38;2;179;60;76m██[38;2;182;62;78m████[38;2;124;39;51m██[38;2;92;27;36m██[38;2;158;52;67m██[38;2;106;32;43m██[38;2;156;52;66m██[38;2;175;59;76m██[38;2;175;59;75m██[38;2;43;14;18m  [38;2;0;0;0m  
[38;2;103;36;46m  [38;2;159;54;69m██[38;2;169;58;73m██[38;2;163;54;69m██[38;2;179;60;77m██[38;2;176;59;75m██[38;2;162;70;78m██[38;2;171;57;72m██[38;2;172;59;73m██[38;2;184;62;78m████[38;2;184;61;78m██[38;2;178;77;87m██[38;2;169;56;70m██[38;2;175;56;73m██[38;2;197;97;104m██[38;2;164;57;71m██[38;2;178;60;77m██[38;2;177;59;75m██[38;2;157;52;67m██[38;2;135;43;57m██[38;2;173;58;75m██[38;2;161;54;69m██[38;2;163;54;70m██[38;2;169;56;73m██[38;2;174;58;75m██[38;2;89;25;34m  [38;2;0;0;0m  
[38;2;107;37;47m  [38;2;159;54;69m██[38;2;163;55;71m██[38;2;166;55;71m██[38;2;179;60;76m██[38;2;153;53;66m██[38;2;199;92;102m██[38;2;157;53;67m██[38;2;169;58;73m██[38;2;183;62;78m██[38;2;184;62;78m████[38;2;177;69;80m██[38;2;183;81;91m██[38;2;173;55;71m██[38;2;157;80;86m██[38;2;183;89;96m██[38;2;170;55;72m██[38;2;174;58;75m██[38;2;169;56;73m██[38;2;156;52;68m██[38;2;169;57;74m██[38;2;154;51;67m██[38;2;164;54;71m██[38;2;163;54;71m██[38;2;170;57;74m██[38;2;114;35;47m  [38;2;0;0;0m  
[38;2;108;37;48m  [38;2;159;54;70m██[38;2;155;52;67m██[38;2;165;55;71m██[38;2;170;55;72m██[38;2;141;59;67m██[38;2;204;102;112m██[38;2;178;82;92m██[38;2;163;62;74m██[38;2;184;61;78m██[38;2;184;62;78m████[38;2;173;55;71m██[38;2;178;94;100m██[38;2;170;59;73m██[38;2;180;70;84m██[38;2;234;137;144m██[38;2;200;106;116m██[38;2;158;60;72m██[38;2;167;62;77m██[38;2;154;50;66m██[38;2;155;51;67m██[38;2;149;49;65m██[38;2;160;53;70m██[38;2;159;53;69m██[38;2;166;55;72m██[38;2;133;43;57m██[38;2;0;0;0m  
[38;2;106;36;47m  [38;2;159;54;70m██[38;2;154;51;66m██[38;2;160;53;69m██[38;2;175;74;84m██[38;2;182;82;91m██[38;2;202;113;121m██[38;2;180;93;102m██[38;2;161;73;81m██[38;2;175;60;75m██[38;2;184;62;78m████[38;2;184;59;76m██[38;2;199;110;117m██[38;2;182;79;91m██[38;2;164;55;70m██[38;2;177;101;107m██[38;2;165;100;104m██[38;2;116;69;72m██[38;2;124;76;79m██[38;2;134;52;64m██[38;2;148;48;65m██[38;2;143;47;63m██[38;2;156;52;69m██[38;2;155;50;68m██[38;2;160;52;70m██[38;2;152;50;66m██[38;2;0;0;0m  
[38;2;101;34;44m  [38;2;159;54;70m██[38;2;158;53;69m██[38;2;149;52;65m██[38;2;217;109;117m██[38;2;158;53;71m██[38;2;240;140;148m██[38;2;227;133;141m██[38;2;161;64;76m██[38;2;202;105;115m██[38;2;179;55;73m██[38;2;183;56;74m██[38;2;175;49;67m██[38;2;122;43;53m██[38;2;54;31;31m██[38;2;57;18;37m██[38;2;77;57;66m██[38;2;60;22;47m██[38;2;138;83;94m██[38;2;221;143;147m██[38;2;156;72;83m██[38;2;149;53;68m██[38;2;137;40;58m██[38;2;128;25;49m██[38;2;151;77;86m██[38;2;167;94;102m██[38;2;151;73;83m██[38;2;42;1;9m  
[38;2;92;30;40m  [38;2;159;54;70m██[38;2;164;55;72m██[38;2;97;48;50m██[38;2;137;77;82m██[38;2;88;40;50m██[38;2;124;75;82m██[38;2;128;70;81m██[38;2;182;106;112m██[38;2;221;138;143m██[38;2;210;126;132m██[38;2;213;134;138m██[38;2;230;152;156m██[38;2;233;154;158m██[38;2;225;148;153m██[38;2;84;60;72m██[38;2;236;226;230m██[38;2;103;24;52m██[38;2;157;90;110m██[38;2;247;170;173m██[38;2;173;108;113m██[38;2;167;84;95m██[38;2;161;86;95m██[38;2;243;169;172m██[38;2;247;172;176m██[38;2;229;155;160m██[38;2;157;53;74m██[38;2;72;21;30m  
[38;2;77;23;33m  [38;2;158;53;71m██[38;2;161;54;72m██[38;2;105;34;45m██[38;2;170;102;109m██[38;2;71;25;63m██[38;2;191;183;188m██[38;2;116;92;106m██[38;2;193;121;128m██[38;2;243;163;167m██[38;2;243;152;153m██[38;2;243;148;149m██[38;2;244;167;170m██[38;2;244;173;175m██[38;2;244;176;177m██[38;2;172;73;117m██[38;2;213;132;162m██[38;2;233;136;173m██[38;2;182;105;128m██[38;2;243;181;181m██[38;2;235;173;174m██[38;2;168;91;99m██[38;2;200;124;131m██[38;2;247;183;184m██[38;2;236;177;178m██[38;2;142;43;67m██[38;2;148;46;66m██[38;2;95;30;42m  
[38;2;59;16;23m  [38;2;156;52;70m████[38;2;144;54;68m██[38;2;204;131;137m██[38;2;165;65;112m██[38;2;182;103;135m██[38;2;193;80;129m██[38;2;210;133;148m██[38;2;245;175;176m██[38;2;245;156;154m██[38;2;246;155;152m██[38;2;246;179;178m██[38;2;247;188;188m██[38;2;249;192;192m██[38;2;209;143;154m██[38;2;223;146;163m██[38;2;213;141;149m██[38;2;220;140;139m██[38;2;250;174;170m██[38;2;252;198;197m██[38;2;165;107;109m██[38;2;198;125;125m██[38;2;228;175;176m██[38;2;137;50;69m██[38;2;145;46;65m██[38;2;145;48;66m██[38;2;116;38;53m  
[38;2;49;11;17m  [38;2;150;49;67m██[38;2;153;51;69m██[38;2;145;43;60m██[38;2;210;135;140m██[38;2;197;110;140m██[38;2;242;162;189m██[38;2;216;125;160m██[38;2;215;145;158m██[38;2;248;192;191m██[38;2;248;192;190m██[38;2;249;193;191m██[38;2;249;200;198m██[38;2;251;204;202m██[38;2;250;205;202m██[38;2;248;194;189m██[38;2;249;169;161m██[38;2;251;172;163m██[38;2;251;172;164m██[38;2;251;171;164m██[38;2;249;201;196m██[38;2;160;116;115m██[38;2;143;35;50m██[38;2;143;49;71m██[38;2;130;40;58m██[38;2;140;46;65m████[38;2;135;44;62m██
[38;2;92;27;39m  [38;2;138;45;62m██[38;2;152;50;68m██[38;2;147;45;64m██[38;2;182;107;113m██[38;2;232;151;148m██[38;2;218;138;133m██[38;2;239;176;171m██[38;2;250;204;201m██[38;2;250;206;202m██[38;2;250;208;205m██[38;2;251;211;207m██[38;2;251;214;209m██[38;2;215;182;178m██[38;2;253;219;213m██[38;2;252;202;195m██[38;2;252;177;168m██[38;2;252;179;169m████[38;2;252;180;169m██[38;2;246;207;201m██[38;2;196;145;145m██[38;2;138;45;63m██[38;2;138;46;64m██[38;2;128;42;59m██[38;2;138;45;64m██[38;2;131;43;60m██[38;2;140;46;65m██
[38;2;85;25;36m  [38;2;136;45;61m██[38;2;149;49;67m██[38;2;149;53;69m██[38;2;206;129;126m██[38;2;241;162;155m██[38;2;251;171;163m██[38;2;251;175;167m██[38;2;252;210;204m██[38;2;252;217;212m██[38;2;252;220;214m██[38;2;251;221;215m██[38;2;212;184;179m██[38;2;237;210;204m██[38;2;254;227;220m██[38;2;254;224;217m██[38;2;254;196;186m██[38;2;254;181;170m██[38;2;254;184;172m██[38;2;253;209;200m██[38;2;180;129;126m██[38;2;141;43;62m██[38;2;140;45;65m██[38;2;136;44;63m██[38;2;126;41;58m██[38;2;137;45;63m██[38;2;132;43;61m██[38;2;128;42;59m██
[38;2;78;23;33m  [38;2;142;46;65m██[38;2;146;48;66m██[38;2;143;44;63m██[38;2;207;129;128m██[38;2;253;178;169m██[38;2;252;178;168m██[38;2;252;184;174m██[38;2;253;220;213m██[38;2;253;226;219m██[38;2;254;228;222m██[38;2;218;195;188m██[38;2;252;228;221m██[38;2;232;209;203m██[38;2;254;232;225m████[38;2;254;234;226m██[38;2;254;234;227m██[38;2;236;220;214m██[38;2;149;114;112m██[38;2;108;26;42m██[38;2;145;48;66m██[38;2;139;46;64m██[38;2;135;44;62m██[38;2;126;41;59m██[38;2;134;44;63m██[38;2;135;45;64m██[38;2;102;32;47m██
[38;2;84;27;37m  [38;2;144;47;65m██[38;2;143;47;65m██[38;2;148;48;67m██[38;2;148;44;67m██[38;2;205;146;139m██[38;2;255;205;195m██[38;2;255;222;214m██[38;2;254;230;223m██[38;2;254;231;224m██[38;2;255;232;224m██[38;2;255;233;226m██[38;2;255;234;226m██[38;2;255;234;227m████[38;2;255;237;229m██[38;2;254;235;227m██[38;2;164;152;147m██[38;2;89;40;51m██[38;2;87;24;41m██[38;2;119;39;56m██[38;2;144;47;66m██[38;2;139;45;64m██[38;2;131;43;61m██[38;2;120;39;57m██[38;2;133;44;63m██[38;2;132;43;62m██[38;2;99;32;46m  
[38;2;109;36;49m  [38;2;128;42;58m████[38;2;146;48;66m██[38;2;149;49;68m██[38;2;128;34;56m██[38;2;127;88;97m██[38;2;183;154;149m██[38;2;210;191;186m██[38;2;228;212;205m██[38;2;234;218;211m██[38;2;237;221;214m██[38;2;239;223;216m██[38;2;232;217;210m██[38;2;199;188;182m██[38;2;156;143;138m██[38;2;30;28;26m██[38;2;3;3;4m██[38;2;1;6;4m██[38;2;78;28;41m██[38;2;129;41;60m██[38;2;140;46;65m██[38;2;138;45;64m██[38;2;129;42;60m██[38;2;107;34;54m██[38;2;133;43;62m██[38;2;131;43;62m██[38;2;119;38;55m  [0m
