
[38;2;0;0;0m                                  [38;2;1;1;1m  [38;2;26;26;25m  [38;2;55;45;38m  [38;2;122;100;84m  [38;2;168;138;117m  [38;2;179;148;125m██[38;2;167;137;114m██[38;2;168;135;109m  [38;2;143;115;95m  [38;2;37;34;22m  
[38;2;0;0;0m                                [38;2;28;23;20m  [38;2;183;149;122m  [38;2;218;176;142m██[38;2;219;176;142m████████████[38;2;222;178;144m██[38;2;225;181;146m██
[38;2;0;0;0m                            [38;2;49;41;34m  [38;2;209;168;136m██[38;2;219;176;142m██████████████████████
[38;2;0;0;0m                          [38;2;20;17;17m  [38;2;216;174;141m██[38;2;219;176;142m████████████████████████
[38;2;0;0;0m                        [38;2;13;7;6m  [38;2;213;173;143m██[38;2;219;176;142m██████████████████████████
[38;2;55;49;47m  [38;2;124;111;106m  [38;2;0;0;0m                  [38;2;189;181;191m  [38;2;177;143;118m  [38;2;219;176;142m████████████████████████████
[38;2;0;0;0m  [38;2;247;234;219m██[38;2;2;1;1m  [38;2;0;0;0m                [38;2;87;88;101m  [38;2;216;174;140m██[38;2;219;176;142m████████████████████████████
[38;2;0;0;0m  [38;2;253;242;226m██[38;2;10;9;9m  [38;2;0;0;0m                [38;2;65;57;52m  [38;2;219;176;142m██████████████████████████████
[38;2;24;24;24m  [38;2;253;242;226m██[38;2;16;14;12m  [38;2;4;4;4m  [38;2;0;0;0m            [38;2;244;246;250m  [38;2;210;168;136m██[38;2;219;176;142m██████[38;2;215;173;140m██[38;2;218;175;142m██[38;2;199;160;129m██[38;2;220;177;142m██[38;2;219;176;142m██[38;2;221;177;143m██[38;2;220;177;143m██[38;2;219;176;142m██[38;2;163;131;106m██[38;2;219;176;142m██████
[38;2;243;231;216m██[38;2;253;241;226m██[38;2;244;234;220m██[38;2;106;87;84m  [38;2;42;41;41m  [38;2;0;0;0m          [38;2;168;168;172m  [38;2;219;176;142m████████[38;2;148;119;96m██[38;2;217;174;140m██[38;2;142;114;92m██[38;2;220;176;142m██[38;2;219;176;142m████[38;2;223;180;146m██[38;2;219;176;142m██[38;2;206;166;135m██[38;2;168;134;109m██[38;2;219;176;142m████
[38;2;253;242;226m████████[38;2;44;39;36m  [38;2;0;0;0m        [38;2;16;16;16m  [38;2;83;69;64m  [38;2;219;176;142m████████[38;2;137;121;107m██[38;2;190;159;133m██[38;2;173;144;121m██[38;2;219;176;142m██████[38;2;223;179;145m██[38;2;219;176;142m██[38;2;208;168;137m██[38;2;146;138;129m██[38;2;219;176;142m████
[38;2;253;242;226m██████[38;2;248;237;221m██[38;2;12;11;11m  [38;2;0;0;0m        [38;2;39;35;43m  [38;2;144;117;94m  [38;2;219;176;142m████████[38;2;150;143;134m██[38;2;93;77;65m██[38;2;138;111;91m██[38;2;223;179;145m██[38;2;223;180;145m████[38;2;226;182;147m██[38;2;218;175;141m██[38;2;215;174;142m██[38;2;191;182;170m██[38;2;219;176;142m████
[38;2;253;242;226m██████[38;2;211;193;182m  [38;2;0;0;0m          [38;2;4;4;5m  [38;2;132;108;92m  [38;2;219;176;142m████████[38;2;126;110;104m██[38;2;190;180;169m██[38;2;235;223;209m██[38;2;229;216;201m██[38;2;150;140;128m██[38;2;142;129;117m██[38;2;173;162;150m██[38;2;135;124;113m██[38;2;202;192;178m██[38;2;253;242;226m██[38;2;229;217;203m██[38;2;194;183;169m██
[38;2;249;238;222m██[38;2;253;242;226m████[38;2;157;145;136m██[38;2;68;48;60m  [38;2;0;0;0m          [38;2;59;47;38m  [38;2;219;176;142m██████[38;2;190;158;133m██[38;2;248;237;221m██[38;2;158;148;129m██[38;2;252;241;225m██[38;2;253;242;226m████████████[38;2;251;241;225m██[38;2;140;127;103m██[38;2;252;241;225m██
[38;2;199;189;176m██[38;2;253;242;226m██[38;2;253;241;225m██[38;2;114;102;94m██[38;2;252;226;191m██[38;2;35;29;25m  [38;2;0;0;0m        [38;2;30;25;21m  [38;2;205;166;137m██[38;2;202;164;136m██[38;2;207;168;138m██[38;2;239;226;212m██[38;2;234;224;206m██[38;2;76;63;36m██[38;2;247;237;220m██[38;2;253;242;226m████████████[38;2;180;172;152m██[38;2;80;70;43m██[38;2;249;238;222m██
[38;2;93;82;70m  [38;2;180;159;128m██[38;2;193;173;146m██[38;2;247;221;187m██[38;2;252;226;191m██[38;2;250;225;190m  [38;2;29;26;22m  [38;2;0;0;0m      [38;2;81;73;44m  [38;2;213;172;139m  [38;2;218;175;142m██[38;2;216;174;141m██[38;2;239;227;212m██[38;2;208;199;181m██[38;2;77;64;35m██[38;2;246;236;219m██[38;2;253;242;226m████████████[38;2;110;102;77m██[38;2;76;65;38m██[38;2;249;238;222m██
[38;2;99;87;76m  [38;2;225;197;154m██[38;2;249;223;187m██[38;2;252;226;191m██████[38;2;251;225;190m██[38;2;20;16;16m  [38;2;0;0;0m    [38;2;50;34;25m  [38;2;189;153;123m  [38;2;219;176;142m██[38;2;214;172;140m██[38;2;205;186;175m██[38;2;192;185;164m██[38;2;77;63;37m██[38;2;249;239;223m██[38;2;253;242;226m████████████[38;2;102;93;69m██[38;2;81;69;44m██[38;2;248;237;221m██
[38;2;4;3;2m  [38;2;225;197;154m██[38;2;234;207;167m██[38;2;252;226;191m████████[38;2;220;195;167m  [38;2;25;21;23m  [38;2;0;0;0m  [38;2;135;94;69m  [38;2;127;101;82m██[38;2;219;176;142m██[38;2;219;177;143m██[38;2;73;62;57m██[38;2;189;182;162m██[38;2;82;71;43m██[38;2;253;242;226m██████████████[38;2;108;100;78m██[38;2;87;80;54m██[38;2;252;241;225m██
[38;2;0;0;0m  [38;2;225;197;154m██[38;2;225;198;155m██[38;2;249;223;187m██[38;2;252;226;191m████████[38;2;150;134;114m██[38;2;63;60;57m  [38;2;176;122;91m  [38;2;123;97;82m██[38;2;219;176;142m████[38;2;161;129;104m██[38;2;236;226;210m██[38;2;131;125;100m██[38;2;253;242;226m██████████████[38;2;166;159;138m██[38;2;120;112;91m██[38;2;253;242;226m██
[38;2;0;0;0m  [38;2;187;163;129m  [38;2;225;197;154m██[38;2;234;207;166m██[38;2;252;226;191m██████████[38;2;155;139;117m██[38;2;160;113;84m  [38;2;138;101;80m  [38;2;219;176;142m██[38;2;218;176;142m██[38;2;218;175;141m██[38;2;253;241;225m██[38;2;251;240;223m██[38;2;253;242;226m████████████████[38;2;246;231;212m██[38;2;248;231;214m██
[38;2;0;0;0m  [38;2;96;86;74m  [38;2;225;197;154m██[38;2;227;199;156m██[38;2;252;225;190m██[38;2;252;226;191m██████████[38;2;161;143;121m  [38;2;124;87;64m  [38;2;217;174;141m██[38;2;218;175;143m██[38;2;219;176;142m██[38;2;212;194;179m██[38;2;249;234;217m██[38;2;250;238;222m██[38;2;224;175;162m██[38;2;241;185;174m██[38;2;240;184;176m██[38;2;250;189;182m██[38;2;236;183;173m██[38;2;183;167;149m██[38;2;253;242;226m██[38;2;253;241;225m██[38;2;250;237;219m██
[38;2;0;0;0m    [38;2;189;166;131m  [38;2;225;197;154m██[38;2;245;219;182m██[38;2;252;226;191m████████████[38;2;237;212;180m  [38;2;195;156;126m██[38;2;219;176;142m████[38;2;90;77;69m██[38;2;253;242;226m██[38;2;247;236;220m██[38;2;231;179;168m██[38;2;251;190;181m██[38;2;253;190;181m████[38;2;250;190;180m██[38;2;199;159;146m██[38;2;253;242;226m██████
[38;2;0;0;0m  [38;2;48;48;48m  [38;2;0;0;0m  [38;2;225;197;154m██[38;2;227;199;157m██[38;2;252;226;191m██████████████[38;2;97;82;71m██[38;2;215;173;141m██[38;2;198;150;119m██[38;2;65;46;35m██[38;2;252;241;225m██[38;2;253;242;226m██[38;2;182;163;146m██[38;2;240;185;173m██[38;2;251;189;180m████[38;2;245;188;178m██[38;2;192;174;159m██[38;2;253;242;226m██████
[38;2;0;0;0m    [38;2;16;13;13m  [38;2;121;105;83m  [38;2;225;197;154m██[38;2;239;212;173m██[38;2;252;226;191m████████████[38;2;224;196;170m██[38;2;213;171;141m██[38;2;183;129;96m██[38;2;93;81;65m██[38;2;131;115;101m██[38;2;253;242;226m████[38;2;245;233;217m██[38;2;232;217;200m██[38;2;234;219;203m██[38;2;239;228;211m██[38;2;253;242;226m██████[38;2;251;238;222m██
[38;2;96;96;48m  [38;2;0;0;0m    [38;2;5;5;4m  [38;2;215;188;148m  [38;2;225;197;154m██[38;2;244;218;180m██[38;2;252;226;191m██████████[38;2;251;225;190m██[38;2;147;114;91m██[38;2;182;127;94m██[38;2;197;174;144m██[38;2;225;197;154m██[38;2;178;160;133m██[38;2;202;190;174m██[38;2;247;235;219m██[38;2;252;241;225m██[38;2;253;242;226m████[38;2;253;241;225m██[38;2;252;239;224m██[38;2;155;141;133m██[38;2;204;202;202m██
[38;2;0;0;0m      [38;2;186;180;175m  [38;2;9;7;6m  [38;2;225;197;154m██[38;2;226;198;156m██[38;2;248;221;185m██[38;2;252;226;191m██████████[38;2;174;130;101m██[38;2;182;127;94m██[38;2;180;160;136m██[38;2;247;221;185m██[38;2;228;201;160m██[38;2;225;197;154m██[38;2;167;161;156m██[38;2;124;118;117m██[38;2;113;106;99m██[38;2;85;70;66m██[38;2;96;83;78m██[38;2;114;98;96m██[38;2;253;250;247m██[38;2;254;253;250m██
[38;2;0;0;0m      [38;2;48;48;48m  [38;2;0;0;0m  [38;2;80;71;61m  [38;2;225;197;154m██[38;2;226;198;156m██[38;2;241;214;176m██[38;2;252;226;191m████████[38;2;214;185;154m██[38;2;182;127;94m██[38;2;237;212;179m██[38;2;250;225;190m██[38;2;252;226;191m██[38;2;228;200;158m██[38;2;198;195;193m██[38;2;252;252;252m██[38;2;204;202;202m██[38;2;52;50;48m██[38;2;91;90;89m██[38;2;227;227;227m██[38;2;254;254;254m██[38;2;252;246;246m██
[38;2;0;0;0m  [38;2;56;56;56m  [38;2;24;24;24m  [38;2;0;0;0m  [38;2;159;159;159m  [38;2;12;10;9m  [38;2;87;77;63m  [38;2;225;197;154m████[38;2;233;205;165m██[38;2;251;225;189m██[38;2;252;226;191m████[38;2;240;214;181m██[38;2;179;125;93m██[38;2;240;214;180m██[38;2;250;224;190m██[38;2;252;226;191m██[38;2;236;210;170m██[38;2;148;133;120m██[38;2;253;253;253m██[38;2;195;87;86m██[38;2;200;88;87m██[38;2;195;89;87m██[38;2;165;73;73m██[38;2;145;122;121m██[38;2;254;254;254m██
[38;2;0;0;0m    [38;2;163;163;134m  [38;2;24;24;12m  [38;2;0;0;0m      [38;2;100;88;73m  [38;2;224;196;154m██[38;2;225;197;154m██[38;2;226;198;155m██[38;2;245;219;183m██[38;2;252;226;191m████[38;2;182;140;110m██[38;2;238;212;178m██[38;2;250;224;190m██[38;2;252;226;191m██[38;2;247;221;184m██[38;2;182;140;114m██[38;2;195;85;84m██[38;2;197;86;85m██[38;2;115;99;84m██[38;2;220;191;150m██[38;2;199;103;95m██[38;2;200;88;87m██[38;2;151;83;82m██[0m
