
[38;2;0;0;0m                  [38;2;115;44;66m  [38;2;244;190;192m██[38;2;142;48;70m██[38;2;0;0;0m      [38;2;48;14;29m  [38;2;166;52;88m  [38;2;175;91;106m██[38;2;238;171;176m██[38;2;163;30;73m  [38;2;0;0;0m      [38;2;128;88;106m  [38;2;0;0;0m          
[38;2;0;0;0m                [38;2;60;51;55m  [38;2;194;125;130m██[38;2;253;215;208m██[38;2;171;105;114m██[38;2;0;0;0m    [38;2;160;57;94m  [38;2;216;153;161m██[38;2;255;220;217m██[38;2;253;221;214m██[38;2;242;197;197m██[38;2;87;26;50m  [38;2;0;0;0m                  
[38;2;0;0;0m      [38;2;50;34;42m  [38;2;157;25;76m  [38;2;0;0;0m      [38;2;149;65;89m  [38;2;254;221;219m██[38;2;254;228;222m██[38;2;210;162;160m██[38;2;125;58;79m  [38;2;176;114;118m██[38;2;253;222;219m██[38;2;255;233;222m██[38;2;255;236;227m██[38;2;255;231;225m██[38;2;185;129;133m██[38;2;0;0;0m    [38;2;47;21;34m  [38;2;91;32;47m  [38;2;184;70;85m  [38;2;164;41;75m  [38;2;183;24;94m  [38;2;0;0;0m      
[38;2;0;0;0m      [38;2;78;29;46m  [38;2;173;91;107m██[38;2;41;10;22m  [38;2;0;0;0m  [38;2;150;104;121m  [38;2;237;190;188m██[38;2;255;233;226m██[38;2;255;237;227m██[38;2;241;212;208m██[38;2;243;214;210m██[38;2;255;232;227m██[38;2;255;236;228m██[38;2;255;244;235m██[38;2;255;243;235m██[38;2;255;236;228m██[38;2;166;105;106m██[38;2;160;84;97m  [38;2;188;127;135m██[38;2;239;191;193m██[38;2;255;221;214m██[38;2;255;220;208m██[38;2;228;163;162m██[38;2;100;28;46m  [38;2;0;0;0m      
[38;2;0;0;0m      [38;2;180;103;130m  [38;2;246;201;197m██[38;2;137;67;77m██[38;2;40;17;27m  [38;2;133;63;80m██[38;2;254;226;220m██[38;2;255;239;233m██[38;2;255;241;234m██[38;2;255;241;235m██[38;2;255;238;231m██[38;2;255;243;236m██[38;2;255;245;237m██[38;2;255;245;239m████[38;2;255;242;235m██[38;2;254;235;230m██[38;2;255;232;226m████[38;2;255;236;229m██[38;2;255;235;229m██[38;2;254;223;215m██[38;2;157;59;83m  [38;2;0;0;0m        
[38;2;0;0;0m      [38;2;153;55;88m  [38;2;250;213;207m██[38;2;250;217;212m██[38;2;144;87;97m██[38;2;231;192;191m██[38;2;255;233;229m██[38;2;255;241;235m██[38;2;255;241;237m██[38;2;255;244;236m██[38;2;255;244;237m██[38;2;255;245;242m██[38;2;255;245;243m██[38;2;255;245;239m████[38;2;255;246;239m██[38;2;255;243;237m██[38;2;255;244;236m██[38;2;255;245;237m██[38;2;255;243;239m██[38;2;255;239;230m██[38;2;253;216;214m██[38;2;133;46;85m  [38;2;0;0;0m        
[38;2;0;0;0m      [38;2;147;44;79m  [38;2;250;214;208m██[38;2;253;225;218m██[38;2;251;226;217m██[38;2;251;228;221m██[38;2;255;238;234m██[38;2;255;237;233m██[38;2;255;241;236m██[38;2;255;243;238m██[38;2;255;243;233m██[38;2;255;247;243m██[38;2;255;246;238m██[38;2;255;243;235m██[38;2;255;246;238m██[38;2;255;246;240m██[38;2;255;247;240m████[38;2;255;247;241m██[38;2;255;245;237m██[38;2;255;234;226m██[38;2;183;120;124m██[38;2;0;0;0m          
[38;2;0;0;0m      [38;2;150;59;94m  [38;2;244;209;203m██[38;2;252;224;218m██[38;2;249;227;224m██[38;2;249;225;221m██[38;2;255;239;238m██[38;2;253;229;225m██[38;2;254;232;228m██[38;2;255;235;231m██[38;2;255;236;230m██[38;2;255;244;239m██[38;2;255;239;235m██[38;2;255;241;235m██[38;2;255;243;237m██[38;2;255;247;241m██[38;2;255;248;244m██[38;2;255;245;240m██[38;2;255;245;239m██[38;2;255;243;235m██[38;2;255;231;223m██[38;2;161;78;106m  [38;2;0;0;0m          
[38;2;0;0;0m  [38;2;46;23;30m  [38;2;138;31;71m  [38;2;68;30;45m  [38;2;236;194;192m██[38;2;244;212;209m██[38;2;245;214;215m██[38;2;244;216;216m██[38;2;244;217;218m██[38;2;245;220;220m██[38;2;247;221;220m██[38;2;248;224;218m██[38;2;249;227;222m██[38;2;253;227;223m██[38;2;254;232;227m██[38;2;255;235;230m██[38;2;255;237;233m██[38;2;255;238;235m██[38;2;255;241;238m██[38;2;255;244;237m██[38;2;255;245;239m██[38;2;255;244;238m██[38;2;255;234;229m██[38;2;161;89;112m  [38;2;166;59;102m  [38;2;164;65;102m  [38;2;153;55;89m  [38;2;145;43;81m  [38;2;145;34;75m  
[38;2;0;0;0m    [38;2;113;20;50m██[38;2;96;39;57m██[38;2;179;136;134m██[38;2;232;196;196m██[38;2;234;201;201m██[38;2;234;202;206m██[38;2;235;201;206m██[38;2;237;204;207m██[38;2;239;205;208m██[38;2;240;211;208m██[38;2;242;214;212m██[38;2;245;218;217m██[38;2;250;221;220m██[38;2;249;226;219m██[38;2;252;230;226m██[38;2;254;232;226m██[38;2;255;236;232m██[38;2;255;247;245m██[38;2;255;243;240m██[38;2;255;242;235m██[38;2;255;239;235m██[38;2;255;232;230m██[38;2;255;228;224m██[38;2;255;227;222m██[38;2;254;225;217m██[38;2;253;210;206m██[38;2;154;68;91m██
[38;2;0;0;0m    [38;2;71;8;36m  [38;2;133;70;86m██[38;2;153;107;121m██[38;2;218;177;188m██[38;2;221;184;192m██[38;2;223;184;193m██[38;2;224;185;193m██[38;2;223;186;195m██[38;2;228;188;197m██[38;2;228;192;198m██[38;2;231;198;200m██[38;2;235;203;206m██[38;2;240;209;208m██[38;2;242;213;213m██[38;2;247;220;218m██[38;2;247;224;223m██[38;2;250;227;222m██[38;2;253;229;224m██[38;2;255;235;229m██[38;2;255;238;233m██[38;2;255;242;238m██[38;2;255;242;237m██[38;2;255;241;236m██[38;2;255;237;234m██[38;2;254;231;222m██[38;2;230;178;183m██[38;2;124;32;72m  
[38;2;0;0;0m      [38;2;144;39;78m  [38;2;202;144;159m██[38;2;205;157;176m██[38;2;207;164;181m██[38;2;208;165;186m██[38;2;211;168;187m██[38;2;212;169;187m██[38;2;214;172;189m██[38;2;218;176;192m██[38;2;222;178;193m██[38;2;224;185;194m██[38;2;226;191;198m██[38;2;232;197;198m██[38;2;237;204;205m██[38;2;239;210;210m██[38;2;244;217;215m██[38;2;248;220;218m██[38;2;251;225;224m██[38;2;253;229;227m██[38;2;255;240;236m██[38;2;255;238;235m██[38;2;255;238;232m██[38;2;254;232;226m██[38;2;248;210;208m██[38;2;153;54;95m  [38;2;0;0;0m  
[38;2;0;0;0m        [38;2;81;29;42m██[38;2;110;71;85m██[38;2;136;100;112m██[38;2;168;130;144m██[38;2;188;145;167m██[38;2;190;147;165m██[38;2;193;151;174m██[38;2;201;157;178m██[38;2;206;162;182m██[38;2;211;169;189m██[38;2;216;173;188m██[38;2;221;179;193m██[38;2;226;187;197m██[38;2;231;193;202m██[38;2;234;202;205m██[38;2;237;208;211m██[38;2;242;214;216m██[38;2;247;219;219m██[38;2;249;226;225m██[38;2;255;239;236m██[38;2;253;229;224m██[38;2;231;196;192m██[38;2;142;66;92m  [38;2;0;0;0m    
[38;2;0;0;0m        [38;2;92;40;47m██[38;2;117;84;78m██[38;2;91;65;64m██[38;2;51;34;31m██[38;2;52;37;36m██[38;2;55;40;41m██[38;2;61;39;44m██[38;2;122;89;101m██[38;2;181;140;160m██[38;2;191;149;171m██[38;2;196;155;174m██[38;2;206;162;181m██[38;2;214;171;185m██[38;2;217;176;188m██[38;2;222;186;195m██[38;2;228;192;198m██[38;2;234;200;205m██[38;2;237;208;207m██[38;2;243;215;211m██[38;2;246;221;217m██[38;2;247;222;217m██[38;2;197;159;155m██[38;2;153;103;112m██[38;2;111;38;54m██[38;2;130;30;62m  
[38;2;0;0;0m      [38;2;51;21;29m  [38;2;65;21;24m██[38;2;49;23;25m██[38;2;40;25;22m██[38;2;35;23;22m██[38;2;36;24;22m██[38;2;84;66;60m██[38;2;99;75;72m██[38;2;74;54;53m██[38;2;55;38;39m██[38;2;61;41;44m██[38;2;84;63;71m██[38;2;172;131;144m██[38;2;193;149;165m██[38;2;199;156;174m██[38;2;210;167;184m██[38;2;217;175;190m██[38;2;221;184;197m██[38;2;227;193;200m██[38;2;235;203;207m██[38;2;240;210;210m██[38;2;245;214;209m██[38;2;245;215;210m██[38;2;247;209;201m██[38;2;238;186;185m██[38;2;126;28;56m  
[38;2;0;0;0m    [38;2;51;41;45m  [38;2;128;53;47m██[38;2;64;22;20m██[38;2;45;22;20m██[38;2;36;19;18m██[38;2;30;19;16m██[38;2;32;20;18m██[38;2;34;21;20m██[38;2;37;24;23m██[38;2;41;27;26m██[38;2;65;50;45m██[38;2;99;78;72m██[38;2;65;47;46m██[38;2;51;35;34m██[38;2;55;38;39m██[38;2;88;65;71m██[38;2;186;144;155m██[38;2;200;157;177m██[38;2;211;168;183m██[38;2;219;177;194m██[38;2;226;186;198m██[38;2;231;193;200m██[38;2;236;198;201m██[38;2;245;199;198m██[38;2;153;86;89m██[38;2;170;50;96m  [38;2;0;0;0m  
[38;2;0;0;0m    [38;2;131;30;50m  [38;2;232;151;120m██[38;2;68;30;25m██[38;2;48;27;21m██[38;2;42;20;20m██[38;2;35;20;15m██[38;2;34;20;16m██[38;2;34;22;18m██[38;2;36;23;21m██[38;2;40;28;26m██[38;2;42;29;28m██[38;2;40;28;26m██[38;2;35;24;23m██[38;2;34;23;21m██[38;2;38;24;23m██[38;2;49;32;34m██[38;2;56;39;39m██[38;2;65;43;45m██[38;2;173;134;154m██[38;2;201;159;177m██[38;2;211;167;178m██[38;2;216;171;188m██[38;2;111;61;72m██[38;2;98;38;47m██[38;2;47;21;32m  [38;2;0;0;0m    
[38;2;0;0;0m    [38;2;133;47;45m██[38;2;190;110;79m██[38;2;139;85;65m██[38;2;74;38;29m██[38;2;59;30;27m██[38;2;48;26;20m██[38;2;46;25;21m██[38;2;45;24;20m██[38;2;46;27;23m██[38;2;56;37;33m██[38;2;117;90;81m██[38;2;73;55;48m██[38;2;34;23;20m██[38;2;31;19;18m██[38;2;31;20;18m██[38;2;36;24;23m██[38;2;66;48;44m██[38;2;105;81;73m██[38;2;65;46;44m██[38;2;73;48;53m██[38;2;192;143;157m██[38;2;205;148;165m██[38;2;199;129;150m██[38;2;187;101;120m██[38;2;147;32;51m██[38;2;0;0;0m    
[38;2;0;0;0m    [38;2;136;37;39m██[38;2;200;118;87m██[38;2;250;180;138m██[38;2;231;167;130m██[38;2;93;45;34m██[38;2;81;40;30m██[38;2;74;38;29m██[38;2;74;38;31m██[38;2;72;40;31m██[38;2;124;87;76m██[38;2;129;96;86m██[38;2;51;30;26m██[38;2;36;24;19m██[38;2;31;20;18m██[38;2;31;19;18m██[38;2;34;21;19m██[38;2;38;27;23m██[38;2;43;31;26m██[38;2;69;48;47m██[38;2;96;66;61m██[38;2;70;25;32m██[38;2;78;27;44m  [38;2;99;34;56m  [38;2;98;32;50m  [38;2;103;32;49m  [38;2;255;167;181m  [38;2;255;169;196m  
[38;2;0;0;0m    [38;2;162;65;79m  [38;2;198;116;88m██[38;2;254;172;140m██[38;2;255;176;146m██[38;2;254;184;147m██[38;2;196;138;104m██[38;2;212;151;114m██[38;2;226;166;128m██[38;2;214;151;115m██[38;2;137;84;65m██[38;2;116;73;60m██[38;2;65;35;28m██[38;2;48;27;23m██[38;2;42;22;20m██[38;2;41;22;20m██[38;2;41;24;19m██[38;2;48;28;26m██[38;2;51;32;28m██[38;2;59;35;32m██[38;2;62;30;26m██[38;2;99;30;45m  [38;2;0;0;0m        [38;2;255;168;191m  [38;2;191;123;145m  
[38;2;0;0;0m    [38;2;89;30;42m  [38;2;214;124;103m██[38;2;255;178;147m██[38;2;255;182;155m██[38;2;255;182;150m██[38;2;255;198;151m██[38;2;255;199;154m██[38;2;255;201;156m██[38;2;255;202;158m██[38;2;254;195;151m██[38;2;226;166;128m██[38;2;95;48;37m██[38;2;72;38;29m██[38;2;64;31;26m██[38;2;63;31;27m██[38;2;106;70;60m██[38;2;125;90;79m██[38;2;118;85;74m██[38;2;80;45;33m██[38;2;235;169;130m██[38;2;210;136;111m██[38;2;98;26;60m  [38;2;0;0;0m          
[38;2;0;0;0m    [38;2;98;46;54m  [38;2;255;185;147m██[38;2;255;198;159m██[38;2;255;204;165m██[38;2;255;201;159m██[38;2;181;112;79m██[38;2;254;192;150m██[38;2;255;198;154m██[38;2;255;201;159m██[38;2;255;200;160m██[38;2;255;198;154m██[38;2;251;188;147m██[38;2;123;62;44m██[38;2;103;44;33m██[38;2;97;39;26m██[38;2;131;76;57m██[38;2;176;120;91m██[38;2;159;107;83m██[38;2;239;175;135m██[38;2;157;95;64m██[38;2;249;175;141m██[38;2;82;25;44m  [38;2;0;0;0m          
[38;2;0;0;0m      [38;2;201;119;90m██[38;2;255;198;156m██[38;2;255;205;163m██[38;2;255;199;157m██[38;2;173;106;74m██[38;2;127;56;37m██[38;2;166;95;70m██[38;2;235;166;127m██[38;2;252;186;144m██[38;2;234;170;130m██[38;2;255;200;158m██[38;2;255;183;147m██[38;2;255;172;141m██[38;2;254;172;143m██[38;2;255;181;146m██[38;2;254;193;148m██[38;2;230;168;127m██[38;2;165;98;67m██[38;2;200;123;88m██[38;2;251;179;144m██[38;2;85;26;45m  [38;2;0;0;0m          
[38;2;0;0;0m      [38;2;132;45;40m  [38;2;255;191;145m██[38;2;255;204;160m██[38;2;255;197;155m██[38;2;166;100;71m██[38;2;115;46;36m██[38;2;115;47;34m██[38;2;114;45;28m██[38;2;137;61;42m██[38;2;239;171;132m██[38;2;255;206;164m██[38;2;255;203;167m██[38;2;255;185;159m██[38;2;255;184;156m██[38;2;255;185;157m██[38;2;255;198;159m██[38;2;255;197;151m██[38;2;179;109;75m██[38;2;233;160;120m██[38;2;227;150;123m██[38;2;98;31;58m  [38;2;0;0;0m          
[38;2;209;127;104m  [38;2;217;149;57m  [38;2;146;73;30m██[38;2;112;47;27m██[38;2;246;183;139m██[38;2;255;197;154m██[38;2;255;197;155m██[38;2;183;111;84m██[38;2;206;105;86m██[38;2;204;104;84m██[38;2;169;79;64m██[38;2;150;78;55m██[38;2;255;199;155m██[38;2;255;210;167m██[38;2;255;210;171m██[38;2;255;208;168m██[38;2;255;192;160m██[38;2;255;188;152m██[38;2;255;199;154m██[38;2;255;196;153m██[38;2;253;185;144m██[38;2;220;140;118m██[38;2;156;45;69m  [38;2;0;0;0m            
[38;2;141;49;59m██[38;2;140;71;51m██[38;2;68;18;15m██[38;2;63;20;17m██[38;2;81;38;26m██[38;2;245;184;142m██[38;2;254;192;154m██[38;2;236;168;130m██[38;2;208;109;91m██[38;2;212;112;93m██[38;2;183;95;76m██[38;2;255;191;148m██[38;2;255;203;164m██[38;2;255;208;171m██[38;2;255;209;168m██[38;2;255;207;165m██[38;2;255;196;156m██[38;2;229;167;128m██[38;2;215;155;115m██[38;2;236;166;133m██[38;2;121;44;43m██[38;2;135;47;70m  [38;2;0;0;0m              
[38;2;94;33;54m██[38;2;82;37;37m██[38;2;88;38;69m██[38;2;85;41;81m██[38;2;77;34;57m██[38;2;103;55;56m██[38;2;219;157;129m██[38;2;238;173;135m██[38;2;165;101;79m██[38;2;158;89;69m██[38;2;244;178;139m██[38;2;251;188;148m██[38;2;255;192;155m██[38;2;255;194;154m██[38;2;255;195;155m██[38;2;249;192;148m██[38;2;237;176;136m██[38;2;73;31;24m██[38;2;59;21;19m██[38;2;66;18;20m██[38;2;94;31;54m  [38;2;0;0;0m                
[38;2;61;19;42m██[38;2;41;16;21m██[38;2;32;12;20m██[38;2;32;10;22m██[38;2;40;15;26m██[38;2;54;23;43m██[38;2;94;50;91m██[38;2;101;53;92m██[38;2;87;43;75m██[38;2;99;51;86m██[38;2;113;54;93m██[38;2;119;60;97m██[38;2;121;62;91m██[38;2;120;59;89m██[38;2;110;49;80m██[38;2;95;40;70m██[38;2;83;33;61m██[38;2;71;29;58m██[38;2;60;21;50m██[38;2;71;21;49m██[38;2;91;18;36m██[38;2;0;0;0m                [0m
