
[38;2;0;0;0m            [38;2;124;66;73m  [38;2;99;50;58m  [38;2;121;64;71m██[38;2;105;57;63m██[38;2;59;33;38m██[38;2;32;19;23m████[38;2;36;21;25m██[38;2;88;46;53m██[38;2;32;19;23m████[38;2;54;30;35m██[38;2;73;40;45m██[38;2;103;55;62m██[38;2;119;63;70m  [38;2;0;0;0m                  
[38;2;0;0;0m          [38;2;2;0;1m  [38;2;121;63;71m  [38;2;90;49;55m██[38;2;36;21;25m██[38;2;38;22;26m██[38;2;77;42;48m██[38;2;130;69;76m██[38;2;37;22;26m██[38;2;32;19;23m██[38;2;34;19;24m██[38;2;32;19;23m████[38;2;66;37;41m██[38;2;32;19;23m████[38;2;130;69;76m██[38;2;0;0;0m                  
[38;2;0;0;0m        [38;2;4;1;2m  [38;2;129;69;76m  [38;2;32;19;23m████████████[38;2;70;39;44m██[38;2;32;19;23m██████████████[38;2;118;62;69m██[38;2;43;18;25m  [38;2;0;0;0m                
[38;2;0;0;0m    [38;2;85;41;50m  [38;2;99;49;58m  [38;2;128;68;75m██[38;2;32;19;23m██[38;2;82;44;50m██[38;2;32;19;23m██[38;2;33;20;24m██[38;2;32;19;23m██[38;2;31;18;22m██[38;2;105;87;77m██[38;2;200;171;144m██[38;2;250;212;177m██[38;2;250;211;176m██[38;2;251;213;178m██[38;2;241;206;172m██[38;2;130;110;95m██[38;2;32;19;23m██[38;2;53;29;34m██[38;2;32;19;23m██[38;2;78;38;45m  [38;2;0;0;0m                
[38;2;0;0;0m      [38;2;103;53;60m  [38;2;100;52;60m██[38;2;38;22;26m██[38;2;31;19;23m██[38;2;84;45;51m██[38;2;32;19;23m██[38;2;35;23;25m██[38;2;250;211;176m██████████████[38;2;120;68;67m██[38;2;116;57;58m██[38;2;32;20;23m██[38;2;46;25;30m██[38;2;128;68;75m  [38;2;11;5;6m  [38;2;0;0;0m              
[38;2;0;0;0m      [38;2;32;13;18m  [38;2;39;23;27m██[38;2;31;18;22m██[38;2;60;34;39m██[38;2;32;19;23m██[38;2;38;25;27m██[38;2;250;211;176m████████████████[38;2;138;89;82m██[38;2;115;56;57m██[38;2;188;153;131m██[38;2;32;19;23m████[38;2;113;58;66m  [38;2;0;0;0m              
[38;2;0;0;0m      [38;2;130;69;76m  [38;2;53;30;34m██[38;2;100;53;60m██[38;2;32;19;23m████[38;2;248;211;176m██[38;2;250;211;176m██████████████[38;2;251;212;177m██[38;2;116;59;60m██[38;2;114;55;57m██[38;2;114;55;56m██[38;2;61;31;34m██[38;2;32;19;23m██[38;2;110;58;65m  [38;2;0;0;0m              
[38;2;0;0;0m    [38;2;16;5;9m  [38;2;116;61;68m  [38;2;84;46;51m██[38;2;31;19;23m██[38;2;32;19;23m██[38;2;70;55;51m██[38;2;250;211;176m██████████████████[38;2;221;189;158m██[38;2;250;211;176m██[38;2;202;167;142m██[38;2;120;64;63m██[38;2;81;44;49m██[38;2;86;46;52m██[38;2;2;0;1m  [38;2;0;0;0m            
[38;2;0;0;0m    [38;2;23;8;13m  [38;2;0;0;0m  [38;2;97;51;58m██[38;2;31;17;22m██[38;2;32;19;23m██[38;2;143;121;104m██[38;2;250;211;176m██████[38;2;249;213;178m██[38;2;209;174;148m██[38;2;243;207;173m██[38;2;250;211;176m████[38;2;250;212;176m██[38;2;143;118;101m██[38;2;222;190;160m██[38;2;250;211;176m████[38;2;30;18;22m██[38;2;38;21;26m██[38;2;128;68;75m  [38;2;54;26;31m  [38;2;0;0;0m          
[38;2;0;0;0m      [38;2;41;19;24m  [38;2;91;48;55m██[38;2;31;17;22m██[38;2;32;19;23m██[38;2;200;169;143m██[38;2;250;211;176m████[38;2;127;107;92m██[38;2;246;210;175m██[38;2;202;155;134m██[38;2;248;209;174m██[38;2;250;211;176m████[38;2;229;186;157m██[38;2;208;161;138m██[38;2;250;212;177m██[38;2;132;112;96m██[38;2;250;211;176m██[38;2;60;34;38m██[38;2;31;19;23m██[38;2;32;19;23m██[38;2;29;10;17m  [38;2;0;0;0m          
[38;2;0;0;0m    [38;2;13;1;7m  [38;2;57;26;33m  [38;2;82;45;50m██[38;2;32;17;22m██[38;2;32;19;23m██[38;2;239;205;171m██[38;2;250;212;177m██[38;2;222;191;160m██[38;2;250;211;176m████[38;2;250;212;176m██[38;2;238;197;165m██[38;2;250;211;176m████[38;2;244;204;171m██[38;2;250;211;176m██████[38;2;243;207;172m██[38;2;81;44;50m██[38;2;29;12;20m  [38;2;0;0;0m              
[38;2;0;0;0m      [38;2;80;40;47m  [38;2;32;19;23m██████[38;2;245;209;175m██[38;2;250;211;176m████[38;2;239;203;170m██[38;2;232;197;165m██[38;2;243;207;173m██[38;2;250;211;176m████████[38;2;207;173;146m██[38;2;248;213;178m██[38;2;231;197;165m██[38;2;250;212;177m██[38;2;72;39;44m██[38;2;32;19;23m██[38;2;6;0;3m  [38;2;0;0;0m            
[38;2;0;0;0m    [38;2;94;46;55m  [38;2;77;42;47m██[38;2;31;19;22m██[38;2;31;18;22m██[38;2;32;19;23m██[38;2;83;69;61m██[38;2;250;211;176m██[38;2;241;205;171m██[38;2;51;30;34m██[38;2;46;26;30m██[38;2;164;140;119m██[38;2;250;211;176m████████[38;2;251;213;177m██[38;2;191;163;138m██[38;2;38;22;25m██[38;2;247;214;178m██[38;2;33;20;23m██[38;2;31;13;20m  [38;2;29;11;19m  [38;2;0;0;0m            
[38;2;0;0;0m        [38;2;30;12;17m  [38;2;31;18;22m██[38;2;31;17;22m██[38;2;32;19;23m██[38;2;229;197;165m██[38;2;238;202;169m██[38;2;232;200;167m██[38;2;250;211;176m████████[38;2;231;195;164m██[38;2;224;180;152m██[38;2;250;211;176m██████[38;2;214;182;153m██[38;2;32;19;23m██[38;2;97;52;58m██[38;2;21;7;12m  [38;2;0;0;0m            
[38;2;0;0;0m        [38;2;33;16;22m  [38;2;120;88;79m  [38;2;125;92;82m██[38;2;65;49;46m██[38;2;31;19;22m██[38;2;244;209;175m██[38;2;250;211;176m████████████[38;2;248;210;176m██[38;2;250;211;176m██████[38;2;159;133;114m██[38;2;28;9;17m  [38;2;12;1;7m  [38;2;0;0;0m              
[38;2;0;0;0m      [38;2;13;1;7m  [38;2;13;2;8m  [38;2;22;16;15m  [38;2;222;190;160m██[38;2;167;130;114m██[38;2;144;123;105m██[38;2;251;213;177m██[38;2;250;211;176m████████████████████[38;2;177;155;133m██[38;2;0;0;0m                  
[38;2;0;0;0m            [38;2;24;19;16m  [38;2;187;161;139m██[38;2;250;212;177m██[38;2;250;211;176m██████[38;2;230;196;164m██[38;2;223;187;158m██[38;2;222;187;158m██[38;2;221;188;158m██[38;2;249;211;176m██[38;2;231;195;164m██[38;2;250;211;176m████[38;2;24;6;14m  [38;2;0;0;0m                  
[38;2;0;0;0m              [38;2;51;35;45m  [38;2;40;23;33m  [38;2;247;211;176m██[38;2;250;211;176m██████████[38;2;209;170;144m██[38;2;250;211;176m██████[38;2;224;195;163m  [38;2;128;114;120m  [38;2;0;0;0m                  
[38;2;0;0;0m              [38;2;180;155;161m██[38;2;141;133;136m  [38;2;31;19;23m██[38;2;233;201;168m██[38;2;250;211;176m████████[38;2;250;213;177m██[38;2;250;211;176m████[38;2;172;147;125m  [38;2;0;0;0m  [38;2;173;162;166m  [38;2;0;0;0m                  
[38;2;0;0;0m              [38;2;209;205;207m██[38;2;141;132;136m  [38;2;21;6;13m  [38;2;70;45;45m██[38;2;182;144;125m██[38;2;251;214;178m██[38;2;250;211;176m████████[38;2;130;102;89m██[38;2;30;14;20m  [38;2;0;0;0m  [38;2;189;182;185m  [38;2;0;0;0m                  
[38;2;0;0;0m              [38;2;192;190;193m██[38;2;156;146;151m  [38;2;37;21;31m  [38;2;168;148;167m██[38;2;205;157;135m██[38;2;160;120;105m██[38;2;32;12;20m██[38;2;146;122;105m██[38;2;180;152;129m██[38;2;109;79;71m██[38;2;178;138;127m██[38;2;176;169;206m██[38;2;12;1;6m  [38;2;183;190;193m  [38;2;0;0;0m                  
[38;2;0;0;0m              [38;2;194;202;204m██[38;2;140;139;147m  [38;2;179;172;209m██[38;2;141;118;125m██[38;2;205;157;135m████[38;2;200;152;132m██[38;2;25;4;15m██[38;2;108;77;70m██[38;2;205;157;135m██[38;2;186;140;122m██[38;2;167;159;193m██[38;2;181;174;212m██[38;2;75;65;73m  [38;2;0;0;0m                  
[38;2;0;0;0m              [38;2;121;112;119m  [38;2;176;168;205m██[38;2;179;172;209m██[38;2;183;140;125m██[38;2;205;157;135m██████████[38;2;206;158;136m██[38;2;194;147;128m██[38;2;169;161;196m██[38;2;179;172;209m████[38;2;102;93;99m  [38;2;11;1;5m  [38;2;0;0;0m              
[38;2;0;0;0m          [38;2;49;43;50m  [38;2;223;219;245m██[38;2;230;228;234m██[38;2;247;246;254m██[38;2;198;193;221m██[38;2;187;143;126m██[38;2;205;157;135m██████████[38;2;194;148;128m██[38;2;205;157;135m██[38;2;177;170;208m██[38;2;179;172;209m██[38;2;244;243;252m██[38;2;245;244;250m██[38;2;221;218;244m██[38;2;208;169;126m██[38;2;215;167;107m██[38;2;193;144;89m  [38;2;102;63;32m  [38;2;22;8;1m  [38;2;0;0;0m  [38;2;73;35;14m  
[38;2;0;0;0m      [38;2;30;11;21m  [38;2;214;210;234m██[38;2;208;202;228m██[38;2;222;218;246m██[38;2;247;246;254m██████[38;2;216;186;164m██[38;2;223;179;152m██[38;2;187;142;123m██[38;2;205;157;135m██████[38;2;188;143;124m██[38;2;208;160;138m██[38;2;213;209;231m██[38;2;247;246;254m██[38;2;237;230;230m██[38;2;189;151;106m██[38;2;186;132;99m██[38;2;175;151;124m██[38;2;175;152;128m██[38;2;173;150;126m██[38;2;177;151;123m██[38;2;184;153;118m██[38;2;183;138;97m██[38;2;207;102;50m██
[38;2;0;0;0m    [38;2;27;9;18m  [38;2;203;198;221m██[38;2;222;218;246m██[38;2;205;199;225m██[38;2;224;220;247m██[38;2;247;246;254m██████[38;2;206;191;184m██[38;2;220;187;158m██[38;2;244;208;174m██[38;2;237;196;165m██[38;2;214;168;143m██[38;2;221;177;150m██[38;2;236;200;168m██[38;2;218;186;156m██[38;2;247;246;254m██[38;2;249;248;254m██[38;2;170;149;127m██[38;2;172;150;128m██[38;2;191;170;143m██[38;2;192;171;144m██[38;2;193;172;145m██[38;2;194;173;145m██[38;2;193;172;144m██[38;2;187;166;140m██[38;2;171;150;128m██[38;2;169;148;126m██
[38;2;0;0;0m  [38;2;19;3;11m  [38;2;223;219;247m██[38;2;219;214;241m██[38;2;222;218;246m██[38;2;206;200;226m██[38;2;223;219;247m██[38;2;247;246;254m██████[38;2;242;241;248m██[38;2;250;211;176m████[38;2;227;194;163m██[38;2;250;211;176m██[38;2;210;181;152m██[38;2;250;211;176m██[38;2;241;205;171m██[38;2;247;246;254m██[38;2;248;247;254m██[38;2;191;170;143m██[38;2;171;150;127m██[38;2;178;157;133m██[38;2;178;153;130m██[38;2;189;168;141m██[38;2;185;164;138m██[38;2;227;201;173m██[38;2;161;137;118m██[38;2;187;166;140m██[38;2;166;146;130m██
[38;2;0;0;0m  [38;2;201;196;217m██[38;2;222;218;246m██████[38;2;204;199;224m██[38;2;222;218;246m██[38;2;244;243;249m██[38;2;247;246;254m██████[38;2;244;208;173m██[38;2;250;211;176m██████████[38;2;215;206;204m██[38;2;247;246;254m████[38;2;149;130;120m██[38;2;154;132;114m██[38;2;177;157;132m██[38;2;253;221;189m██[38;2;175;154;130m██[38;2;184;164;138m██[38;2;215;190;163m██[38;2;153;132;122m██[38;2;195;169;146m██[38;2;216;190;165m██
[38;2;35;17;27m  [38;2;222;218;245m██[38;2;222;218;246m██[38;2;223;219;247m██[38;2;222;218;246m██[38;2;207;201;226m██[38;2;222;218;246m██[38;2;208;203;215m██[38;2;247;246;254m██████[38;2;213;199;191m██[38;2;250;211;176m████████[38;2;222;193;166m██[38;2;247;246;254m██████[38;2;239;237;243m██[38;2;220;196;169m██[38;2;116;99;103m██[38;2;239;204;171m██[38;2;119;101;105m██[38;2;110;93;96m██[38;2;250;211;176m██[38;2;205;176;151m██[38;2;206;167;143m██[38;2;241;206;172m██[0m
