
[38;2;0;0;0m                      [38;2;14;14;14m  [38;2;33;32;32m██[38;2;47;44;44m██[38;2;51;47;47m████████████[38;2;43;40;40m██[38;2;18;18;18m  [38;2;0;0;0m                
[38;2;0;0;0m                  [38;2;14;14;14m  [38;2;27;26;26m██[38;2;32;26;30m██[38;2;48;45;45m██[38;2;51;47;47m████████████████[38;2;50;46;46m██[38;2;13;13;13m  [38;2;0;0;0m              
[38;2;0;0;0m                [38;2;18;18;18m  [38;2;50;46;46m██[38;2;47;42;43m██[38;2;20;13;19m██[38;2;39;34;36m██[38;2;51;47;47m████[38;2;45;40;42m██[38;2;36;31;33m██[38;2;52;48;47m██[38;2;51;47;47m████████[38;2;42;39;39m██[38;2;5;5;5m  [38;2;9;9;9m  [38;2;147;133;134m██[38;2;13;13;13m  [38;2;0;0;0m      
[38;2;0;0;0m              [38;2;14;14;14m  [38;2;50;46;46m██[38;2;47;43;43m██[38;2;51;47;47m████[38;2;44;40;41m██[38;2;73;69;67m██[38;2;170;162;152m██[38;2;204;192;178m██[38;2;249;233;216m██[38;2;255;237;219m██[38;2;169;161;149m██[38;2;74;68;68m██[38;2;35;30;33m██[38;2;51;47;47m████[38;2;18;18;18m  [38;2;79;72;72m  [38;2;255;219;221m██[38;2;13;13;13m  [38;2;0;0;0m      
[38;2;0;0;0m            [38;2;5;5;5m  [38;2;36;34;34m██[38;2;47;44;44m██[38;2;51;47;47m████[38;2;21;14;20m██[38;2;238;223;208m██[38;2;255;235;217m██████████████[38;2;255;236;218m██[38;2;43;37;40m██[38;2;20;13;19m██[38;2;106;97;98m██[38;2;208;190;192m██[38;2;17;17;17m  [38;2;0;0;0m        
[38;2;0;0;0m            [38;2;18;18;18m  [38;2;51;47;47m██████[38;2;49;45;45m██[38;2;123;116;111m██[38;2;255;235;217m████████████████████[38;2;49;44;44m██[38;2;160;145;146m██[38;2;214;191;193m██[38;2;147;131;132m  [38;2;86;78;78m  [38;2;9;9;9m  [38;2;0;0;0m    
[38;2;0;0;0m            [38;2;37;34;34m██[38;2;47;44;44m██[38;2;51;47;47m████[38;2;26;20;25m██[38;2;255;235;217m██████████████████████[38;2;255;236;219m██[38;2;20;13;19m██[38;2;38;31;36m██[38;2;239;210;211m██[38;2;119;107;108m██[38;2;0;0;0m      
[38;2;0;0;0m          [38;2;9;9;9m  [38;2;51;47;47m██[38;2;49;45;45m██[38;2;51;47;47m████[38;2;91;84;82m██[38;2;255;235;217m██[38;2;254;235;217m██[38;2;220;208;193m██[38;2;255;235;217m████████████[38;2;228;215;199m██[38;2;255;235;217m████[38;2;41;35;37m██[38;2;51;47;47m██[38;2;18;18;18m    [38;2;0;0;0m      
[38;2;0;0;0m          [38;2;18;18;18m  [38;2;51;47;47m████████[38;2;252;235;218m██[38;2;255;235;217m████████████████████████[38;2;171;160;150m██[38;2;51;47;47m██[38;2;36;34;34m██[38;2;0;0;0m        
[38;2;0;0;0m          [38;2;34;33;33m██[38;2;51;47;47m██████[38;2;43;38;40m██[38;2;255;235;217m██████████████████████████[38;2;234;219;202m██[38;2;51;47;47m██[38;2;48;45;45m██[38;2;5;5;5m  [38;2;0;0;0m      
[38;2;0;0;0m        [38;2;5;5;5m  [38;2;50;46;46m██[38;2;49;45;45m██[38;2;51;47;47m████[38;2;30;24;28m██[38;2;255;235;217m██████[38;2;71;69;65m██[38;2;247;230;213m██[38;2;255;235;217m██████████[38;2;144;137;128m██[38;2;255;236;218m██[38;2;255;235;217m██[38;2;237;222;205m██[38;2;51;47;47m██[38;2;52;48;48m██[38;2;9;9;9m  [38;2;0;0;0m      
[38;2;0;0;0m        [38;2;14;14;14m  [38;2;51;47;47m██[38;2;48;45;45m██[38;2;51;47;47m████[38;2;21;15;20m██[38;2;255;235;217m██████[38;2;196;184;171m██[38;2;255;236;218m██[38;2;255;235;217m██████████[38;2;94;91;85m██[38;2;254;235;218m██[38;2;255;235;217m██[38;2;206;194;181m██[38;2;47;43;44m██[38;2;51;47;47m██[38;2;19;19;19m  [38;2;0;0;0m      
[38;2;0;0;0m        [38;2;20;19;19m  [38;2;51;47;47m██[38;2;35;30;33m██[38;2;51;47;47m████[38;2;39;30;34m██[38;2;255;235;217m██████████████[38;2;241;223;206m██[38;2;255;235;217m██████████[38;2;248;232;215m██[38;2;33;28;31m██[38;2;51;47;47m██[38;2;18;18;18m  [38;2;0;0;0m      
[38;2;0;0;0m        [38;2;43;40;40m██[38;2;51;47;47m██[38;2;22;16;21m██[38;2;51;47;47m████[38;2;72;59;59m██[38;2;253;233;215m██[38;2;255;235;217m████████████████████████[38;2;255;237;220m██[38;2;22;16;21m██[38;2;51;47;47m██[38;2;32;31;31m██[38;2;0;0;0m      
[38;2;0;0;0m      [38;2;17;17;17m  [38;2;51;47;47m██[38;2;49;45;45m██[38;2;21;14;19m██[38;2;51;47;47m████[38;2;51;52;45m██[38;2;126;143;105m██[38;2;142;163;116m██[38;2;135;155;111m██[38;2;153;172;126m██[38;2;126;138;105m██[38;2;124;136;103m██[38;2;121;133;101m██[38;2;119;130;99m██[38;2;121;130;101m██[38;2;117;126;98m██[38;2;105;119;87m██[38;2;130;139;110m██[38;2;146;151;127m██[38;2;108;120;90m██[38;2;20;14;19m██[38;2;51;47;47m██[38;2;37;31;34m██[38;2;9;9;9m  [38;2;0;0;0m    
[38;2;0;0;0m    [38;2;5;5;5m  [38;2;44;41;41m██[38;2;51;47;47m██[38;2;27;20;25m██[38;2;20;13;19m██[38;2;51;47;47m████[38;2;57;52;47m██[38;2;103;103;83m██[38;2;132;151;108m██[38;2;144;165;118m████[38;2;145;166;119m██[38;2;144;165;118m████[38;2;143;165;118m██[38;2;144;165;118m████[38;2;148;168;121m██[38;2;143;164;117m██[38;2;150;170;123m██[38;2;142;158;117m██[38;2;97;108;80m██[38;2;51;47;47m██[38;2;22;15;21m██[38;2;20;19;19m  [38;2;0;0;0m    
[38;2;0;0;0m    [38;2;21;21;21m  [38;2;51;47;47m████[38;2;20;13;19m████[38;2;51;47;47m████[38;2;84;50;56m██[38;2;122;114;94m██[38;2;131;150;108m██[38;2;144;165;118m████[38;2;145;166;119m██[38;2;143;164;118m██[38;2;144;165;118m████[38;2;145;166;118m████[38;2;146;167;119m██[38;2;144;165;118m████[38;2;126;144;104m██[38;2;116;133;96m██[38;2;51;47;47m██[38;2;21;14;20m██[38;2;51;47;47m██[38;2;9;9;9m  [38;2;0;0;0m  
[38;2;0;0;0m  [38;2;14;14;14m  [38;2;51;47;47m████[38;2;41;36;38m██[38;2;20;13;19m████[38;2;51;47;47m████[38;2;74;81;65m██[38;2;111;108;88m██[38;2;80;89;69m██[38;2;88;98;76m██[38;2;94;105;81m██[38;2;86;96;74m██[38;2;85;95;74m████[38;2;89;99;77m██[38;2;94;105;81m██[38;2;83;93;72m██[38;2;86;95;74m██[38;2;89;99;77m██[38;2;82;91;71m██[38;2;88;98;76m██[38;2;53;56;47m██[38;2;42;37;38m██[38;2;27;20;25m██[38;2;51;47;47m██[38;2;29;28;28m  [38;2;0;0;0m  
[38;2;5;5;5m  [38;2;45;42;42m██[38;2;51;47;47m████[38;2;20;14;19m██[38;2;24;17;23m██[38;2;20;13;19m██[38;2;50;46;47m██[38;2;51;47;47m██[38;2;42;42;37m██[38;2;95;106;82m██[38;2;61;65;53m██[38;2;121;117;101m██[38;2;91;102;79m██[38;2;148;137;121m██[38;2;163;161;143m██[38;2;168;164;146m██[38;2;172;167;149m██[38;2;171;166;148m██[38;2;152;149;131m██[38;2;72;79;63m██[38;2;58;62;51m██[38;2;62;65;54m██[38;2;94;106;81m██[38;2;20;13;19m██[38;2;31;25;28m██[38;2;35;29;32m██[38;2;35;30;32m██[38;2;51;47;47m██[38;2;13;13;13m  
[38;2;28;27;27m  [38;2;51;47;47m████[38;2;23;16;22m  [38;2;19;16;19m  [38;2;41;36;38m██[38;2;20;13;19m██[38;2;40;36;37m██[38;2;51;47;47m██[38;2;24;18;23m██[38;2;20;13;19m██[38;2;36;25;32m██[38;2;41;27;36m██[38;2;100;83;88m██[38;2;195;171;167m██[38;2;217;201;186m██[38;2;231;216;200m██[38;2;242;224;207m██[38;2;226;212;196m██[38;2;194;181;173m██[38;2;40;26;35m██[38;2;20;13;19m████████[38;2;21;15;20m██[38;2;43;38;40m██[38;2;18;18;18m  [38;2;51;47;47m██[38;2;39;36;36m██
[38;2;51;47;47m████[38;2;29;22;27m██[38;2;5;5;5m  [38;2;23;17;21m██[38;2;32;26;30m██[38;2;20;13;19m██[38;2;28;23;26m██[38;2;51;47;47m██[38;2;26;20;24m██[38;2;59;45;48m██[38;2;52;38;44m██[38;2;41;27;36m██[38;2;122;93;99m██[38;2;228;202;201m██[38;2;211;187;185m██[38;2;224;190;178m████[38;2;224;198;197m██[38;2;217;191;191m██[38;2;41;27;36m██[38;2;59;44;49m██[38;2;20;13;19m████████[38;2;50;46;46m██[38;2;10;10;10m  [38;2;24;23;23m  [38;2;51;47;47m██
[38;2;51;47;47m██[38;2;34;28;32m██[38;2;14;14;14m  [38;2;5;5;5m  [38;2;51;47;47m██[38;2;22;15;20m██[38;2;20;13;19m██[38;2;20;14;19m██[38;2;51;47;47m██[38;2;60;49;51m██[38;2;70;54;57m████[38;2;68;52;55m██[38;2;169;111;124m██[38;2;220;195;194m██[38;2;228;202;201m██[38;2;222;197;196m██[38;2;201;172;163m██[38;2;228;202;201m██[38;2;185;143;149m██[38;2;70;54;57m████[38;2;37;28;32m██[38;2;20;13;19m██████[38;2;43;38;40m██[38;2;10;8;9m  [38;2;10;10;10m  [38;2;50;46;46m██
[38;2;35;30;33m██[38;2;18;18;18m  [38;2;0;0;0m  [38;2;13;13;13m  [38;2;51;47;47m██[38;2;20;13;19m██████[38;2;51;47;47m██[38;2;65;51;54m██[38;2;70;54;57m██████[38;2;246;174;177m██[38;2;186;126;136m██[38;2;228;202;201m██[38;2;229;203;202m██[38;2;228;202;201m████[38;2;230;159;166m██[38;2;67;52;55m██[38;2;70;54;57m████[38;2;20;13;19m██████[38;2;47;43;44m██[38;2;10;7;10m  [38;2;0;0;0m  [38;2;26;24;25m██
[38;2;20;14;19m██[38;2;0;0;0m    [38;2;23;23;23m██[38;2;51;47;47m██[38;2;20;13;19m████[38;2;27;19;24m██[38;2;51;47;47m██[38;2;71;55;58m██[38;2;70;54;57m██████[38;2;223;158;161m██[38;2;218;155;158m██[38;2;213;185;185m██[38;2;208;191;190m██[38;2;237;215;214m██[38;2;198;178;178m██[38;2;219;156;158m██[38;2;80;61;64m██[38;2;70;54;57m████[38;2;54;41;45m██[38;2;20;13;19m████[38;2;44;40;41m██[38;2;15;12;14m  [38;2;5;4;5m  [38;2;20;13;19m██
[38;2;20;14;19m██[38;2;0;0;0m  [38;2;15;15;15m  [38;2;48;44;44m██[38;2;39;34;36m██[38;2;20;13;19m████[38;2;51;45;46m██[38;2;36;31;34m██[38;2;70;54;57m██████[38;2;68;52;55m██[38;2;216;154;157m██[38;2;221;157;160m██[38;2;244;172;175m██[38;2;242;231;230m██[38;2;249;238;236m██[38;2;210;151;153m██[38;2;213;154;156m██[38;2;119;87;90m██[38;2;70;54;57m██████[38;2;20;13;19m████[38;2;42;38;39m██[38;2;19;16;19m  [38;2;20;14;19m  [38;2;25;18;23m██
[38;2;20;13;19m██[38;2;10;10;10m  [38;2;18;18;18m  [38;2;51;47;47m██[38;2;23;17;22m██[38;2;20;13;19m██[38;2;31;24;28m██[38;2;51;47;47m██[38;2;55;42;46m██[38;2;70;54;57m██[38;2;69;53;56m██[38;2;70;54;57m██[38;2;95;71;74m██[38;2;245;173;176m██[38;2;232;166;169m██[38;2;234;166;169m██[38;2;215;155;157m██[38;2;235;168;171m██[38;2;245;173;176m██[38;2;244;172;175m██[38;2;153;111;113m██[38;2;70;54;57m██████[38;2;58;45;48m██[38;2;20;13;19m██[38;2;49;45;45m██[38;2;23;18;22m  [38;2;20;13;19m██[38;2;28;24;26m██
[38;2;20;13;19m██[38;2;18;18;18m  [38;2;46;43;43m██[38;2;51;47;47m██[38;2;20;13;19m████[38;2;51;47;47m██[38;2;24;18;23m██[38;2;70;54;57m████[38;2;53;39;45m██[38;2;70;54;57m██[38;2;138;103;105m██[38;2;208;150;153m██[38;2;216;154;157m██[38;2;231;164;167m██[38;2;215;155;158m██[38;2;242;172;174m██[38;2;244;172;175m██[38;2;218;156;158m██[38;2;184;132;135m██[38;2;70;54;57m██[38;2;68;53;55m██[38;2;70;54;57m████[38;2;20;13;19m██[38;2;51;47;47m██[38;2;26;20;25m██[38;2;20;13;19m██[38;2;18;18;18m  
[38;2;44;40;41m██[38;2;20;18;19m██[38;2;51;47;47m██[38;2;47;43;44m██[38;2;20;13;19m██[38;2;44;41;41m██[38;2;44;40;41m██[38;2;60;47;50m██[38;2;70;54;57m████[38;2;46;33;40m██[38;2;71;55;58m██[38;2;195;143;145m██[38;2;237;168;172m██[38;2;229;163;166m██[38;2;181;132;134m██[38;2;216;155;158m██[38;2;244;172;175m██[38;2;217;157;159m██[38;2;224;160;163m██[38;2;192;143;142m██[38;2;70;54;57m██[38;2;58;44;48m██[38;2;70;54;57m████[38;2;37;29;32m██[38;2;51;47;47m██[38;2;24;18;23m██[38;2;20;14;19m██[38;2;4;4;4m  [0m
