
[38;2;0;0;0m            [38;2;5;5;5m  [38;2;42;27;29m██[38;2;38;17;22m██[38;2;36;16;20m██[38;2;41;18;23m██[38;2;27;11;15m██████████[38;2;46;30;30m██[38;2;63;45;42m██[38;2;53;36;34m██[38;2;28;13;16m████[38;2;27;11;15m██████[38;2;30;13;17m██[38;2;27;11;15m██[38;2;45;20;25m██[38;2;125;63;70m██[38;2;105;54;61m██[38;2;13;13;13m  
[38;2;0;0;0m          [38;2;4;4;4m  [38;2;30;23;24m  [38;2;130;65;73m██[38;2;129;64;72m██[38;2;28;12;16m██[38;2;27;11;15m██████[38;2;60;43;40m██[38;2;184;156;129m██[38;2;241;205;169m██[38;2;249;212;174m██[38;2;251;213;175m██████████[38;2;172;146;122m██[38;2;40;24;25m██[38;2;27;11;15m██████[38;2;37;16;21m██[38;2;130;65;73m██[38;2;9;9;9m  
[38;2;0;0;0m  [38;2;9;9;9m  [38;2;0;0;0m  [38;2;5;5;5m  [38;2;19;19;19m  [38;2;26;22;22m██[38;2;130;65;73m██[38;2;129;64;72m██[38;2;27;11;15m████[38;2;92;45;52m██[38;2;111;55;62m██[38;2;28;12;16m██[38;2;215;182;150m██[38;2;251;213;175m████████████████████[38;2;104;73;65m██[38;2;27;11;15m████[38;2;72;35;41m██[38;2;97;51;57m██[38;2;0;0;0m  
[38;2;0;0;0m  [38;2;18;18;18m  [38;2;29;23;23m██[38;2;45;29;32m██[38;2;91;49;54m██[38;2;130;65;73m██[38;2;103;51;58m██[38;2;27;11;15m████[38;2;93;46;52m██[38;2;28;11;15m██[38;2;31;15;18m██[38;2;251;213;175m████████████████████[38;2;236;200;165m██[38;2;117;51;53m████[38;2;70;32;34m██[38;2;27;11;15m██[38;2;116;58;65m██[38;2;23;20;21m  [38;2;0;0;0m  
[38;2;0;0;0m    [38;2;18;18;18m  [38;2;105;55;61m██[38;2;96;47;54m██[38;2;29;12;16m██[38;2;27;11;15m██████████[38;2;156;133;111m██[38;2;251;213;175m████████████████████[38;2;167;127;109m██[38;2;152;103;91m██[38;2;117;51;53m██[38;2;138;87;79m██[38;2;27;11;15m██[38;2;129;65;73m██[38;2;28;22;23m██[38;2;0;0;0m  
[38;2;0;0;0m      [38;2;18;18;18m  [38;2;29;23;23m██[38;2;107;56;62m██[38;2;131;66;74m██[38;2;129;65;73m██[38;2;27;11;15m██████[38;2;251;213;175m██████████[38;2;250;213;175m██[38;2;120;93;82m██[38;2;250;213;175m██[38;2;251;213;175m██████[38;2;171;144;121m██[38;2;242;205;169m██[38;2;227;190;157m██[38;2;116;51;53m██[38;2;56;31;32m██[38;2;28;11;15m██[38;2;131;65;73m██[38;2;18;18;18m  
[38;2;0;0;0m          [38;2;9;9;9m  [38;2;18;18;18m██[38;2;81;40;46m██[38;2;30;13;17m██[38;2;27;11;15m██[38;2;161;134;113m██[38;2;251;213;175m██████[38;2;247;210;173m██[38;2;163;135;114m██[38;2;238;203;167m██[38;2;251;213;175m████████████[38;2;131;103;90m██[38;2;251;213;175m██[38;2;130;77;72m██[38;2;88;40;42m██[38;2;27;11;15m██[38;2;103;51;58m██[38;2;44;29;31m██
[38;2;0;0;0m          [38;2;4;4;4m  [38;2;59;35;38m██[38;2;80;39;45m██[38;2;60;28;34m██[38;2;27;11;15m██[38;2;62;45;41m██[38;2;251;213;175m██████████████████████████[38;2;150;124;105m██[38;2;251;213;175m██[38;2;146;109;94m██[38;2;27;11;15m██[38;2;130;65;73m██[38;2;18;18;18m  
[38;2;0;0;0m          [38;2;18;18;18m  [38;2;129;65;72m██[38;2;45;22;26m██[38;2;46;21;26m██[38;2;27;11;15m██[38;2;169;142;118m██[38;2;251;213;175m██████████████████████████████[38;2;217;186;153m██[38;2;70;34;40m██[38;2;83;45;50m██[38;2;5;5;5m  
[38;2;0;0;0m  [38;2;4;4;4m  [38;2;18;18;18m    [38;2;28;23;23m██[38;2;109;56;63m██[38;2;58;28;33m██[38;2;90;45;51m██[38;2;46;21;25m██[38;2;27;11;15m██[38;2;237;202;167m██[38;2;251;213;175m██████████████████████████████[38;2;185;156;129m██[38;2;105;52;59m██[38;2;18;18;18m  [38;2;0;0;0m  
[38;2;0;0;0m    [38;2;8;8;8m  [38;2;35;25;26m  [38;2;120;60;68m██[38;2;28;12;16m██[38;2;27;11;15m██[38;2;69;35;40m██[38;2;84;41;47m██[38;2;27;11;15m██[38;2;209;178;147m██[38;2;251;213;175m████[38;2;139;121;101m██[38;2;76;67;58m██[38;2;16;16;17m██[38;2;251;213;175m████████████[38;2;247;210;173m██[38;2;251;213;175m██████[38;2;138;113;95m██[38;2;97;48;54m██[38;2;18;18;18m  [38;2;0;0;0m  
[38;2;0;0;0m        [38;2;19;19;19m  [38;2;83;45;50m██[38;2;77;40;45m██[38;2;249;213;175m██[38;2;129;65;73m██[38;2;27;11;15m████[38;2;250;212;174m██[38;2;251;213;175m██[38;2;160;137;114m██[38;2;252;215;176m██[38;2;251;213;175m██████████████[38;2;60;54;47m██[38;2;163;141;117m██[38;2;251;213;175m████[38;2;89;70;61m██[38;2;64;30;36m██[38;2;61;36;39m██[38;2;5;5;5m  
[38;2;0;0;0m        [38;2;4;4;4m  [38;2;103;53;60m██[38;2;198;161;136m██[38;2;251;214;176m██[38;2;173;145;122m██[38;2;106;52;59m██[38;2;48;32;31m██[38;2;26;10;14m██[38;2;234;199;164m██[38;2;251;213;175m████████████████████[38;2;173;149;123m██[38;2;204;175;145m██[38;2;251;213;175m██[38;2;29;14;17m██[38;2;27;11;15m██[38;2;98;48;55m██[38;2;99;52;58m██[0m
