
[38;2;0;0;0m                                      [38;2;34;35;30m██[38;2;122;122;117m██[38;2;0;0;0m              
[38;2;0;0;0m                                    [38;2;254;251;241m██[38;2;3;0;1m██[38;2;0;0;0m  [38;2;255;251;240m██[38;2;0;0;0m            
[38;2;0;0;0m                                    [38;2;9;15;17m  [38;2;0;0;0m    [38;2;255;251;240m██[38;2;0;0;0m            
[38;2;0;0;0m                                      [38;2;154;151;148m██[38;2;255;252;240m██[38;2;0;0;0m              
[38;2;0;0;0m                      [38;2;250;251;247m██[38;2;143;144;159m██[38;2;164;162;176m██[38;2;250;250;249m██[38;2;2;2;3m  [38;2;0;0;0m      [38;2;255;253;251m██[38;2;8;8;17m  [38;2;0;0;0m              
[38;2;0;0;0m                  [38;2;165;162;162m██[38;2;251;250;246m██[38;2;250;250;248m██[38;2;249;251;250m██[38;2;168;133;121m██[38;2;141;110;85m██[38;2;250;250;248m████[38;2;0;0;0m    [38;2;252;252;242m██[38;2;144;142;137m██[38;2;0;0;0m              
[38;2;255;251;240m██[38;2;21;22;18m██[38;2;255;251;240m██[38;2;6;6;4m  [38;2;0;0;0m      [38;2;4;4;5m  [38;2;49;49;48m██[38;2;231;230;236m██[38;2;220;218;229m██[38;2;220;217;224m██[38;2;111;73;59m██[38;2;192;159;140m██[38;2;215;182;162m██[38;2;156;120;100m██[38;2;249;251;247m██[38;2;205;203;204m██[38;2;7;8;9m██[38;2;0;0;0m                  
[38;2;1;9;3m  [38;2;0;0;0m  [38;2;255;252;242m██[38;2;10;16;3m  [38;2;0;0;0m    [38;2;159;156;182m██[38;2;144;143;150m██[38;2;131;131;132m██[38;2;137;108;96m██[38;2;124;84;66m██[38;2;224;222;232m██[38;2;224;221;231m██[38;2;225;222;233m██████[38;2;225;222;232m██[38;2;218;209;214m██[38;2;233;229;224m██[38;2;121;89;77m██[38;2;0;0;0m                
[38;2;0;0;0m  [38;2;254;250;238m██[38;2;0;0;0m      [38;2;162;158;183m██[38;2;197;193;211m██[38;2;194;193;209m██[38;2;153;124;111m██[38;2;225;222;233m████[38;2;225;222;230m██[38;2;225;222;231m██[38;2;225;222;232m██[38;2;147;137;173m██[38;2;162;153;184m██[38;2;188;180;205m██[38;2;161;159;182m██[38;2;208;202;223m██[38;2;155;126;123m██[38;2;11;12;9m██[38;2;0;0;0m              
[38;2;0;0;0m  [38;2;14;14;14m██[38;2;0;0;0m    [38;2;137;137;166m██[38;2;16;16;14m██[38;2;144;108;82m██[38;2;148;120;108m██[38;2;226;223;232m██[38;2;205;200;220m██[38;2;206;201;217m██[38;2;94;57;34m██[38;2;188;180;207m██[38;2;205;200;222m██[38;2;206;201;222m██[38;2;206;201;221m██[38;2;171;161;192m██[38;2;172;165;196m██[38;2;194;189;210m██[38;2;253;253;251m██[38;2;222;220;231m██[38;2;208;50;108m██[38;2;0;0;0m            
[38;2;0;0;0m  [38;2;33;33;31m██[38;2;0;0;0m    [38;2;162;158;183m██[38;2;123;32;66m██[38;2;30;29;24m██[38;2;226;222;230m██[38;2;208;200;221m██[38;2;249;247;250m██[38;2;203;198;214m██[38;2;165;131;118m██[38;2;162;131;114m██[38;2;155;148;181m██[38;2;135;124;165m██[38;2;210;206;222m██[38;2;221;220;231m██[38;2;215;209;225m██[38;2;113;110;135m██[38;2;208;201;219m██[38;2;224;221;230m██[38;2;22;24;21m██[38;2;137;29;77m██[38;2;0;0;0m          
[38;2;0;0;0m      [38;2;49;8;24m██[38;2;190;45;101m██[38;2;124;22;69m██[38;2;209;50;108m██[38;2;198;47;102m██[38;2;206;201;221m██[38;2;208;203;222m██[38;2;139;131;166m██[38;2;172;138;123m██[38;2;170;137;123m██[38;2;201;198;216m██[38;2;206;201;221m████[38;2;206;202;220m██[38;2;225;222;233m██[38;2;107;98;144m██[38;2;77;70;126m██[38;2;168;162;192m██[38;2;225;222;233m██[38;2;152;44;91m██[38;2;0;0;0m          
[38;2;0;0;0m      [38;2;155;41;92m██[38;2;139;34;81m██[38;2;154;43;92m██[38;2;207;49;107m██[38;2;159;42;90m██[38;2;224;221;233m██[38;2;223;222;234m██[38;2;162;161;189m██[38;2;224;223;229m██[38;2;254;247;238m██[38;2;199;196;203m██[38;2;225;222;233m████████[38;2;70;61;121m██[38;2;255;246;237m██[38;2;203;201;209m██[38;2;225;222;233m██[38;2;9;7;8m██[38;2;0;0;0m          
[38;2;0;0;0m      [38;2;16;4;9m██[38;2;119;25;69m██[38;2;128;27;75m██[38;2;153;43;90m██[38;2;187;47;101m██[38;2;225;222;231m██[38;2;169;219;240m██[38;2;225;222;230m██[38;2;170;144;154m██[38;2;255;246;237m██[38;2;130;129;135m██[38;2;208;204;220m██[38;2;224;221;232m██[38;2;223;220;231m████[38;2;146;96;94m██[38;2;42;40;37m██[38;2;255;246;236m██[38;2;225;222;231m██[38;2;7;8;4m██[38;2;0;0;0m  [38;2;255;253;248m██[38;2;255;251;240m██[38;2;255;252;240m██[38;2;0;0;0m  
[38;2;0;0;0m      [38;2;157;154;183m██[38;2;146;143;163m██[38;2;20;3;10m██[38;2;163;159;182m██[38;2;225;222;233m██[38;2;224;223;233m██[38;2;224;233;243m██[38;2;69;61;120m██[38;2;127;122;118m██[38;2;174;186;182m██[38;2;100;129;40m██[38;2;175;169;178m██[38;2;186;182;196m██[38;2;167;162;167m██[38;2;255;248;235m██[38;2;163;174;168m██[38;2;117;141;66m██[38;2;238;228;217m██[38;2;225;222;233m██[38;2;6;7;4m  [38;2;0;0;0m  [38;2;253;252;241m██[38;2;0;0;0m  [38;2;13;18;13m██[38;2;189;187;177m██
[38;2;0;0;0m      [38;2;161;157;182m██[38;2;162;157;187m██[38;2;220;217;228m██[38;2;164;160;185m██[38;2;225;222;233m██[38;2;224;221;232m██[38;2;225;222;233m██[38;2;97;70;51m██[38;2;180;193;186m██[38;2;243;246;230m██[38;2;120;144;68m██[38;2;117;142;69m██[38;2;255;246;237m██████[38;2;252;253;240m██[38;2;174;194;131m██[38;2;71;63;122m██[38;2;161;156;182m██[38;2;24;31;14m██[38;2;0;0;0m    [38;2;254;250;239m██[38;2;137;134;129m██[38;2;0;0;0m  
[38;2;0;0;0m    [38;2;4;4;4m  [38;2;161;157;182m████[38;2;169;165;188m██[38;2;164;161;186m██[38;2;226;223;232m██[38;2;147;142;173m██[38;2;224;221;232m██[38;2;80;71;126m██[38;2;250;251;237m██[38;2;252;252;237m██[38;2;201;222;156m██[38;2;201;222;154m██[38;2;255;246;237m██████[38;2;252;252;238m██[38;2;226;241;177m██[38;2;254;247;237m██[38;2;205;201;219m██[38;2;226;223;233m██[38;2;0;0;0m    [38;2;255;252;240m██[38;2;0;0;0m    
[38;2;0;0;0m    [38;2;151;147;171m██[38;2;126;119;154m██[38;2;161;157;182m██████[38;2;163;159;184m██[38;2;167;164;189m██[38;2;115;105;147m██[38;2;215;209;228m██[38;2;255;246;237m██[38;2;254;246;237m██[38;2;84;115;20m██[38;2;250;245;233m██[38;2;255;246;237m████[38;2;254;245;236m██[38;2;255;246;237m██████[38;2;225;223;234m██[38;2;224;223;231m██[38;2;0;0;0m    [38;2;254;250;239m██[38;2;0;0;0m    
[38;2;0;0;0m    [38;2;14;14;15m██[38;2;161;157;182m████[38;2;116;108;147m██[38;2;161;157;182m██[38;2;162;158;184m██[38;2;163;159;184m██[38;2;162;158;185m██[38;2;255;246;237m██[38;2;254;246;236m██[38;2;236;236;232m██[38;2;255;246;237m████████[38;2;226;194;185m██[38;2;255;246;237m████[38;2;120;60;36m██[38;2;222;219;231m██[38;2;217;213;227m██[38;2;34;39;35m██[38;2;0;0;0m        
[38;2;0;0;0m      [38;2;161;157;182m████████[38;2;149;143;174m██[38;2;162;158;183m██[38;2;163;159;184m██[38;2;96;38;16m██[38;2;254;248;239m██[38;2;129;150;167m██[38;2;255;246;237m██████████[38;2;255;245;239m██[38;2;103;42;13m██[38;2;62;63;90m██[38;2;47;48;76m██[38;2;161;157;184m██[38;2;0;0;0m          
[38;2;0;0;0m        [38;2;9;9;9m  [38;2;153;137;174m██[38;2;153;138;172m██[38;2;152;139;171m██[38;2;163;158;186m██[38;2;162;158;183m██[38;2;13;16;20m██[38;2;115;119;148m██[38;2;120;119;148m██[38;2;86;50;35m██[38;2;98;37;18m██[38;2;108;44;18m██[38;2;104;40;18m██[38;2;101;91;75m██[38;2;64;29;2m██[38;2;0;0;0m  [38;2;48;52;80m██[38;2;165;168;159m██[38;2;0;0;0m            
[38;2;0;0;0m              [38;2;10;14;7m██[38;2;10;11;7m  [38;2;36;38;41m██[38;2;162;158;183m██[38;2;12;7;7m  [38;2;3;1;2m██[38;2;171;150;133m██[38;2;165;125;88m██[38;2;170;170;187m██[38;2;140;92;68m██[38;2;245;237;209m██[38;2;206;208;218m██[38;2;2;3;1m██[38;2;0;0;0m                
[38;2;0;0;0m                      [38;2;11;12;6m██[38;2;120;82;54m██[38;2;150;133;118m██[38;2;153;42;90m██[38;2;30;19;13m██[38;2;214;171;129m██[38;2;222;182;146m██[38;2;162;132;99m██[38;2;194;194;209m██[38;2;0;0;0m                
[38;2;0;0;0m                  [38;2;247;247;247m██[38;2;49;43;53m██[38;2;54;49;56m██[38;2;246;246;246m██[38;2;160;36;83m██[38;2;207;50;108m██[38;2;7;12;5m██[38;2;91;87;94m██[38;2;37;31;41m██[38;2;169;129;89m██[38;2;19;22;13m  [38;2;0;0;0m                
[38;2;0;0;0m              [38;2;5;7;6m  [38;2;246;244;245m██[38;2;236;236;240m██[38;2;41;35;45m██[38;2;14;15;8m██[38;2;187;185;192m██[38;2;120;87;51m██[38;2;144;108;72m██[38;2;163;128;91m██[38;2;32;30;36m██[38;2;52;49;56m██[38;2;7;7;9m██[38;2;0;0;0m                  
[38;2;0;0;0m            [38;2;83;54;20m██[38;2;247;247;244m██[38;2;246;246;244m██[38;2;165;127;90m██[38;2;0;0;0m  [38;2;177;150;115m██[38;2;2;4;4m██[38;2;167;164;188m██[38;2;136;96;62m██[38;2;33;30;34m██[38;2;48;13;25m██[38;2;8;9;5m██[38;2;94;14;51m██[38;2;210;48;109m██[38;2;211;73;125m██[38;2;77;20;37m  [38;2;0;0;0m            
[38;2;0;0;0m            [38;2;206;173;181m██[38;2;68;28;2m██[38;2;65;25;1m██[38;2;51;15;29m██[38;2;13;9;6m██[38;2;180;179;195m██[38;2;252;254;253m██[38;2;28;26;30m██[38;2;4;4;4m██[38;2;195;194;210m██[38;2;90;27;55m██[38;2;167;126;90m██[38;2;189;189;207m██[38;2;154;42;89m██[38;2;153;43;92m██[38;2;146;26;73m██[38;2;0;0;0m            
[38;2;0;0;0m          [38;2;24;24;1m  [38;2;139;139;151m██[38;2;16;21;14m  [38;2;0;0;0m  [38;2;111;20;59m██[38;2;167;129;92m██[38;2;252;251;251m██[38;2;10;11;11m██[38;2;205;51;108m██[38;2;9;7;4m██[38;2;191;159;124m██[38;2;111;72;33m██[38;2;11;9;5m██[38;2;42;41;48m██[38;2;176;176;173m██[38;2;17;14;12m██[38;2;0;0;0m              
[38;2;0;0;0m            [38;2;188;180;191m  [38;2;0;0;0m  [38;2;207;52;107m██[38;2;152;43;92m██[38;2;73;76;69m██[38;2;155;43;93m██[38;2;207;49;107m██[38;2;28;21;25m██[38;2;244;246;244m██[38;2;98;62;26m██[38;2;190;193;208m██[38;2;193;192;208m██[38;2;10;11;10m██[38;2;190;191;210m██[38;2;166;126;84m██[38;2;14;10;4m██[38;2;136;33;80m██[38;2;0;0;0m          
[38;2;0;0;0m              [38;2;11;6;6m  [38;2;209;48;108m██[38;2;0;0;0m  [38;2;71;17;36m██[38;2;208;50;108m██[38;2;169;169;190m██[38;2;170;171;191m██[38;2;79;79;86m██[38;2;112;114;116m██[38;2;36;36;38m██[38;2;168;162;190m██[38;2;27;26;29m██[38;2;77;65;92m██[38;2;34;37;29m██[38;2;77;64;91m██[38;2;149;44;92m██[38;2;207;75;103m██[38;2;0;0;0m        [0m
