
[38;2;22;1;19m  [38;2;27;0;3m  [38;2;30;0;1m  [38;2;30;19;28m  [38;2;6;0;1m  [38;2;0;0;0m    [38;2;1;1;1m  [38;2;23;21;21m  [38;2;70;59;60m  [38;2;47;22;21m  [38;2;17;6;11m  [38;2;26;15;20m  [38;2;32;16;18m  [38;2;54;36;42m  [38;2;64;45;50m  [38;2;30;11;21m  [38;2;32;9;20m  [38;2;64;42;52m  [38;2;26;7;16m  [38;2;21;9;17m██[38;2;19;11;15m  [38;2;21;5;12m  [38;2;67;54;59m  [38;2;5;1;1m  [38;2;0;0;0m        
[38;2;45;8;26m  [38;2;22;1;11m  [38;2;28;2;11m  [38;2;43;12;21m  [38;2;72;21;36m  [38;2;59;46;52m  [38;2;15;4;7m  [38;2;49;35;37m  [38;2;62;37;41m  [38;2;27;9;16m  [38;2;36;25;33m██[38;2;46;40;47m██[38;2;48;44;51m██[38;2;46;40;46m██[38;2;33;23;30m██[38;2;43;36;43m██[38;2;45;38;45m██[38;2;43;35;44m██[38;2;27;17;25m██[38;2;43;34;42m██[38;2;49;44;50m████[38;2;28;17;24m██[38;2;37;14;23m  [38;2;68;28;29m  [38;2;3;0;0m  [38;2;0;0;0m      
[38;2;89;59;101m  [38;2;97;65;114m██[38;2;103;69;123m██[38;2;89;70;96m██[38;2;68;40;76m  [38;2;46;19;36m  [38;2;31;11;20m  [38;2;43;28;33m  [38;2;28;17;25m  [38;2;45;38;46m██[38;2;48;44;51m████[38;2;33;28;35m██[38;2;25;19;26m██[38;2;43;36;43m██[38;2;38;30;38m██[38;2;23;18;25m██[38;2;37;32;40m██[38;2;45;42;48m██[38;2;46;42;49m██[38;2;27;24;31m██[38;2;32;27;35m██[38;2;48;42;49m██[38;2;24;14;20m  [38;2;68;24;31m  [38;2;13;2;8m  [38;2;0;0;0m      
[38;2;147;152;156m██[38;2;168;157;174m██[38;2;193;188;195m██[38;2;127;113;134m██[38;2;138;103;157m██[38;2;102;74;113m██[38;2;58;33;63m██[38;2;28;17;27m██[38;2;49;43;50m██[38;2;49;44;51m████[38;2;39;34;41m██[38;2;13;8;15m██[38;2;12;8;15m██[38;2;16;8;16m██[38;2;36;28;36m██[38;2;31;26;33m██[38;2;46;41;48m██[38;2;45;40;47m██[38;2;20;15;22m██[38;2;14;9;16m██[38;2;15;12;18m██[38;2;46;42;49m██[38;2;46;40;48m██[38;2;35;16;25m  [38;2;72;50;69m  [38;2;0;0;0m      
[38;2;138;93;168m██[38;2;151;149;157m██[38;2;238;243;240m██[38;2;207;210;208m██[38;2;243;245;246m██[38;2;132;121;132m██[38;2;112;98;122m██[38;2;41;34;44m██[38;2;43;39;46m██[38;2;49;43;51m██[38;2;49;44;51m██[38;2;19;15;22m██[38;2;13;9;16m██[38;2;14;9;16m██[38;2;12;9;16m██[38;2;14;9;16m██[38;2;30;22;31m██[38;2;49;45;51m██[38;2;20;14;21m██[38;2;14;8;14m██[38;2;14;9;16m██[38;2;14;7;14m██[38;2;39;30;38m██[38;2;48;45;51m██[38;2;38;31;38m  [38;2;43;35;38m  [38;2;3;3;3m  [38;2;0;0;0m    
[38;2;116;86;129m██[38;2;174;164;180m██[38;2;223;229;224m██[38;2;172;176;173m██[38;2;244;250;246m██[38;2;167;169;169m██[38;2;75;69;75m██[38;2;40;34;41m██[38;2;24;21;27m██[38;2;47;42;49m██[38;2;37;33;40m██[38;2;12;8;15m██[38;2;12;9;16m████[38;2;20;15;20m██[38;2;31;22;28m██[38;2;114;98;99m██[38;2;81;68;67m██[38;2;88;76;74m██[38;2;92;80;79m██[38;2;67;54;55m██[38;2;27;15;19m██[38;2;26;18;26m██[38;2;49;44;51m██[38;2;45;41;48m  [38;2;74;53;57m  [38;2;16;12;12m  [38;2;0;0;0m    
[38;2;121;80;144m██[38;2;123;93;139m██[38;2;233;235;236m██[38;2;239;244;242m██[38;2;190;192;190m██[38;2;83;79;84m██[38;2;44;39;45m██[38;2;41;36;42m██[38;2;15;11;19m██[38;2;46;41;49m██[38;2;27;23;31m██[38;2;16;11;19m██[38;2;23;15;20m██[38;2;117;103;101m██[38;2;202;187;179m██[38;2;233;218;208m██[38;2;238;221;208m██[38;2;248;231;217m██[38;2;247;231;217m██[38;2;251;235;221m██[38;2;248;232;218m██[38;2;219;203;193m██[38;2;95;79;78m██[38;2;38;31;39m██[38;2;47;42;50m██[38;2;43;25;31m  [38;2;26;12;12m  [38;2;0;0;0m    
[38;2;62;39;68m  [38;2;150;155;161m██[38;2;161;154;165m██[38;2;233;237;236m██[38;2;128;127;128m██[38;2;45;39;45m██[38;2;38;32;39m██[38;2;37;33;41m██[38;2;13;10;18m██[38;2;43;40;47m██[38;2;23;19;27m██[38;2;45;33;37m██[38;2;182;163;160m██[38;2;251;233;220m██[38;2;251;235;220m██[38;2;251;235;221m██████[38;2;252;236;222m██[38;2;251;235;222m██[38;2;251;236;220m██[38;2;250;236;222m██[38;2;237;220;207m██[38;2;71;60;63m██[38;2;48;44;52m██[38;2;17;8;15m  [38;2;52;34;38m  [38;2;49;14;42m  [38;2;5;1;1m  
[38;2;34;11;21m  [38;2;123;85;142m██[38;2;189;180;196m██[38;2;196;199;198m██[38;2;46;39;44m██[38;2;37;30;38m██[38;2;46;43;50m██[38;2;29;25;32m██[38;2;12;9;16m██[38;2;29;26;33m██[38;2;21;17;25m██[38;2;110;92;92m██[38;2;245;227;215m██[38;2;253;234;220m██[38;2;251;235;220m██████████[38;2;251;235;221m██[38;2;252;236;220m██[38;2;251;235;221m██[38;2;251;235;220m██[38;2;167;155;151m██[38;2;34;28;36m██[38;2;18;12;19m██[38;2;25;15;22m  [38;2;50;31;37m  [38;2;78;47;50m  
[38;2;39;18;22m  [38;2;111;75;132m██[38;2;184;174;188m██[38;2;194;196;198m██[38;2;38;30;37m██[38;2;47;43;49m██[38;2;47;43;51m██[38;2;20;17;25m██[38;2;11;9;16m██[38;2;13;11;20m██[38;2;22;20;28m██[38;2;117;101;101m██[38;2;253;234;223m██[38;2;246;230;217m██[38;2;204;187;177m██[38;2;221;205;192m██[38;2;251;235;220m██████[38;2;249;234;221m██[38;2;196;180;170m██[38;2;159;143;135m██[38;2;232;215;204m██[38;2;230;215;205m██[38;2;33;23;27m██[38;2;13;11;18m██[38;2;32;27;34m██[38;2;32;21;28m██[38;2;42;23;26m  
[38;2;35;12;14m  [38;2;123;81;146m██[38;2;163;141;176m██[38;2;164;162;164m██[38;2;42;36;43m██[38;2;48;44;51m██[38;2;47;43;50m██[38;2;13;11;19m██[38;2;12;10;17m██[38;2;13;10;19m██[38;2;35;31;39m██[38;2;152;137;134m██[38;2;209;192;183m██[38;2;136;120;112m██[38;2;211;195;185m██[38;2;250;234;220m██[38;2;252;236;221m████[38;2;251;235;220m██[38;2;251;236;220m██[38;2;251;235;220m██[38;2;232;216;207m██[38;2;150;133;126m██[38;2;238;222;212m██[38;2;125;113;112m██[38;2;13;9;18m██[38;2;18;14;23m██[38;2;46;39;50m██[38;2;22;6;12m  
[38;2;38;15;17m  [38;2;65;37;73m  [38;2;85;68;95m██[38;2;116;111;115m██[38;2;36;32;41m██[38;2;47;44;51m██[38;2;44;42;49m██[38;2;12;10;17m██[38;2;24;21;29m██[38;2;16;12;20m██[38;2;66;56;58m██[38;2;188;173;166m██[38;2;212;195;185m██[38;2;250;234;219m██[38;2;251;235;220m██████[38;2;252;236;221m██[38;2;251;235;220m██[38;2;252;236;221m██████[38;2;250;235;220m██[38;2;193;178;165m██[38;2;215;202;194m██[38;2;22;14;25m██[38;2;20;14;30m██[38;2;52;41;67m██[38;2;26;12;16m  
[38;2;31;8;8m  [38;2;33;10;17m  [38;2;109;97;116m██[38;2;34;23;36m██[38;2;43;36;44m██[38;2;52;44;61m██[38;2;54;46;66m██[38;2;22;16;32m██[38;2;48;40;61m██[38;2;26;17;34m██[38;2;155;140;138m██[38;2;230;216;205m██[38;2;251;235;221m██[38;2;251;235;220m████████████████[38;2;252;236;220m██[38;2;251;236;219m██[38;2;244;228;212m██[38;2;227;213;203m██[38;2;57;44;70m██[38;2;36;25;63m██[38;2;63;46;94m██[38;2;22;5;12m  
[38;2;8;7;7m  [38;2;57;35;35m  [38;2;58;33;55m  [38;2;28;15;31m██[38;2;23;16;24m██[38;2;56;43;73m██[38;2;72;56;103m██[38;2;44;30;70m██[38;2;73;57;107m██[38;2;54;37;76m██[38;2;224;208;201m██[38;2;251;235;220m████[38;2;250;233;218m██[38;2;240;219;205m██[38;2;234;212;199m██[38;2;250;233;218m██[38;2;250;235;220m██[38;2;251;235;220m██[38;2;251;234;219m██[38;2;235;214;200m██[38;2;234;215;200m██[38;2;243;228;213m██[38;2;252;236;220m██[38;2;233;219;209m██[38;2;61;45;77m██[38;2;57;41;99m██[38;2;75;54;121m██[38;2;23;6;18m  
[38;2;0;0;0m  [38;2;29;26;27m  [38;2;50;30;35m  [38;2;17;8;17m██[38;2;12;9;15m██[38;2;38;25;56m██[38;2;90;65;140m██[38;2;68;47;113m██[38;2;90;68;139m██[38;2;84;60;126m██[38;2;222;206;202m██[38;2;251;234;220m██[38;2;229;212;199m██[38;2;218;197;184m██[38;2;215;194;182m██[38;2;182;160;149m██[38;2;238;220;207m██[38;2;251;235;220m████[38;2;247;230;215m██[38;2;212;186;174m██[38;2;214;194;180m██[38;2;205;189;177m██[38;2;250;234;220m██[38;2;232;218;207m██[38;2;59;41;72m██[38;2;71;49;121m██[38;2;87;63;137m██[38;2;44;26;63m  
[38;2;1;0;0m  [38;2;28;12;14m  [38;2;61;33;59m  [38;2;68;44;75m██[38;2;17;11;19m██[38;2;38;23;59m██[38;2;95;67;148m██[38;2;84;61;137m██[38;2;96;70;149m██[38;2;96;69;148m██[38;2;211;192;197m██[38;2;248;231;221m██[38;2;144;125;120m██[38;2;66;48;46m██[38;2;57;39;39m██[38;2;112;96;94m██[38;2;238;221;210m██[38;2;251;235;220m██████[38;2;194;177;171m██[38;2;60;44;44m██[38;2;53;38;38m██[38;2;137;121;119m██[38;2;229;211;204m██[38;2;60;43;81m██[38;2;86;61;138m██[38;2;92;67;146m██[38;2;88;63;133m██
[38;2;4;2;2m  [38;2;65;42;46m  [38;2;49;34;47m  [38;2;73;55;80m██[38;2;21;17;23m██[38;2;60;40;88m██[38;2;98;68;150m██[38;2;93;67;149m██[38;2;97;70;151m██[38;2;95;69;147m██[38;2;153;132;155m██[38;2;121;103;99m██[38;2;62;43;41m██[38;2;171;153;146m██[38;2;209;192;185m██[38;2;187;171;163m██[38;2;246;231;218m██[38;2;251;235;221m████[38;2;250;235;220m██[38;2;194;180;171m██[38;2;179;163;155m██[38;2;181;165;159m██[38;2;90;74;72m██[38;2;149;132;129m██[38;2;71;53;98m██[38;2;95;70;149m██[38;2;81;56;122m██[38;2;49;28;62m██
[38;2;5;1;1m  [38;2;49;26;30m  [38;2;58;32;59m  [38;2;114;84;133m██[38;2;14;9;16m██[38;2;70;49;102m██[38;2;61;38;88m██[38;2;90;65;137m██[38;2;93;66;143m██[38;2;78;53;116m██[38;2;72;48;95m██[38;2;117;98;103m██[38;2;247;230;218m██[38;2;252;236;221m██[38;2;251;235;220m████████[38;2;251;234;220m██[38;2;243;223;209m██[38;2;250;235;220m██[38;2;251;235;219m██[38;2;251;235;220m██[38;2;246;230;218m██[38;2;189;173;171m██[38;2;40;23;47m██[38;2;76;53;112m██[38;2;29;11;30m██[38;2;27;11;12m  
[38;2;3;0;0m  [38;2;71;25;25m  [38;2;46;25;38m  [38;2;121;95;134m██[38;2;46;28;56m██[38;2;34;21;49m██[38;2;109;86;117m██[38;2;90;63;97m██[38;2;62;42;63m██[38;2;81;59;123m██[38;2;143;129;134m██[38;2;149;130;132m██[38;2;251;235;220m██[38;2;250;235;222m██[38;2;251;235;220m████[38;2;252;236;221m████[38;2;248;233;218m██[38;2;221;202;188m██[38;2;251;235;220m██████[38;2;250;234;220m██[38;2;198;184;181m██[38;2;22;9;17m██[38;2;36;19;43m██[38;2;18;0;7m  [38;2;49;29;23m  
[38;2;0;1;0m  [38;2;41;66;36m  [38;2;66;42;62m  [38;2;131;90;159m██[38;2;35;16;35m██[38;2;15;8;17m██[38;2;88;70;79m██[38;2;94;71;72m██[38;2;62;48;50m██[38;2;45;33;64m██[38;2;169;154;152m██[38;2;236;220;208m██[38;2;248;232;219m██[38;2;250;235;221m██[38;2;251;235;220m██[38;2;249;233;219m██[38;2;213;198;188m██[38;2;196;185;179m██[38;2;198;189;184m██[38;2;203;191;187m██[38;2;214;196;189m██[38;2;250;235;220m██[38;2;251;235;220m████[38;2;177;164;159m██[38;2;25;13;21m██[38;2;19;5;8m  [38;2;80;63;61m  [38;2;49;34;29m  
[38;2;6;7;6m  [38;2;84;70;66m  [38;2;98;62;111m  [38;2;76;46;81m  [38;2;39;21;26m  [38;2;16;5;13m██[38;2;110;90;90m██[38;2;159;132;127m██[38;2;60;45;49m██[38;2;15;9;20m██[38;2;153;140;136m██[38;2;251;234;219m██[38;2;251;235;220m██████[38;2;242;227;214m██[38;2;155;130;126m██[38;2;204;169;169m██[38;2;191;157;156m██[38;2;135;106;109m██[38;2;134;112;108m██[38;2;251;235;220m██████[38;2;112;103;104m██[38;2;34;21;36m██[38;2;82;68;64m  [38;2;67;49;41m  [38;2;43;37;32m  
[38;2;66;50;49m  [38;2;50;27;46m  [38;2;96;63;112m██[38;2;55;39;42m  [38;2;64;47;46m  [38;2;22;9;16m  [38;2;79;62;66m██[38;2;201;175;169m██[38;2;92;73;91m██[38;2;24;17;37m██[38;2;136;121;130m██[38;2;250;234;220m██[38;2;251;235;220m████[38;2;252;236;221m██[38;2;250;234;219m██[38;2;170;124;118m██[38;2;205;132;123m██[38;2;206;132;124m██[38;2;156;94;90m██[38;2;155;134;128m██[38;2;251;235;220m██[38;2;250;235;220m██[38;2;237;222;213m██[38;2;51;38;63m██[38;2;59;41;81m██[38;2;50;37;42m  [38;2;33;29;17m  [38;2;0;0;0m  
[38;2;60;39;55m  [38;2;122;88;144m  [38;2;75;51;59m  [38;2;73;68;67m  [38;2;6;6;6m  [38;2;43;26;29m  [38;2;20;8;15m██[38;2;52;36;49m██[38;2;81;60;118m██[38;2;37;26;68m██[38;2;105;84;124m██[38;2;251;237;222m██[38;2;251;235;220m████[38;2;252;236;220m██[38;2;250;235;221m██[38;2;194;162;152m██[38;2;203;131;120m██[38;2;205;133;122m██[38;2;188;123;113m██[38;2;199;183;174m██[38;2;250;235;221m██[38;2;250;234;220m██[38;2;175;160;169m██[38;2;49;32;87m██[38;2;87;63;135m██[38;2;54;33;76m  [38;2;54;38;37m  [38;2;13;10;10m  
[38;2;58;34;54m  [38;2;63;34;52m  [38;2;57;43;40m  [38;2;6;6;6m  [38;2;3;0;0m  [38;2;38;32;32m  [38;2;30;15;19m  [38;2;40;22;51m██[38;2;91;66;144m██[38;2;58;39;104m██[38;2;90;65;136m██[38;2;192;175;173m██[38;2;252;235;221m██[38;2;252;236;221m████[38;2;252;236;220m██[38;2;240;222;209m██[38;2;193;128;121m██[38;2;205;133;122m██[38;2;189;129;119m██[38;2;243;228;217m██[38;2;251;235;222m██[38;2;201;185;179m██[38;2;71;51;104m██[38;2;77;56;129m██[38;2;83;57;128m██[38;2;45;26;58m██[38;2;23;6;11m  [38;2;59;41;38m  
[38;2;57;34;34m  [38;2;94;76;74m  [38;2;8;8;8m  [38;2;0;0;0m      [38;2;47;34;34m  [38;2;46;26;59m██[38;2;84;60;129m██[38;2;74;51;126m██[38;2;95;69;152m██[38;2;101;78;113m██[38;2;219;202;191m██[38;2;248;234;218m██[38;2;251;236;220m██[38;2;250;236;220m██[38;2;251;235;220m██[38;2;214;179;170m██[38;2;186;122;121m██[38;2;191;153;146m██[38;2;251;235;222m██[38;2;209;192;186m██[38;2;54;38;50m██[38;2;59;40;104m██[38;2;94;69;151m██[38;2;81;57;129m██[38;2;33;15;35m  [38;2;53;42;34m  [38;2;68;59;52m  
[38;2;0;0;0m            [38;2;62;46;45m  [38;2;40;20;39m██[38;2;42;23;52m██[38;2;84;60;130m██[38;2;89;63;137m██[38;2;86;63;117m██[38;2;143;119;123m██[38;2;180;154;146m██[38;2;223;205;194m██[38;2;248;233;219m██[38;2;251;236;221m██[38;2;248;237;220m██[38;2;251;236;221m██[38;2;248;233;220m██[38;2;201;186;179m██[38;2;36;17;17m  [38;2;31;13;27m  [38;2;38;21;59m██[38;2;68;43;94m██[38;2;58;34;83m██[38;2;29;12;27m  [38;2;16;6;8m  [38;2;0;0;0m  [0m
