
[38;2;143;28;35m  [38;2;134;20;34m  [38;2;198;106;52m  [38;2;227;144;63m  [38;2;236;170;67m██[38;2;240;176;68m██[38;2;244;179;69m██[38;2;239;175;68m██[38;2;215;135;60m  [38;2;149;43;39m  [38;2;113;98;99m  [38;2;160;160;160m  [38;2;186;186;186m  [38;2;214;214;214m  [38;2;222;222;222m  [38;2;225;225;225m  [38;2;218;218;218m  [38;2;206;206;206m  [38;2;177;177;177m  [38;2;138;138;138m  [38;2;27;27;27m  [38;2;0;0;0m                  
[38;2;172;81;45m  [38;2;242;179;68m██[38;2;255;188;73m██[38;2;255;187;72m██[38;2;249;182;71m██[38;2;248;181;70m██[38;2;254;185;72m██[38;2;255;185;72m██[38;2;255;187;73m██[38;2;227;159;68m██[38;2;231;214;211m██[38;2;245;245;245m██[38;2;243;243;243m████████████[38;2;244;244;244m██[38;2;246;246;246m██[38;2;244;244;244m██[38;2;173;173;173m  [38;2;54;54;54m  [38;2;0;0;0m              
[38;2;243;177;69m██[38;2;255;186;72m██[38;2;230;169;64m██[38;2;175;89;47m  [38;2;182;43;47m  [38;2;190;41;46m  [38;2;160;77;34m  [38;2;248;181;70m██[38;2;255;185;72m██[38;2;234;163;57m██[38;2;228;208;190m██[38;2;243;243;243m████████████[38;2;240;240;240m██[38;2;243;243;243m██████[38;2;242;242;242m██[38;2;196;196;196m  [38;2;107;107;107m  [38;2;0;0;0m            
[38;2;255;186;72m██[38;2;246;180;70m██[38;2;180;45;47m  [38;2;143;10;33m  [38;2;0;0;0m  [38;2;58;23;28m  [38;2;166;94;88m██[38;2;235;172;63m██[38;2;255;186;72m██[38;2;202;129;66m██[38;2;230;215;217m██[38;2;243;243;243m████████[38;2;236;238;240m██[38;2;243;243;243m██[38;2;232;233;233m██[38;2;240;240;241m██[38;2;243;243;243m██████[38;2;246;246;246m██[38;2;201;201;201m██[38;2;72;74;76m██[38;2;10;35;51m  [38;2;2;5;6m  [38;2;0;0;0m      
[38;2;248;183;71m██[38;2;245;181;70m██[38;2;185;45;47m  [38;2;48;10;12m  [38;2;133;10;34m  [38;2;175;105;47m██[38;2;235;168;66m██[38;2;245;182;68m██[38;2;172;74;25m██[38;2;216;171;171m██[38;2;243;242;242m██[38;2;243;243;243m██████[38;2;245;245;244m██[38;2;195;205;223m██[38;2;237;238;240m██[38;2;238;237;238m██[38;2;236;236;237m██[38;2;243;243;243m████[38;2;239;242;243m██[38;2;242;243;243m██[38;2;242;242;242m██[38;2;148;155;161m██[38;2;34;111;155m██[38;2;39;89;121m  [38;2;7;23;33m  [38;2;0;0;0m    
[38;2;193;88;50m  [38;2;200;109;53m  [38;2;162;42;41m  [38;2;218;43;51m  [38;2;218;149;60m██[38;2;252;187;72m██[38;2;225;146;61m██[38;2;171;116;77m██[38;2;239;218;220m██[38;2;244;245;245m██[38;2;238;242;243m██[38;2;243;243;243m██████[38;2;246;245;245m██[38;2;169;184;212m██[38;2;230;233;238m██[38;2;243;243;243m██[38;2;218;219;221m██[38;2;245;245;245m██[38;2;243;243;243m██[38;2;226;240;244m██[38;2;207;236;245m██[38;2;245;243;243m██[38;2;244;244;243m██[38;2;72;111;137m██[38;2;47;106;141m██[38;2;64;128;161m██[38;2;17;22;25m  [38;2;0;0;0m  
[38;2;54;3;13m  [38;2;50;2;12m  [38;2;16;2;4m  [38;2;156;40;24m  [38;2;246;181;70m██[38;2;223;151;58m██[38;2;198;139;141m██[38;2;244;239;239m██[38;2;243;244;244m██[38;2;238;242;244m██[38;2;225;239;244m██[38;2;244;243;243m██[38;2;243;243;243m████[38;2;242;241;240m██[38;2;146;168;204m██[38;2;220;226;235m██[38;2;243;243;243m██[38;2;219;220;222m██[38;2;233;234;234m██[38;2;243;243;243m██[38;2;239;240;240m██[38;2;159;225;246m██[38;2;219;238;245m██[38;2;244;244;244m██[38;2;215;217;218m██[38;2;198;182;185m██[38;2;185;131;133m██[38;2;132;129;129m  [38;2;71;73;74m  
[38;2;0;0;0m    [38;2;0;32;48m  [38;2;119;99;113m██[38;2;230;163;61m██[38;2;244;179;66m██[38;2;192;118;83m██[38;2;246;246;246m██[38;2;243;243;243m██[38;2;228;240;244m██[38;2;229;240;244m██[38;2;243;243;243m████[38;2;244;244;244m██[38;2;212;212;211m██[38;2;124;156;200m██[38;2;202;217;231m██[38;2;243;243;243m██[38;2;244;244;244m██[38;2;164;167;170m██[38;2;243;243;243m██[38;2;232;231;231m██[38;2;187;205;212m██[38;2;146;226;251m██[38;2;237;242;243m██[38;2;242;242;242m██[38;2;158;88;88m██[38;2;180;67;67m██[38;2;236;236;235m██[38;2;245;245;245m██
[38;2;0;0;0m  [38;2;28;29;30m  [38;2;137;161;177m  [38;2;91;115;152m██[38;2;168;109;39m██[38;2;255;192;74m██[38;2;170;88;18m██[38;2;248;243;243m██[38;2;244;244;244m██[38;2;218;238;245m██[38;2;231;241;244m██[38;2;243;243;243m████[38;2;244;244;244m██[38;2;184;174;173m██[38;2;112;150;199m██[38;2;158;183;214m██[38;2;245;245;244m██[38;2;245;245;245m██[38;2;175;174;175m██[38;2;227;225;225m██[38;2;244;244;244m██[38;2;156;153;154m██[38;2;166;228;249m██[38;2;201;235;246m██[38;2;245;243;243m██[38;2;218;218;218m██[38;2;185;168;168m██[38;2;217;235;242m██[38;2;182;190;196m  
[38;2;137;137;137m  [38;2;164;164;164m██[38;2;180;115;116m██[38;2;227;184;184m██[38;2;198;130;133m██[38;2;159;90;45m██[38;2;195;98;76m██[38;2;218;181;155m██[38;2;236;217;212m██[38;2;196;233;248m██[38;2;236;242;244m██[38;2;243;243;243m████[38;2;242;242;242m██[38;2;184;148;141m██[38;2;103;144;195m██[38;2;112;148;196m██[38;2;213;219;229m██[38;2;245;245;245m██[38;2;210;197;195m██[38;2;197;179;175m██[38;2;246;246;246m██[38;2;203;203;203m██[38;2;172;181;186m██[38;2;142;225;251m██[38;2;243;243;243m██[38;2;247;247;247m██[38;2;164;165;166m██[38;2;244;243;243m██[38;2;174;224;242m██
[38;2;241;241;241m██[38;2;243;243;243m██[38;2;155;90;91m██[38;2;189;98;100m██[38;2;145;100;103m██[38;2;187;167;151m██[38;2;218;155;51m██[38;2;239;173;56m██[38;2;211;164;138m██[38;2;173;233;252m██[38;2;240;243;244m██[38;2;234;234;234m██[38;2;243;243;243m██[38;2;237;238;238m██[38;2;224;188;180m██[38;2;54;111;168m██[38;2;80;129;189m██[38;2;156;178;211m██[38;2;245;244;244m██[38;2;235;230;229m██[38;2;211;172;164m██[38;2;224;224;225m██[38;2;232;234;235m██[38;2;205;168;162m██[38;2;116;182;204m██[38;2;208;238;249m██[38;2;245;244;244m██[38;2;180;180;181m  [38;2;164;166;168m  [38;2;231;244;248m██
[38;2;193;194;196m  [38;2;207;214;228m██[38;2;176;178;180m██[38;2;183;182;185m██[38;2;208;211;214m██[38;2;207;184;172m██[38;2;216;149;49m██[38;2;223;157;43m██[38;2;216;167;143m██[38;2;139;217;238m██[38;2;242;243;244m██[38;2;196;196;197m██[38;2;244;244;244m██[38;2;234;234;234m██[38;2;240;227;220m██[38;2;115;130;165m██[38;2;76;128;189m██[38;2;82;144;198m██[38;2;239;239;239m██[38;2;232;228;227m██[38;2;245;231;224m██[38;2;208;194;188m██[38;2;220;211;207m██[38;2;246;226;217m██[38;2;174;151;150m██[38;2;171;199;211m██[38;2;240;240;240m██[38;2;214;215;218m  [38;2;26;28;31m  [38;2;192;197;202m  
[38;2;193;204;223m██[38;2;229;230;230m██[38;2;154;158;163m██[38;2;180;184;189m██[38;2;242;242;242m██[38;2;240;235;236m██[38;2;226;194;175m██[38;2;226;189;167m██[38;2;232;221;222m██[38;2;137;216;239m██[38;2;220;221;221m██[38;2;211;210;210m██[38;2;243;243;243m██[38;2;233;232;231m██[38;2;238;227;220m██[38;2;141;152;171m██[38;2;99;128;167m██[38;2;164;170;182m██[38;2;230;213;207m██[38;2;244;228;221m██[38;2;253;234;226m██[38;2;255;238;230m██[38;2;255;236;228m██[38;2;255;235;227m██[38;2;253;234;226m██[38;2;209;176;171m██[38;2;213;208;209m██[38;2;230;230;231m██[38;2;44;45;46m  [38;2;63;66;69m  
[38;2;220;225;234m██[38;2;165;164;164m██[38;2;138;142;146m██[38;2;240;241;241m██[38;2;244;244;244m██[38;2;227;227;227m██[38;2;243;245;245m████[38;2;226;225;224m██[38;2;144;226;250m██[38;2;210;198;197m██[38;2;212;211;210m██[38;2;232;228;227m██[38;2;210;203;199m██[38;2;237;221;213m██[38;2;247;228;219m██[38;2;255;238;229m████[38;2;255;236;228m████[38;2;200;185;179m██[38;2;202;187;180m██[38;2;249;231;223m██[38;2;255;236;228m████[38;2;225;195;187m██[38;2;220;209;208m██[38;2;237;238;237m██[38;2;53;53;53m  [38;2;20;28;31m  
[38;2;218;227;238m██[38;2;52;52;52m  [38;2;205;205;205m  [38;2;243;243;243m██[38;2;244;244;244m██[38;2;221;221;222m██[38;2;243;243;243m██[38;2;244;243;243m██[38;2;217;219;220m██[38;2;125;198;219m██[38;2;224;210;205m██[38;2;238;224;218m██[38;2;241;222;215m██[38;2;175;161;156m██[38;2;159;147;142m██[38;2;250;231;223m██[38;2;255;235;227m████████[38;2;253;234;227m██[38;2;219;197;190m██[38;2;224;206;199m██[38;2;227;210;203m██[38;2;150;91;88m██[38;2;220;192;183m██[38;2;228;217;214m██[38;2;241;242;242m██[38;2;58;58;58m  [38;2;2;4;4m  
[38;2;185;196;211m██[38;2;32;32;32m  [38;2;218;218;218m██[38;2;243;243;243m██[38;2;244;244;244m██[38;2;216;217;219m██[38;2;243;243;243m██[38;2;243;244;244m██[38;2;214;211;211m██[38;2;246;211;200m██[38;2;253;236;227m██[38;2;255;237;229m████[38;2;254;239;230m██[38;2;241;227;219m██[38;2;252;233;225m██[38;2;255;235;227m████████[38;2;255;237;228m██[38;2;176;163;158m██[38;2;6;19;28m██[38;2;47;49;51m██[38;2;100;92;94m██[38;2;240;223;214m██[38;2;226;218;216m██[38;2;244;244;245m██[38;2;61;61;61m  [38;2;0;0;0m  
[38;2;124;144;174m██[38;2;28;28;28m  [38;2;215;215;215m██[38;2;243;243;243m██[38;2;244;244;244m██[38;2;213;214;217m██[38;2;243;243;243m██[38;2;243;244;244m██[38;2;213;209;209m██[38;2;226;191;180m██[38;2;85;70;65m██[38;2;119;111;105m██[38;2;133;122;117m██[38;2;63;59;57m██[38;2;83;65;59m██[38;2;252;232;224m██[38;2;255;235;227m██████████[38;2;197;195;198m██[38;2;6;77;120m██[38;2;199;208;216m██[38;2;170;185;198m██[38;2;220;201;195m██[38;2;216;207;204m██[38;2;246;247;247m██[38;2;62;62;62m  [38;2;0;0;0m  
[38;2;59;73;96m  [38;2;38;38;38m  [38;2;212;212;212m  [38;2;243;243;243m██[38;2;244;244;244m██[38;2;213;214;216m██[38;2;243;243;243m██[38;2;243;244;244m██[38;2;211;211;212m██[38;2;253;229;220m██[38;2;231;221;216m██[38;2;1;25;65m██[38;2;21;47;85m██[38;2;122;143;156m██[38;2;182;188;193m██[38;2;255;237;228m██[38;2;255;235;227m████████[38;2;255;236;228m██[38;2;183;192;198m██[38;2;41;118;163m██[38;2;30;120;162m██[38;2;26;128;176m██[38;2;195;187;187m██[38;2;197;180;176m██[38;2;247;247;248m██[38;2;120;121;122m  [38;2;0;0;0m  
[38;2;0;0;0m  [38;2;27;27;27m  [38;2;202;202;202m  [38;2;243;243;243m██[38;2;244;244;244m██[38;2;211;214;216m██[38;2;243;243;243m████[38;2;220;222;223m██[38;2;247;225;217m██[38;2;222;220;220m██[38;2;7;82;126m██[38;2;53;110;145m██[38;2;219;227;233m██[38;2;157;170;183m██[38;2;255;238;229m██[38;2;255;235;227m██████████[38;2;210;210;211m██[38;2;83;163;206m██[38;2;121;217;241m██[38;2;95;195;230m██[38;2;220;188;178m██[38;2;232;181;169m██[38;2;223;221;221m██[38;2;147;147;148m  [38;2;0;0;0m  
[38;2;0;0;0m    [38;2;188;188;188m  [38;2;243;243;243m██[38;2;245;244;244m██[38;2;210;212;215m██[38;2;244;243;243m██[38;2;243;243;243m██[38;2;238;239;240m██[38;2;226;209;203m██[38;2;225;224;222m██[38;2;14;116;164m██[38;2;63;140;185m██[38;2;28;110;150m██[38;2;105;150;179m██[38;2;255;238;229m██[38;2;255;235;227m██████████[38;2;251;232;224m██[38;2;150;181;195m██[38;2;142;217;232m██[38;2;166;164;167m██[38;2;255;191;176m██[38;2;255;190;176m██[38;2;202;194;193m██[38;2;165;166;166m  [38;2;0;0;0m  
[38;2;0;0;0m  [38;2;14;14;14m  [38;2;201;201;201m  [38;2;243;243;243m██[38;2;245;245;244m██[38;2;209;211;214m██[38;2;244;244;244m██[38;2;230;233;237m██[38;2;218;219;221m██[38;2;213;203;200m██[38;2;252;247;242m██[38;2;103;148;177m██[38;2;109;209;239m██[38;2;119;219;243m██[38;2;182;194;200m██[38;2;255;237;229m██[38;2;255;235;227m████████████[38;2;254;234;225m██[38;2;244;224;215m██[38;2;253;203;190m██[38;2;255;190;176m██[38;2;225;160;145m██[38;2;213;215;221m██[38;2;185;185;186m  [38;2;0;0;0m  
[38;2;0;0;0m  [38;2;32;32;32m  [38;2;219;219;219m  [38;2;243;243;243m██[38;2;240;240;240m██[38;2;213;214;217m██[38;2;246;245;244m██[38;2;200;209;224m██[38;2;223;224;227m██[38;2;175;166;166m██[38;2;248;214;204m██[38;2;239;217;213m██[38;2;138;173;192m██[38;2;162;189;199m██[38;2;248;229;221m██[38;2;255;235;227m██[38;2;246;227;219m██[38;2;242;221;213m██[38;2;241;219;211m██[38;2;241;216;208m██[38;2;246;226;218m██[38;2;255;235;227m██████[38;2;255;231;222m██[38;2;244;192;180m██[38;2;168;164;180m██[38;2;202;211;227m██[38;2;207;207;208m██[38;2;0;0;0m  
[38;2;0;0;0m  [38;2;48;48;48m  [38;2;234;234;234m██[38;2;244;244;243m██[38;2;211;213;215m██[38;2;239;239;240m██[38;2;245;245;244m██[38;2;192;202;221m██[38;2;231;234;239m██[38;2;197;145;137m██[38;2;224;167;155m██[38;2;255;190;177m██[38;2;255;208;196m██[38;2;255;236;228m██[38;2;255;235;227m██[38;2;241;220;211m██[38;2;226;167;159m██[38;2;236;169;161m██[38;2;234;166;159m██[38;2;236;165;158m██[38;2;216;179;171m██[38;2;255;237;229m██[38;2;255;236;228m██[38;2;255;237;229m██[38;2;211;189;181m██[38;2;216;211;210m██[38;2;190;201;221m██[38;2;188;199;219m██[38;2;173;174;176m██[38;2;23;24;25m  
[38;2;0;0;0m  [38;2;86;86;86m  [38;2;173;173;174m  [38;2;243;243;243m██[38;2;203;206;209m██[38;2;227;229;230m██[38;2;245;245;244m██[38;2;183;197;219m██[38;2;220;229;238m██[38;2;204;158;150m██[38;2;253;190;175m██[38;2;255;191;177m██[38;2;255;202;190m██[38;2;255;237;229m██[38;2;255;236;228m██[38;2;224;190;182m██[38;2;234;160;153m██[38;2;235;165;158m██[38;2;236;169;162m██[38;2;219;162;154m██[38;2;238;215;206m██[38;2;248;229;220m██[38;2;226;206;200m██[38;2;176;158;156m██[38;2;151;155;162m██[38;2;225;225;225m██[38;2;175;190;216m██[38;2;182;195;216m██[38;2;59;59;58m  [38;2;34;34;35m  
[38;2;0;0;0m  [38;2;192;192;192m  [38;2;39;39;39m  [38;2;232;232;234m██[38;2;210;211;214m██[38;2;167;172;180m██[38;2;244;244;243m██[38;2;169;194;219m██[38;2;187;210;229m██[38;2;161;157;159m██[38;2;162;141;140m██[38;2;185;142;134m██[38;2;215;185;176m██[38;2;240;218;210m██[38;2;254;237;229m██[38;2;247;229;221m██[38;2;242;218;210m██[38;2;242;221;212m██[38;2;242;223;215m██[38;2;229;207;198m██[38;2;184;161;155m██[38;2;164;153;155m██[38;2;163;162;168m██[38;2;169;175;182m██[38;2;146;151;160m██[38;2;239;239;238m██[38;2;149;173;208m██[38;2;180;193;215m██[38;2;58;58;57m  [38;2;0;0;0m  
[38;2;71;71;71m  [38;2;61;61;61m  [38;2;0;0;0m  [38;2;194;196;198m██[38;2;208;210;212m██[38;2;188;191;196m██[38;2;237;237;237m██[38;2;185;208;227m██[38;2;145;176;211m██[38;2;193;194;196m██[38;2;165;171;178m██[38;2;145;152;159m██[38;2;143;149;156m██[38;2;120;106;107m██[38;2;220;160;150m██[38;2;232;174;164m██[38;2;169;139;133m██[38;2;168;159;160m██[38;2;109;88;90m██[38;2;154;156;163m██[38;2;170;176;184m██[38;2;171;176;184m██[38;2;170;175;182m████[38;2;146;152;159m██[38;2;248;248;247m██[38;2;94;148;199m██[38;2;184;195;215m██[38;2;55;55;55m  [38;2;0;0;0m  
[38;2;0;0;0m    [38;2;35;35;37m  [38;2;234;234;234m██[38;2;245;245;245m██[38;2;171;176;182m██[38;2;227;228;229m██[38;2;217;224;234m██[38;2;72;131;190m██[38;2;219;220;220m██[38;2;140;144;150m██[38;2;174;180;187m██[38;2;180;187;194m██[38;2;154;130;129m██[38;2;231;172;162m██[38;2;234;174;164m██[38;2;143;118;115m██[38;2;182;190;197m██[38;2;184;190;197m██[38;2;117;116;119m██[38;2;171;176;183m██[38;2;170;175;182m██████[38;2;160;163;168m██[38;2;222;223;226m██[38;2;56;136;194m██[38;2;193;200;214m██[38;2;48;48;47m  [38;2;0;0;0m  
[38;2;0;0;0m    [38;2;92;92;92m  [38;2;247;247;247m██[38;2;246;246;246m██[38;2;161;166;175m██[38;2;203;205;209m██[38;2;236;237;240m██[38;2;91;153;202m██[38;2;189;208;222m██[38;2;157;161;166m██[38;2;176;182;189m██[38;2;178;184;192m██[38;2;170;169;174m██[38;2;191;145;126m██[38;2;170;132;124m██[38;2;167;137;128m██[38;2;254;255;255m██[38;2;231;230;230m██[38;2;36;55;79m██[38;2;163;167;173m██[38;2;170;175;182m████[38;2;154;159;166m██[38;2;121;128;137m██[38;2;203;206;212m██[38;2;101;169;212m██[38;2;193;195;203m██[38;2;26;26;25m  [38;2;0;0;0m  
[38;2;0;0;0m    [38;2;132;132;132m  [38;2;246;246;246m████[38;2;145;152;160m██[38;2;146;152;161m██[38;2;241;241;240m██[38;2;139;168;206m██[38;2;122;185;210m██[38;2;138;137;140m██[38;2;57;62;106m██[38;2;163;167;172m██[38;2;218;222;225m██[38;2;217;204;180m██[38;2;211;170;93m██[38;2;219;176;95m██[38;2;245;238;223m██[38;2;79;126;154m██[38;2;38;103;143m██[38;2;131;144;155m██[38;2;171;176;183m████[38;2;149;154;161m██[38;2;164;169;177m██[38;2;172;186;197m██[38;2;129;201;234m██[38;2;160;158;156m██[38;2;0;0;0m    
[38;2;0;0;0m  [38;2;2;2;2m  [38;2;173;173;173m  [38;2;244;244;244m██[38;2;235;235;235m██[38;2;107;112;120m  [38;2;171;176;183m██[38;2;158;162;168m██[38;2;219;223;230m██[38;2;104;177;211m██[38;2;23;77;110m██[38;2;41;75;101m██[38;2;19;97;140m██[38;2;102;131;151m██[38;2;183;185;181m██[38;2;148;140;85m██[38;2;117;141;154m██[38;2;132;144;149m██[38;2;51;108;141m██[38;2;47;113;155m██[38;2;86;106;120m██[38;2;173;177;184m██[38;2;170;175;182m██[38;2;171;176;183m██[38;2;172;176;183m██[38;2;126;163;185m██[38;2;172;210;228m██[38;2;120;121;124m██[38;2;14;15;16m  [38;2;0;0;0m  [0m
