
[38;2;0;0;0m                  ████[38;2;166;135;9m██[38;2;255;209;16m██[38;2;255;210;17m██[38;2;255;210;18m████[38;2;255;210;17m██[38;2;255;209;16m██[38;2;166;135;9m██[38;2;0;0;0m████                  
[38;2;0;0;0m              ██[38;2;95;77;5m██[38;2;255;210;17m██[38;2;255;212;22m██[38;2;255;214;25m██[38;2;255;215;28m██[38;2;255;216;30m██[38;2;255;217;31m████[38;2;255;216;30m██[38;2;255;215;28m██[38;2;255;214;25m██[38;2;255;212;22m██[38;2;255;210;17m██[38;2;95;77;5m██[38;2;0;0;0m██              
[38;2;0;0;0m          ██[38;2;1;1;0m██[38;2;255;209;17m██[38;2;255;213;23m██[38;2;255;216;29m██[38;2;255;218;33m██[38;2;255;221;37m██[38;2;255;222;40m██[38;2;255;223;42m██[38;2;255;224;43m████[38;2;255;223;42m██[38;2;255;222;40m██[38;2;255;221;37m██[38;2;255;218;33m██[38;2;255;216;29m██[38;2;255;213;23m██[38;2;255;209;17m██[38;2;1;0;0m██[38;2;0;0;0m██          
[38;2;0;0;0m        ██[38;2;173;141;9m██[38;2;255;211;21m██[38;2;255;215;28m██[38;2;255;219;34m██[38;2;255;222;40m██[38;2;255;225;45m██[38;2;255;227;49m██[38;2;255;229;52m██[38;2;255;230;55m██[38;2;255;231;56m████[38;2;255;230;55m██[38;2;255;229;52m██[38;2;255;227;49m██[38;2;255;225;45m██[38;2;255;222;40m██[38;2;255;219;34m██[38;2;255;215;28m██[38;2;255;211;21m██[38;2;173;140;9m██[38;2;0;0;0m██        
[38;2;0;0;0m      ██[38;2;232;189;13m██[38;2;255;212;23m██[38;2;255;217;31m██[38;2;255;221;38m██[38;2;255;225;45m██[38;2;255;228;51m██[38;2;255;231;57m██[38;2;255;234;61m██[38;2;255;236;65m██[38;2;255;237;67m██[38;2;255;238;68m████[38;2;255;237;67m██[38;2;255;236;65m██[38;2;255;234;61m██[38;2;255;231;57m██[38;2;255;228;51m██[38;2;255;225;45m██[38;2;255;221;38m██[38;2;255;217;31m██[38;2;255;212;23m██[38;2;232;189;13m██[38;2;0;0;0m██      
[38;2;0;0;0m    ██[38;2;174;142;9m██[38;2;255;212;23m██[38;2;255;217;32m██[38;2;255;222;40m██[38;2;255;226;48m██[38;2;255;230;56m██[38;2;255;234;62m██[38;2;255;237;68m██[38;2;255;240;73m██[38;2;255;242;77m██[38;2;255;244;79m██[38;2;255;245;81m████[38;2;255;244;79m██[38;2;255;242;77m██[38;2;255;240;73m██[38;2;255;237;68m██[38;2;255;234;62m██[38;2;255;230;56m██[38;2;255;226;48m██[38;2;255;222;40m██[38;2;255;217;32m██[38;2;255;212;23m██[38;2;174;141;9m██[38;2;0;0;0m██    
[38;2;0;0;0m    [38;2;1;1;0m██[38;2;255;211;21m██[38;2;255;217;31m██[38;2;255;222;40m██[38;2;255;227;49m██[38;2;255;232;58m██[38;2;255;236;66m██[38;2;255;240;73m██[38;2;255;244;79m██[38;2;255;247;85m██[38;2;255;249;89m██[38;2;255;251;92m██[38;2;255;251;93m████[38;2;255;251;92m██[38;2;255;249;89m██[38;2;255;247;85m██[38;2;255;244;79m██[38;2;255;240;73m██[38;2;255;236;66m██[38;2;255;232;58m██[38;2;255;227;49m██[38;2;255;222;40m██[38;2;255;217;31m██[38;2;255;211;21m██[38;2;1;1;0m██[38;2;0;0;0m    
[38;2;0;0;0m  ██[38;2;255;209;17m██[38;2;255;215;28m██[38;2;255;221;38m██[38;2;255;226;48m██[38;2;255;232;58m██[38;2;255;237;67m██[38;2;255;241;76m██[38;2;255;246;83m██[38;2;255;250;90m██[38;2;255;253;96m██[38;2;255;254;98m██[38;2;255;252;95m██[38;2;255;252;94m████[38;2;255;252;95m██[38;2;255;254;98m██[38;2;255;253;96m██[38;2;255;250;90m██[38;2;255;246;83m██[38;2;255;241;76m██[38;2;255;237;67m██[38;2;255;232;58m██[38;2;255;226;48m██[38;2;255;221;38m██[38;2;255;215;28m██[38;2;255;209;17m██[38;2;0;0;0m██  
[38;2;0;0;0m  [38;2;98;80;5m██[38;2;255;213;23m██[38;2;255;219;34m██[38;2;255;225;45m██[38;2;255;230;56m██[38;2;255;236;66m██[38;2;255;241;76m██[38;2;255;246;85m██[38;2;255;251;93m██[38;2;255;254;98m██[38;2;255;250;92m██[38;2;255;248;87m██[38;2;255;246;83m██[38;2;255;245;81m████[38;2;255;246;83m██[38;2;255;248;87m██[38;2;255;250;92m██[38;2;255;254;98m██[38;2;255;251;93m██[38;2;255;246;85m██[38;2;255;241;76m██[38;2;255;236;66m██[38;2;255;230;56m██[38;2;255;225;45m██[38;2;255;219;34m██[38;2;255;213;23m██[38;2;98;79;5m██[38;2;0;0;0m  
[38;2;0;0;0m██[38;2;255;209;17m██[38;2;255;216;29m██[38;2;255;222;40m██[38;2;255;228;51m██[38;2;255;234;62m██[38;2;255;240;73m██[38;2;255;246;83m██[38;2;255;251;93m██[38;2;255;253;97m██[38;2;255;248;88m██[38;2;255;244;81m██[38;2;255;241;75m██[38;2;255;239;71m██[38;2;255;238;69m████[38;2;255;239;71m██[38;2;255;241;75m██[38;2;255;244;81m██[38;2;255;248;88m██[38;2;255;253;97m██[38;2;255;251;93m██[38;2;255;246;83m██[38;2;255;240;73m██[38;2;255;234;62m██[38;2;255;228;51m██[38;2;255;222;40m██[38;2;255;216;29m██[38;2;255;210;17m██[38;2;0;0;0m██
[38;2;0;0;0m██[38;2;255;212;22m██[38;2;255;218;33m██[38;2;255;225;45m██[38;2;255;231;57m██[38;2;255;237;68m██[38;2;255;243;79m██[38;2;255;250;90m██[38;2;255;254;98m██[38;2;255;248;88m██[38;2;255;243;79m██[38;2;255;239;71m██[38;2;255;235;64m██[38;2;255;232;59m██[38;2;255;231;56m████[38;2;255;232;59m██[38;2;255;235;64m██[38;2;255;239;71m██[38;2;255;243;79m██[38;2;255;248;88m██[38;2;255;254;98m██[38;2;255;250;90m██[38;2;255;244;79m██[38;2;255;237;68m██[38;2;255;231;57m██[38;2;255;225;45m██[38;2;255;218;33m██[38;2;255;212;22m██[38;2;0;0;0m██
[38;2;171;139;9m██[38;2;255;214;25m██[38;2;255;221;37m██[38;2;255;227;49m██[38;2;255;234;61m██[38;2;255;240;73m██[38;2;255;247;85m██[38;2;255;253;96m██[38;2;255;250;92m██[38;2;255;244;81m██[38;2;255;239;71m██[38;2;255;233;61m██[38;2;255;229;53m██[38;2;255;226;47m██[38;2;255;224;44m████[38;2;255;226;47m██[38;2;255;229;53m██[38;2;255;233;61m██[38;2;255;239;71m██[38;2;255;244;81m██[38;2;255;250;92m██[38;2;255;253;96m██[38;2;255;247;85m██[38;2;255;240;73m██[38;2;255;234;61m██[38;2;255;227;49m██[38;2;255;221;37m██[38;2;255;214;25m██[38;2;171;139;9m██
[38;2;255;209;16m██[38;2;255;215;28m██[38;2;255;222;40m██[38;2;255;229;52m██[38;2;255;236;65m██[38;2;161;152;48m██[38;2;0;0;0m████████████████████████████████████[38;2;161;153;48m██[38;2;255;236;65m██[38;2;255;229;52m██[38;2;255;222;40m██[38;2;255;215;28m██[38;2;255;209;16m██
[38;2;255;210;17m██[38;2;255;216;30m██[38;2;255;223;42m██[38;2;255;230;55m██[38;2;255;237;67m██[38;2;0;0;0m████████████████████████████████████████[38;2;255;237;67m██[38;2;255;230;55m██[38;2;255;223;42m██[38;2;255;216;30m██[38;2;255;210;17m██
[38;2;255;210;18m██[38;2;255;217;31m██[38;2;255;224;43m██[38;2;255;231;56m██[38;2;11;10;3m██[38;2;0;0;0m████████████████████████████████████████[38;2;11;10;3m██[38;2;255;231;56m██[38;2;255;224;43m██[38;2;255;217;31m██[38;2;255;210;18m██
[38;2;255;210;18m██[38;2;255;217;31m██[38;2;255;224;43m██[38;2;255;231;56m██[38;2;11;10;3m██[38;2;0;0;0m████████████████████████████████████████[38;2;11;10;3m██[38;2;255;231;56m██[38;2;255;224;43m██[38;2;255;217;31m██[38;2;255;210;18m██
[38;2;255;210;17m██[38;2;255;216;30m██[38;2;255;223;42m██[38;2;255;230;55m██[38;2;255;237;67m██[38;2;0;0;0m████████████████████████████████████████[38;2;255;237;67m██[38;2;255;230;55m██[38;2;255;223;42m██[38;2;255;216;30m██[38;2;255;210;17m██
[38;2;255;209;16m██[38;2;255;215;28m██[38;2;255;222;40m██[38;2;255;229;52m██[38;2;255;236;65m██[38;2;162;154;49m██[38;2;0;0;0m████████████████████████████████████[38;2;162;154;49m██[38;2;255;236;65m██[38;2;255;229;52m██[38;2;255;222;40m██[38;2;255;215;28m██[38;2;255;209;16m██
[38;2;171;138;9m██[38;2;255;214;25m██[38;2;255;221;37m██[38;2;255;227;49m██[38;2;255;234;61m██[38;2;255;240;73m██[38;2;255;247;85m██[38;2;255;253;96m██[38;2;255;250;92m██[38;2;255;244;81m██[38;2;255;239;71m██[38;2;255;233;61m██[38;2;255;229;53m██[38;2;255;226;47m██[38;2;255;224;44m████[38;2;255;226;47m██[38;2;255;229;53m██[38;2;255;233;61m██[38;2;255;239;71m██[38;2;255;244;81m██[38;2;255;250;92m██[38;2;255;253;96m██[38;2;255;247;85m██[38;2;255;240;73m██[38;2;255;234;61m██[38;2;255;227;49m██[38;2;255;221;37m██[38;2;255;214;25m██[38;2;170;138;9m██
[38;2;0;0;0m██[38;2;255;212;22m██[38;2;255;218;33m██[38;2;255;225;45m██[38;2;255;231;57m██[38;2;255;237;68m██[38;2;255;244;79m██[38;2;255;250;90m██[38;2;255;254;98m██[38;2;255;248;88m██[38;2;255;243;79m██[38;2;255;239;71m██[38;2;255;235;64m██[38;2;255;232;59m██[38;2;255;231;56m████[38;2;255;232;59m██[38;2;255;235;64m██[38;2;255;239;71m██[38;2;255;243;79m██[38;2;255;248;88m██[38;2;255;254;98m██[38;2;255;250;90m██[38;2;255;244;79m██[38;2;255;237;68m██[38;2;255;231;57m██[38;2;255;225;45m██[38;2;255;218;33m██[38;2;255;212;22m██[38;2;0;0;0m██
[38;2;0;0;0m██[38;2;255;210;17m██[38;2;255;216;29m██[38;2;255;222;40m██[38;2;255;228;51m██[38;2;255;234;62m██[38;2;255;240;73m██[38;2;255;246;83m██[38;2;255;251;93m██[38;2;255;253;97m██[38;2;255;248;88m██[38;2;255;244;81m██[38;2;255;241;75m██[38;2;255;239;71m██[38;2;255;238;69m████[38;2;255;239;71m██[38;2;255;241;75m██[38;2;255;244;81m██[38;2;255;248;88m██[38;2;255;253;97m██[38;2;255;251;93m██[38;2;255;246;83m██[38;2;255;240;73m██[38;2;255;234;62m██[38;2;255;228;51m██[38;2;255;222;40m██[38;2;255;216;29m██[38;2;255;210;17m██[38;2;0;0;0m██
[38;2;0;0;0m  [38;2;97;79;5m██[38;2;255;213;23m██[38;2;255;219;34m██[38;2;255;225;45m██[38;2;255;230;56m██[38;2;255;236;66m██[38;2;255;241;76m██[38;2;255;246;85m██[38;2;255;251;93m██[38;2;255;254;98m██[38;2;255;250;92m██[38;2;255;248;87m██[38;2;255;246;83m██[38;2;255;245;81m████[38;2;255;246;83m██[38;2;255;248;87m██[38;2;255;250;92m██[38;2;255;254;98m██[38;2;255;251;93m██[38;2;255;246;85m██[38;2;255;241;76m██[38;2;255;236;66m██[38;2;255;230;56m██[38;2;255;225;45m██[38;2;255;219;34m██[38;2;255;213;23m██[38;2;96;78;5m██[38;2;0;0;0m  
[38;2;0;0;0m  ██[38;2;255;209;17m██[38;2;255;215;28m██[38;2;255;221;38m██[38;2;255;226;48m██[38;2;255;232;58m██[38;2;255;237;67m██[38;2;255;241;76m██[38;2;255;246;83m██[38;2;255;250;90m██[38;2;255;253;96m██[38;2;255;254;98m██[38;2;255;252;95m██[38;2;255;252;94m████[38;2;255;252;95m██[38;2;255;254;98m██[38;2;255;253;96m██[38;2;255;250;90m██[38;2;255;246;83m██[38;2;255;241;76m██[38;2;255;237;67m██[38;2;255;232;58m██[38;2;255;226;48m██[38;2;255;221;38m██[38;2;255;215;28m██[38;2;255;209;17m██[38;2;0;0;0m██  
[38;2;0;0;0m    [38;2;1;1;0m██[38;2;255;211;21m██[38;2;255;217;31m██[38;2;255;222;40m██[38;2;255;227;49m██[38;2;255;232;58m██[38;2;255;236;66m██[38;2;255;240;73m██[38;2;255;244;79m██[38;2;255;247;85m██[38;2;255;249;89m██[38;2;255;251;92m██[38;2;255;251;93m████[38;2;255;251;92m██[38;2;255;249;89m██[38;2;255;247;85m██[38;2;255;244;79m██[38;2;255;240;73m██[38;2;255;236;66m██[38;2;255;232;58m██[38;2;255;227;49m██[38;2;255;222;40m██[38;2;255;217;31m██[38;2;255;211;21m██[38;2;1;1;0m██[38;2;0;0;0m    
[38;2;0;0;0m    ██[38;2;173;141;9m██[38;2;255;212;23m██[38;2;255;217;32m██[38;2;255;222;40m██[38;2;255;226;48m██[38;2;255;230;56m██[38;2;255;234;62m██[38;2;255;237;68m██[38;2;255;240;73m██[38;2;255;242;77m██[38;2;255;244;79m██[38;2;255;245;81m████[38;2;255;244;79m██[38;2;255;242;77m██[38;2;255;240;73m██[38;2;255;237;68m██[38;2;255;234;62m██[38;2;255;230;56m██[38;2;255;226;48m██[38;2;255;222;40m██[38;2;255;217;32m██[38;2;255;212;23m██[38;2;172;141;9m██[38;2;0;0;0m██    
[38;2;0;0;0m      ██[38;2;231;188;13m██[38;2;255;212;23m██[38;2;255;217;31m██[38;2;255;221;38m██[38;2;255;225;45m██[38;2;255;228;51m██[38;2;255;231;57m██[38;2;255;234;61m██[38;2;255;236;65m██[38;2;255;237;67m██[38;2;255;238;68m████[38;2;255;237;67m██[38;2;255;236;65m██[38;2;255;234;61m██[38;2;255;231;57m██[38;2;255;228;51m██[38;2;255;225;45m██[38;2;255;221;38m██[38;2;255;217;31m██[38;2;255;212;23m██[38;2;231;188;13m██[38;2;0;0;0m██      
[38;2;0;0;0m        ██[38;2;172;140;9m██[38;2;255;211;21m██[38;2;255;215;28m██[38;2;255;219;34m██[38;2;255;222;40m██[38;2;255;225;45m██[38;2;255;227;49m██[38;2;255;229;52m██[38;2;255;230;55m██[38;2;255;231;56m████[38;2;255;230;55m██[38;2;255;229;52m██[38;2;255;227;49m██[38;2;255;225;45m██[38;2;255;222;40m██[38;2;255;219;34m██[38;2;255;215;28m██[38;2;255;211;21m██[38;2;171;139;9m██[38;2;0;0;0m██        
[38;2;0;0;0m          ██[38;2;1;1;0m██[38;2;255;209;17m██[38;2;255;213;23m██[38;2;255;216;29m██[38;2;255;218;33m██[38;2;255;221;37m██[38;2;255;222;40m██[38;2;255;223;42m██[38;2;255;224;43m████[38;2;255;223;42m██[38;2;255;222;40m██[38;2;255;221;37m██[38;2;255;218;33m██[38;2;255;216;29m██[38;2;255;213;23m██[38;2;255;209;17m██[38;2;1;0;0m██[38;2;0;0;0m██          
[38;2;0;0;0m              ██[38;2;92;74;5m██[38;2;255;210;17m██[38;2;255;212;22m██[38;2;255;214;25m██[38;2;255;215;28m██[38;2;255;217;30m██[38;2;255;217;31m████[38;2;255;217;30m██[38;2;255;215;28m██[38;2;255;214;25m██[38;2;255;212;22m██[38;2;255;210;17m██[38;2;91;74;5m██[38;2;0;0;0m██              
[38;2;0;0;0m                  ████[38;2;164;134;9m██[38;2;255;209;16m██[38;2;255;210;17m██[38;2;255;210;18m████[38;2;255;210;17m██[38;2;255;209;16m██[38;2;164;134;9m██[38;2;0;0;0m████                  [0m
