
[38;2;0;0;0m                      [38;2;10;5;4m  [38;2;34;18;17m  [38;2;60;31;30m  [38;2;86;46;44m██[38;2;112;60;58m██[38;2;130;69;67m██[38;2;137;74;72m██[38;2;139;75;73m██[38;2;140;76;74m████[38;2;125;67;65m██[38;2;74;40;38m  [38;2;20;10;10m  [38;2;0;0;0m        
[38;2;0;0;0m                [38;2;4;2;2m  [38;2;35;18;18m  [38;2;58;31;30m  [38;2;84;45;44m  [38;2;114;61;60m██[38;2;136;73;71m██[38;2;139;75;73m████████████████████[38;2;122;65;65m  [38;2;75;40;40m  [38;2;19;10;10m  [38;2;0;0;0m  
[38;2;0;0;0m              [38;2;32;17;16m  [38;2;63;34;33m  [38;2;86;46;44m  [38;2;119;64;62m  [38;2;138;74;72m  [38;2;138;75;73m  [38;2;139;75;73m████████████████████[38;2;142;71;70m  [38;2;156;62;63m  [38;2;172;51;56m  [38;2;186;41;50m██[38;2;196;30;42m  
[38;2;0;0;0m          [38;2;6;4;4m  [38;2;52;28;26m  [38;2;74;40;39m  [38;2;99;53;52m  [38;2;132;71;69m  [38;2;138;75;73m      [38;2;139;75;73m██████████████████[38;2;148;68;68m██[38;2;166;56;59m██[38;2;184;52;60m██[38;2;209;75;84m  [38;2;221;100;108m  [38;2;219;84;94m  
[38;2;0;0;0m        [38;2;12;5;4m  [38;2;77;47;39m  [38;2;108;64;55m  [38;2;133;78;69m  [38;2;158;91;82m  [38;2;144;79;75m  [38;2;139;75;73m██████████████████████[38;2;142;70;70m██[38;2;162;58;61m██[38;2;186;76;81m██[38;2;212;118;124m██[38;2;172;108;114m  [38;2;149;132;133m  [38;2;179;180;180m  
[38;2;0;0;0m      [38;2;2;1;1m  [38;2;63;37;33m  [38;2;106;62;54m  [38;2;136;82;71m  [38;2;182;110;94m  [38;2;175;104;90m  [38;2;161;93;84m  [38;2;150;83;78m██[38;2;139;75;73m██████████[38;2;140;76;74m████[38;2;146;80;76m██[38;2;156;89;81m██[38;2;153;86;80m██[38;2;163;73;71m██[38;2;174;61;66m██[38;2;204;109;114m██[38;2;228;154;159m██[38;2;168;141;143m██[38;2;115;116;116m██[38;2;112;112;112m██
[38;2;0;0;0m    [38;2;1;1;1m  [38;2;40;21;21m  [38;2;71;38;38m  [38;2;96;52;51m  [38;2;132;72;70m  [38;2;141;78;75m  [38;2;138;75;73m  [38;2;139;76;73m██[38;2;139;75;73m██████████████[38;2;140;76;73m██[38;2;144;79;75m██[38;2;155;88;80m██[38;2;155;86;79m██[38;2;174;74;71m██[38;2;187;80;84m██[38;2;172;84;89m██[38;2;124;70;74m██[38;2;128;122;122m██[38;2;126;126;126m██[38;2;110;110;110m██
[38;2;0;0;0m    [38;2;27;13;14m  [38;2;65;34;34m  [38;2;86;45;45m  [38;2;122;66;64m  [38;2;137;74;72m  [38;2;131;71;70m  [38;2;133;71;70m██[38;2;133;72;70m██[38;2;138;74;72m██[38;2;139;75;73m██[38;2;138;75;73m██[38;2;135;73;71m██[38;2;136;73;71m██[38;2;136;73;72m██[38;2;138;74;72m██[38;2;139;75;73m██████[38;2;138;72;71m██[38;2;158;59;62m██[38;2;185;82;86m██[38;2;189;104;109m██[38;2;136;88;92m██[38;2;112;111;111m██[38;2;101;101;101m██[38;2;110;110;110m██
[38;2;0;0;0m  [38;2;7;3;4m  [38;2;52;27;27m  [38;2;76;40;40m  [38;2;106;56;56m  [38;2;132;71;70m  [38;2;132;72;70m  [38;2;125;67;66m██[38;2;126;68;67m██[38;2;128;69;68m██[38;2;138;74;72m██[38;2;138;75;73m██[38;2;137;74;72m██[38;2;129;70;68m██[38;2;130;70;68m██[38;2;131;70;69m██[38;2;135;72;71m██[38;2;139;75;73m██████[38;2;134;71;70m██[38;2;152;59;62m██[38;2;178;68;74m██[38;2;217;126;132m██[38;2;240;188;192m██[38;2;203;201;201m██[38;2;133;133;133m██[38;2;126;126;126m██
[38;2;0;0;0m  [38;2;32;16;17m  [38;2;68;36;36m  [38;2;85;46;46m  [38;2;118;63;63m██[38;2;125;67;67m  [38;2;121;65;65m██[38;2;114;61;62m██[38;2;115;62;62m██[38;2;120;64;64m██[38;2;134;72;70m██[38;2;135;72;71m██[38;2;131;70;69m██[38;2;120;64;64m██[38;2;117;62;63m██[38;2;120;64;64m██[38;2;129;69;68m██[38;2;138;74;72m████[38;2;137;74;72m██[38;2;126;68;67m██[38;2;137;60;62m██[38;2;160;46;52m██[38;2;200;88;94m██[38;2;234;155;160m██[38;2;233;212;214m██[38;2;189;189;189m██[38;2;159;159;159m██
[38;2;2;1;1m  [38;2;52;28;28m  [38;2;76;40;41m  [38;2;100;53;53m██[38;2;122;65;64m██[38;2;114;61;60m██[38;2;110;58;59m██[38;2;110;59;60m██[38;2;111;60;60m██[38;2;108;58;60m██[38;2;116;62;63m██[38;2;117;62;63m██[38;2;116;62;63m██[38;2;110;59;60m██[38;2;108;58;59m██[38;2;107;58;59m██[38;2;112;60;61m██[38;2;122;65;65m██[38;2;127;68;67m██[38;2;126;67;66m██[38;2;114;60;61m██[38;2;109;58;59m██[38;2;132;47;52m██[38;2;167;38;47m██[38;2;204;47;58m██[38;2;226;120;128m██[38;2;246;214;216m██[38;2;247;230;232m██
[38;2;16;8;8m  [38;2;60;32;33m  [38;2;56;28;29m  [38;2;69;41;42m██[38;2;88;67;67m██[38;2;96;88;88m██[38;2;102;102;102m██[38;2;80;80;80m██[38;2;29;29;29m██[38;2;24;13;13m██[38;2;70;37;38m██[38;2;108;58;59m██[38;2;113;60;62m██[38;2;108;58;59m██[38;2;105;56;58m██[38;2;104;56;58m████[38;2;108;58;60m██[38;2;108;57;59m██[38;2;107;57;59m██[38;2;101;54;56m██[38;2;98;52;54m██[38;2;99;52;54m██[38;2;120;47;52m██[38;2;164;39;48m██[38;2;200;30;42m██[38;2;208;28;42m██[38;2;208;28;40m██
[38;2;18;9;10m  [38;2;29;21;21m  [38;2;83;76;76m  [38;2;146;137;137m██[38;2;188;187;187m██[38;2;243;243;243m██[38;2;255;255;255m██████[38;2;228;228;228m██[38;2;140;137;138m██[38;2;80;60;61m██[38;2;82;44;45m██[38;2;107;57;59m██[38;2;104;56;58m██[38;2;103;55;57m██[38;2;101;54;56m██[38;2;98;52;54m██[38;2;87;46;48m██[38;2;81;43;45m██[38;2;85;45;47m██[38;2;93;50;52m██[38;2;96;52;53m██[38;2;93;49;52m██[38;2;97;52;54m██[38;2;100;52;55m██[38;2;117;50;54m██[38;2;142;47;53m  
[38;2;32;32;32m  [38;2;102;102;102m  [38;2;148;148;148m██[38;2;212;212;212m██[38;2;254;254;254m████[38;2;255;255;255m████████[38;2;242;242;242m██[38;2;166;163;163m██[38;2;116;96;96m██[38;2;80;44;45m██[38;2;101;54;56m██[38;2;78;42;44m██[38;2;71;46;48m██[38;2;97;81;81m██[38;2;119;115;115m██[38;2;148;147;148m██[38;2;156;156;156m██[38;2;94;94;94m██[38;2;31;28;28m██[38;2;40;22;22m██[38;2;78;41;44m██[38;2;97;52;54m██[38;2;100;54;56m██[38;2;108;58;60m  
[38;2;112;112;112m  [38;2;153;153;153m  [38;2;203;203;203m██[38;2;254;254;254m██[38;2;255;255;255m████████████[38;2;254;254;254m██[38;2;226;226;226m██[38;2;163;154;154m██[38;2;109;87;87m██[38;2;66;41;42m██[38;2;118;97;97m██[38;2;150;142;142m██[38;2;194;194;194m██[38;2;246;246;246m██[38;2;255;255;255m██████[38;2;248;248;248m██[38;2;169;169;169m██[38;2;99;87;88m██[38;2;64;36;37m██[38;2;95;50;53m██[38;2;108;58;60m  
[38;2;160;160;160m  [38;2;186;186;186m  [38;2;244;244;244m██[38;2;255;254;254m████[38;2;254;254;254m██[38;2;255;255;255m██████████[38;2;254;254;254m██[38;2;190;190;190m██[38;2;130;128;128m██[38;2;120;116;116m██[38;2;162;155;155m██[38;2;213;213;213m██[38;2;255;255;255m████████[38;2;254;254;254m████[38;2;252;252;252m██[38;2;185;184;184m██[38;2;130;115;116m██[38;2;84;51;52m██[38;2;104;56;56m  
[38;2;176;176;176m  [38;2;204;204;204m  [38;2;207;207;207m██[38;2;139;139;139m██[38;2;96;96;96m██[38;2;124;124;124m██[38;2;202;202;202m██[38;2;253;253;253m██[38;2;255;255;255m████[38;2;255;254;254m████[38;2;203;203;203m██[38;2;195;195;195m██[38;2;191;191;191m██[38;2;201;201;201m██[38;2;254;254;254m████[38;2;255;255;255m████████████[38;2;243;243;243m██[38;2;174;169;169m██[38;2;128;107;107m██[38;2;89;50;50m  
[38;2;183;183;183m  [38;2;217;217;217m  [38;2;184;184;184m██[38;2;111;111;111m██[38;2;43;43;43m██[38;2;75;75;75m██[38;2;150;150;150m██[38;2;225;225;225m██[38;2;255;255;255m██████[38;2;239;239;239m██[38;2;200;200;200m████[38;2;199;199;199m██[38;2;240;240;240m██[38;2;255;254;254m████[38;2;255;255;255m██████████████[38;2;205;205;205m██[38;2;158;143;143m██[38;2;116;84;84m  
[38;2;175;175;175m  [38;2;226;226;226m██[38;2;195;195;195m██[38;2;117;117;117m██[38;2;58;58;58m██[38;2;88;88;88m██[38;2;158;158;158m██[38;2;229;229;229m██[38;2;255;255;255m██████[38;2;219;219;219m██[38;2;201;201;201m████[38;2;204;204;204m██[38;2;246;246;246m██[38;2;185;185;185m██[38;2;152;152;152m██[38;2;187;187;187m██[38;2;225;225;225m██[38;2;254;254;254m██[38;2;255;255;255m████████[38;2;229;229;229m██[38;2;174;164;164m██[38;2;136;107;107m██
[38;2;158;158;158m  [38;2;222;222;222m██[38;2;254;254;254m██[38;2;230;230;230m██[38;2;197;197;197m██[38;2;166;166;166m██[38;2;208;208;208m██[38;2;254;254;254m██[38;2;255;255;255m██████[38;2;210;210;210m██[38;2;202;202;202m████[38;2;212;212;212m██[38;2;210;210;210m██[38;2;139;139;139m██[38;2;70;70;70m████[38;2;142;142;142m██[38;2;218;218;218m██[38;2;255;255;255m██████[38;2;255;254;254m██[38;2;242;242;242m██[38;2;183;175;175m██[38;2;146;120;120m██
[38;2;132;132;132m  [38;2;205;205;205m██[38;2;255;255;255m██████████████████[38;2;208;208;208m██[38;2;199;199;199m████[38;2;216;216;216m██[38;2;207;207;207m██[38;2;131;131;131m██[38;2;68;68;68m██[38;2;82;82;82m██[38;2;152;152;152m██[38;2;223;223;223m██[38;2;255;255;255m██████[38;2;255;254;254m██[38;2;242;242;242m██[38;2;186;178;178m██[38;2;152;125;125m██
[38;2;106;100;100m  [38;2;181;178;178m██[38;2;250;250;250m██[38;2;255;254;254m██[38;2;255;255;255m██████████[38;2;255;254;254m██[38;2;255;255;255m██[38;2;217;217;217m██[38;2;198;198;198m████[38;2;210;210;210m██[38;2;253;253;253m██[38;2;220;220;220m██[38;2;186;186;186m██[38;2;155;155;155m██[38;2;199;199;199m██[38;2;252;252;252m██[38;2;255;255;255m████████[38;2;231;231;231m██[38;2;182;171;171m██[38;2;148;119;118m██
[38;2;54;49;48m██[38;2;127;126;126m██[38;2;207;206;206m██[38;2;255;254;254m████[38;2;255;255;255m██████[38;2;254;254;254m████[38;2;252;252;252m██[38;2;196;196;196m██[38;2;164;165;165m██[38;2;176;176;176m██[38;2;192;192;192m██[38;2;254;254;254m██[38;2;255;255;255m██████████████[38;2;255;254;254m██[38;2;255;255;255m██[38;2;210;210;210m██[38;2;172;157;156m██[38;2;140;107;106m██
[38;2;95;72;71m  [38;2;121;102;102m██[38;2;167;158;158m██[38;2;219;219;219m██[38;2;254;254;254m████[38;2;255;254;254m██[38;2;255;255;255m████[38;2;252;252;252m██[38;2;200;200;199m██[38;2;186;174;174m██[38;2;130;116;115m██[38;2;126;116;116m██[38;2;182;175;175m██[38;2;237;237;237m██[38;2;255;255;255m██████████████[38;2;255;254;254m██[38;2;244;244;244m██[38;2;188;183;183m██[38;2;157;134;134m██[38;2;125;86;84m██
[38;2;150;116;115m██[38;2;184;142;142m██[38;2;138;110;109m██[38;2;122;113;113m██[38;2;187;187;187m██[38;2;253;253;253m██[38;2;255;254;254m██[38;2;253;253;253m██[38;2;223;223;223m██[38;2;174;172;172m██[38;2;171;161;160m██[38;2;174;157;154m██[38;2;176;146;142m██[38;2;171;142;139m██[38;2;180;164;162m██[38;2;190;189;189m██[38;2;254;254;254m██[38;2;255;255;255m████████████[38;2;254;254;254m██[38;2;199;198;198m██[38;2;163;149;148m██[38;2;135;102;101m██[38;2;110;61;59m██
[38;2;152;116;115m██[38;2;209;162;162m██[38;2;254;190;191m██[38;2;223;160;162m██[38;2;126;89;90m██[38;2;21;15;15m██[38;2;6;6;6m██[38;2;48;44;44m██[38;2;94;86;84m██[38;2;127;116;113m██[38;2;171;156;151m██[38;2;226;207;201m██[38;2;254;234;227m██[38;2;229;206;200m██[38;2;161;144;140m██[38;2;162;151;150m██[38;2;194;194;194m██[38;2;254;254;254m██[38;2;255;255;255m████████[38;2;251;251;251m██[38;2;197;197;197m██[38;2;157;150;150m██[38;2;122;99;100m██[38;2;96;56;56m██[38;2;123;66;65m██
[38;2;145;110;108m  [38;2;190;150;149m  [38;2;254;193;194m██[38;2;255;186;188m██[38;2;255;183;186m██[38;2;254;184;187m██[38;2;255;193;194m██[38;2;254;204;204m██[38;2;247;194;193m██[38;2;247;206;203m██[38;2;253;228;222m██[38;2;255;236;229m██[38;2;255;234;228m██[38;2;255;234;227m██[38;2;246;224;218m██[38;2;163;148;144m██[38;2;110;100;99m██[38;2;141;140;140m██[38;2;238;238;238m██[38;2;255;255;255m██[38;2;248;248;248m██[38;2;211;212;212m██[38;2;168;165;165m██[38;2;167;155;155m██[38;2;149;127;127m██[38;2;129;94;94m██[38;2;150;100;99m██[38;2;126;68;68m██
[38;2;125;92;90m██[38;2;166;135;133m██[38;2;240;191;190m██[38;2;255;196;196m██[38;2;255;192;193m██[38;2;255;194;194m██[38;2;255;200;200m██[38;2;255;210;207m██[38;2;252;211;208m██[38;2;236;174;175m██[38;2;208;97;109m██[38;2;189;44;62m██[38;2;188;41;60m██[38;2;208;101;112m██[38;2;234;175;176m██[38;2;251;219;214m██[38;2;248;215;211m██[38;2;192;159;158m██[38;2;84;66;66m██[38;2;24;17;17m██[38;2;41;29;30m██[38;2;92;68;69m██[38;2;135;100;101m██[38;2;184;141;142m██[38;2;218;169;168m██[38;2;195;146;145m██[38;2;160;109;108m██[38;2;128;70;70m██
[38;2;84;55;56m  [38;2;129;105;104m██[38;2;195;164;162m██[38;2;254;210;208m██[38;2;255;207;205m██[38;2;255;208;206m██[38;2;255;212;209m██[38;2;255;218;214m██[38;2;255;225;220m██[38;2;255;230;224m██[38;2;255;233;227m██[38;2;255;234;226m██[38;2;255;237;230m██[38;2;253;230;224m██[38;2;248;214;210m██[38;2;248;214;209m██[38;2;255;222;218m██[38;2;255;210;208m██[38;2;255;198;197m██[38;2;254;186;188m██[38;2;255;182;184m██[38;2;254;182;184m██[38;2;255;186;188m██[38;2;255;196;196m██[38;2;244;191;190m██[38;2;200;151;150m██[38;2;166;113;112m██[38;2;131;74;73m██
[38;2;72;38;40m██[38;2;68;48;49m  [38;2;129;111;109m██[38;2;208;183;179m██[38;2;255;222;217m████[38;2;255;224;218m██[38;2;255;227;221m██[38;2;255;230;224m██[38;2;255;233;226m██[38;2;255;234;227m██[38;2;255;234;228m██[38;2;255;235;228m████[38;2;255;234;227m██[38;2;255;232;226m██[38;2;255;227;221m██[38;2;255;218;214m██[38;2;255;207;205m██[38;2;255;198;198m██[38;2;255;192;193m████[38;2;255;198;198m██[38;2;255;205;203m██[38;2;250;200;197m██[38;2;204;158;155m██[38;2;170;116;115m██[38;2;134;78;77m  [0m
