
[38;2;0;0;0m                                                [38;2;116;148;180m  [38;2;132;153;176m  [38;2;150;166;183m██[38;2;121;136;147m██[38;2;82;94;106m██[38;2;154;186;186m  
[38;2;0;0;0m                                              [38;2;117;147;172m  [38;2;146;159;178m██[38;2;110;116;126m██[38;2;67;64;69m██[38;2;79;76;75m██[38;2;92;87;87m██[38;2;58;63;73m██
[38;2;0;0;0m                                            [38;2;78;118;147m  [38;2;152;166;178m██[38;2;88;86;90m██[38;2;139;126;126m██[38;2;184;165;162m██[38;2;182;163;159m██[38;2;168;150;146m██[38;2;175;167;170m██
[38;2;0;0;0m                                            [38;2;136;167;194m  [38;2;164;170;173m██[38;2;170;160;156m██[38;2;184;166;160m██[38;2;142;124;118m██[38;2;144;129;119m██[38;2;159;144;133m██[38;2;164;156;157m██
[38;2;0;0;0m                                        [38;2;67;85;109m  [38;2;104;137;163m  [38;2;133;146;166m  [38;2;195;194;196m██[38;2;164;150;146m██[38;2;139;121;115m██[38;2;128;112;103m██[38;2;144;130;120m██[38;2;141;127;116m██[38;2;141;135;135m██
[38;2;0;0;0m                                    [38;2;60;84;112m  [38;2;37;57;83m██[38;2;41;52;77m██[38;2;47;54;73m██[38;2;77;78;86m██[38;2;173;163;163m██[38;2;176;162;157m██[38;2;132;116;110m██[38;2;139;123;115m██[38;2;144;130;120m██[38;2;129;115;103m██[38;2;119;115;114m██
[38;2;0;0;0m                        [38;2;0;120;120m  [38;2;96;116;137m  [38;2;86;99;117m  [38;2;81;89;101m  [38;2;113;109;121m██[38;2;119;105;112m██[38;2;97;76;82m██[38;2;42;32;40m██[38;2;34;28;38m██[38;2;32;25;36m██[38;2;33;26;35m██[38;2;157;144;146m██[38;2;175;161;156m██[38;2;159;147;140m██[38;2;122;107;100m██[38;2;133;120;114m██[38;2;110;101;98m██[38;2;150;157;165m  
[38;2;0;0;0m                      [38;2;106;137;163m  [38;2;125;113;124m██[38;2;114;88;91m██[38;2;120;85;83m██[38;2;120;84;79m██[38;2;122;81;78m██[38;2;120;81;73m██[38;2;119;83;72m██[38;2;54;29;24m██[38;2;38;24;22m██[38;2;34;23;26m██[38;2;29;20;26m██[38;2;60;48;49m██[38;2;173;158;154m██[38;2;171;159;154m██[38;2;153;142;137m██[38;2;146;137;132m██[38;2;133;135;143m██[38;2;0;0;0m  
[38;2;0;0;0m                      [38;2;104;116;140m  [38;2;141;105;103m██[38;2;111;73;58m██[38;2;116;77;60m██[38;2;116;77;61m██[38;2;114;74;58m██[38;2;108;70;57m██[38;2;109;73;62m██[38;2;93;69;64m██[38;2;35;23;19m██[38;2;32;22;24m██[38;2;33;21;25m██[38;2;32;19;22m██[38;2;132;118;114m██[38;2;167;157;153m██[38;2;90;81;78m██[38;2;74;72;73m██[38;2;98;120;138m  [38;2;0;0;0m  
[38;2;0;0;0m                    [38;2;157;173;182m  [38;2;76;86;106m██[38;2;114;81;77m██[38;2;107;68;54m██[38;2;111;70;55m██[38;2;111;74;58m██[38;2;98;59;44m██[38;2;88;51;41m██[38;2;95;58;48m██[38;2;102;75;71m██[38;2;69;50;47m██[38;2;68;49;48m██[38;2;34;22;22m██[38;2;33;19;20m██[38;2;34;19;17m██[38;2;36;29;28m██[38;2;30;26;30m██[38;2;82;92;95m  [38;2;0;0;0m    
[38;2;0;0;0m                  [38;2;126;154;181m  [38;2;116;123;138m██[38;2;131;116;126m██[38;2;92;61;59m██[38;2;91;53;41m██[38;2;125;86;74m██[38;2;138;102;89m██[38;2;119;82;70m██[38;2;116;81;70m██[38;2;114;78;69m██[38;2;81;47;40m██[38;2;125;94;90m██[38;2;131;101;97m██[38;2;43;20;16m██[38;2;40;19;18m██[38;2;38;20;21m██[38;2;30;23;26m██[38;2;42;53;64m  [38;2;0;0;0m      
[38;2;0;0;0m              [38;2;51;204;209m  [38;2;95;122;144m  [38;2;118;121;126m██[38;2;132;120;121m██[38;2;135;114;111m██[38;2;84;58;52m██[38;2;81;47;37m██[38;2;129;96;85m██[38;2;118;84;72m██[38;2;115;81;69m██[38;2;117;81;70m██[38;2;113;79;70m██[38;2;70;32;24m██[38;2;56;21;15m██[38;2;69;37;29m██[38;2;48;21;13m██[38;2;40;20;19m██[38;2;33;17;20m██[38;2;40;32;43m██[38;2;0;0;0m        
[38;2;0;0;0m              [38;2;87;116;145m██[38;2;111;124;136m██[38;2;134;119;117m██[38;2;144;118;111m██[38;2;153;117;109m██[38;2;139;105;94m██[38;2;69;37;27m██[38;2;83;51;40m██[38;2;115;80;69m██[38;2;115;80;68m██[38;2;116;81;67m██[38;2;115;81;71m██[38;2;116;79;70m██[38;2;115;80;71m██[38;2;109;77;67m██[38;2;58;30;19m██[38;2;55;34;31m██[38;2;44;45;54m██[38;2;0;0;0m          
[38;2;0;0;0m              [38;2;88;115;145m  [38;2;110;123;136m  [38;2;142;127;125m██[38;2;154;118;109m██[38;2;163;120;104m██[38;2;146;109;96m██[38;2;63;31;21m██[38;2;61;29;19m██[38;2;111;79;69m██[38;2;112;80;68m██[38;2;114;81;69m██[38;2;115;81;68m██[38;2;116;80;68m██[38;2;106;72;63m██[38;2;83;52;45m██[38;2;73;48;42m██[38;2;70;56;62m██[38;2;74;74;74m  [38;2;0;0;0m          
[38;2;0;0;0m                [38;2;154;158;163m  [38;2;141;118;117m██[38;2;164;122;111m██[38;2;161;116;98m██[38;2;126;85;73m██[38;2;74;40;31m██[38;2;51;18;9m██[38;2;99;68;60m██[38;2;111;80;70m██[38;2;112;80;70m██[38;2;116;81;73m██[38;2;103;69;62m██[38;2;82;46;42m██[38;2;79;51;49m██[38;2;78;60;60m██[38;2;126;129;131m  [38;2;0;0;0m            
[38;2;0;0;0m              [38;2;128;155;185m  [38;2;129;132;142m██[38;2;130;105;103m██[38;2;170;123;110m██[38;2;137;94;77m██[38;2;123;81;67m██[38;2;107;73;63m██[38;2;52;20;10m██[38;2;54;22;14m██[38;2;103;71;61m██[38;2;104;71;64m██[38;2;90;58;51m██[38;2;79;47;42m██[38;2;85;56;54m██[38;2;85;71;83m  [38;2;122;123;136m  [38;2;0;0;0m              
[38;2;0;0;0m            [38;2;76;76;76m  [38;2;44;54;83m██[38;2;174;160;171m██[38;2;122;92;92m██[38;2;143;99;89m██[38;2;123;82;67m██[38;2;122;81;66m██[38;2;115;78;67m██[38;2;96;63;55m██[38;2;50;19;12m██[38;2;51;23;16m██[38;2;64;35;30m██[38;2;70;47;47m██[38;2;68;53;59m██[38;2;147;148;185m  [38;2;0;0;0m                  
[38;2;0;0;0m          [38;2;185;185;209m  [38;2;103;111;133m██[38;2;64;65;85m██[38;2;145;127;135m██[38;2;113;86;86m██[38;2;120;81;73m██[38;2;121;82;70m██[38;2;120;81;66m██[38;2;115;78;67m██[38;2;112;79;71m██[38;2;100;67;64m██[38;2;57;29;30m██[38;2;38;19;25m██[38;2;59;57;66m  [38;2;0;0;0m                      
[38;2;0;0;0m        [38;2;107;128;154m  [38;2;100;101;116m██[38;2;110;102;111m██[38;2;102;90;99m██[38;2;113;96;98m██[38;2;147;121;121m██[38;2;113;76;69m██[38;2;111;74;62m██[38;2;108;71;57m██[38;2;112;75;64m██[38;2;113;80;68m██[38;2;106;77;74m██[38;2;97;86;93m  [38;2;0;0;0m                          
[38;2;0;0;0m      [38;2;60;60;60m  [38;2;123;113;120m██[38;2;110;89;82m██[38;2;99;77;68m██[38;2;116;94;87m██[38;2;57;34;29m██[38;2;133;108;108m██[38;2;105;69;63m██[38;2;110;71;63m██[38;2;112;74;66m██[38;2;112;78;69m██[38;2;104;78;70m██[38;2;92;92;93m  [38;2;0;0;0m                            
[38;2;0;0;0m      [38;2;95;106;123m  [38;2;108;87;82m██[38;2;95;64;53m██[38;2;100;69;58m██[38;2;92;60;51m██[38;2;83;52;43m██[38;2;92;60;55m██[38;2;104;71;67m██[38;2;107;76;70m██[38;2;108;77;72m██[38;2;99;78;74m██[38;2;117;114;115m  [38;2;0;0;0m                              
[38;2;0;0;0m    [38;2;20;43;69m  [38;2;48;44;57m██[38;2;89;71;68m██[38;2;95;68;60m██[38;2;88;61;53m██[38;2;81;50;43m██[38;2;92;63;56m██[38;2;92;65;59m██[38;2;101;72;66m██[38;2;95;74;71m██[38;2;90;75;73m██[38;2;135;135;135m  [38;2;0;0;0m                                
[38;2;0;0;0m  [38;2;85;107;136m  [38;2;15;26;45m██[38;2;61;54;61m██[38;2;77;63;63m██[38;2;70;53;46m██[38;2;45;28;21m██[38;2;78;61;53m██[38;2;90;71;64m██[38;2;83;65;58m██[38;2;82;65;57m██[38;2;127;122;119m  [38;2;0;0;0m                      [38;2;105;105;150m  [38;2;0;0;0m            
[38;2;80;152;161m  [38;2;7;25;46m██[38;2;20;23;39m██[38;2;35;26;33m██[38;2;124;113;116m  [38;2;32;21;17m██[38;2;38;27;24m██[38;2;78;66;62m██[38;2;76;61;56m██[38;2;74;64;60m██[38;2;127;123;120m  [38;2;0;0;0m                                      
[38;2;2;22;44m██[38;2;9;19;38m██[38;2;28;24;36m██[38;2;47;47;47m  [38;2;32;24;29m██[38;2;28;19;21m██[38;2;25;18;18m██[38;2;55;48;49m  [38;2;0;0;0m                                    [38;2;16;16;88m  [38;2;0;0;0m      
[38;2;9;21;35m██[38;2;16;18;32m██[38;2;85;74;85m  [38;2;113;102;115m  [38;2;23;16;23m██[38;2;22;18;24m██[38;2;42;39;46m  [38;2;0;0;0m                                              
[38;2;13;18;32m██[38;2;15;17;27m██[38;2;92;83;92m  [38;2;28;21;31m██[38;2;23;17;24m██[38;2;21;19;26m██[38;2;69;69;77m  [38;2;0;0;0m                                              
[38;2;65;66;74m██[38;2;26;28;35m██[38;2;0;0;0m  [38;2;32;29;36m██[38;2;69;67;73m██[38;2;33;31;36m  [38;2;35;35;35m  [38;2;0;0;0m                                              [0m
