
[38;2;0;0;0m        [38;2;125;125;125m  [38;2;244;244;244m██[38;2;243;243;243m██████[38;2;242;242;242m████[38;2;243;243;243m██████████[38;2;241;241;241m██[38;2;228;228;228m██[38;2;242;242;242m██[38;2;236;236;236m██[38;2;225;225;225m██[38;2;226;225;225m██[38;2;218;219;219m██[38;2;218;181;181m██[38;2;203;47;47m██[38;2;214;207;208m  [38;2;28;29;29m  [38;2;0;0;0m      
[38;2;0;0;0m      [38;2;62;62;62m  [38;2;234;234;234m██[38;2;243;243;243m████[38;2;242;242;242m██[38;2;243;243;243m██[38;2;238;238;238m██[38;2;233;234;236m██[38;2;243;243;243m████████████[38;2;239;239;239m██[38;2;234;234;234m██[38;2;239;240;240m██[38;2;221;170;171m██[38;2;200;35;35m██[38;2;232;206;206m██[38;2;223;181;181m██[38;2;197;21;32m██[38;2;215;125;126m██[38;2;194;191;191m  [38;2;219;199;200m  [38;2;212;203;203m  [38;2;37;38;38m  
[38;2;0;0;0m      [38;2;189;189;189m  [38;2;244;244;244m██[38;2;243;243;243m██[38;2;244;244;244m██[38;2;230;230;230m██[38;2;243;243;243m██[38;2;231;232;234m██[38;2;203;210;222m██[38;2;244;244;244m██[38;2;243;243;243m██[38;2;240;240;240m██[38;2;243;243;243m████[38;2;244;244;244m██[38;2;243;243;243m██[38;2;232;232;232m██[38;2;231;231;231m██[38;2;236;231;231m██[38;2;198;34;40m██[38;2;200;40;42m██[38;2;245;230;230m██[38;2;203;50;52m██[38;2;199;35;40m██[38;2;206;53;53m██[38;2;200;40;54m██[38;2;211;91;98m██[38;2;162;166;166m  
[38;2;0;0;0m  [38;2;11;36;51m  [38;2;68;83;89m  [38;2;248;248;247m██[38;2;243;243;243m████[38;2;233;233;233m██[38;2;237;237;237m██[38;2;243;243;243m██[38;2;208;214;223m██[38;2;191;202;219m██[38;2;244;244;244m██[38;2;245;245;245m██[38;2;203;203;203m██[38;2;244;244;244m██[38;2;243;243;243m██[38;2;231;231;231m██[38;2;244;244;244m████[38;2;214;219;220m██[38;2;215;218;218m██[38;2;222;142;144m██[38;2;196;3;8m██[38;2;226;182;182m██[38;2;227;183;184m██[38;2;202;42;45m██[38;2;197;30;38m██[38;2;202;49;59m██[38;2;229;168;168m██[38;2;174;177;177m  
[38;2;17;42;58m  [38;2;37;103;146m██[38;2;171;191;203m██[38;2;244;244;244m██[38;2;243;243;243m██[38;2;241;243;243m██[38;2;223;224;224m██[38;2;244;244;244m████[38;2;173;195;209m██[38;2;171;197;220m██[38;2;244;244;244m██[38;2;247;247;247m██[38;2;158;150;150m██[38;2;244;244;244m██[38;2;243;243;243m██[38;2;228;228;228m██[38;2;237;237;237m██[38;2;215;215;215m██[38;2;230;222;224m██[38;2;214;130;133m██[38;2;201;40;43m██[38;2;196;10;23m██[38;2;217;168;168m██[38;2;184;187;189m██[38;2;221;203;204m██[38;2;232;174;175m██[38;2;210;112;113m██[38;2;208;62;62m██[38;2;216;122;128m  
[38;2;35;86;129m██[38;2;53;114;153m██[38;2;218;220;224m██[38;2;243;243;243m██[38;2;245;243;243m██[38;2;217;237;246m██[38;2;224;223;223m██[38;2;244;244;244m████[38;2;161;187;203m██[38;2;164;194;219m██[38;2;245;245;244m██[38;2;244;246;246m██[38;2;179;133;123m██[38;2;241;241;241m██[38;2;243;243;243m██[38;2;245;245;245m██[38;2;194;192;192m██[38;2;230;233;233m██[38;2;197;10;25m██[38;2;197;19;25m██[38;2;197;33;41m██[38;2;206;56;59m██[38;2;227;224;224m██[38;2;215;215;215m██[38;2;219;199;199m██[38;2;200;41;43m██[38;2;197;25;38m██[38;2;202;39;49m██[38;2;214;100;100m██
[38;2;184;190;206m██[38;2;176;195;209m██[38;2;233;233;233m██[38;2;243;243;243m██[38;2;245;244;243m██[38;2;197;231;243m██[38;2;232;232;231m██[38;2;244;244;244m██[38;2;245;245;245m██[38;2;156;181;197m██[38;2;156;187;215m██[38;2;234;236;239m██[38;2;241;243;243m██[38;2;201;151;142m██[38;2;235;231;231m██[38;2;243;243;243m██[38;2;245;245;246m██[38;2;198;185;183m██[38;2;207;208;208m██[38;2;235;183;184m██[38;2;218;135;136m██[38;2;234;183;183m██[38;2;243;224;224m██[38;2;227;225;225m██[38;2;171;175;175m██[38;2;231;167;168m██[38;2;197;28;35m██[38;2;209;82;89m██[38;2;219;199;200m██[38;2;200;212;217m██
[38;2;171;92;95m██[38;2;183;106;108m██[38;2;240;241;241m██[38;2;243;243;243m██[38;2;224;239;245m██[38;2;205;230;239m██[38;2;238;237;237m██[38;2;243;243;243m██[38;2;245;245;245m██[38;2;150;171;186m██[38;2;142;174;207m██[38;2;198;207;224m██[38;2;243;244;244m██[38;2;200;143;132m██[38;2;225;213;211m██[38;2;244;244;244m████[38;2;211;199;197m██[38;2;223;212;210m██[38;2;199;200;199m██[38;2;233;190;190m██[38;2;199;51;56m██[38;2;194;1;3m██[38;2;198;29;32m██[38;2;235;188;190m██[38;2;231;172;172m██[38;2;197;29;36m██[38;2;207;59;69m██[38;2;205;205;205m██[38;2;233;244;247m██
[38;2;155;49;51m██[38;2;174;101;103m██[38;2;244;244;244m██[38;2;244;243;243m██[38;2;197;233;247m██[38;2;219;233;238m██[38;2;237;237;237m██[38;2;243;243;243m██[38;2;245;245;245m██[38;2;169;168;179m██[38;2;119;149;192m██[38;2;164;183;213m██[38;2;246;248;247m██[38;2;204;157;148m██[38;2;204;177;171m██[38;2;245;246;246m██[38;2;243;243;243m██[38;2;233;224;222m██[38;2;197;155;148m██[38;2;214;195;196m██[38;2;198;29;30m██[38;2;198;31;35m██[38;2;217;129;132m██[38;2;201;64;70m██[38;2;197;26;29m██[38;2;238;202;203m██[38;2;199;41;51m██[38;2;206;49;49m██[38;2;151;145;145m  [38;2;225;227;228m██
[38;2;192;191;191m██[38;2;198;197;197m  [38;2;244;244;244m██[38;2;244;243;243m██[38;2;171;229;248m██[38;2;225;233;236m██[38;2;236;236;235m██[38;2;243;243;243m██[38;2;243;244;245m██[38;2;186;162;165m██[38;2;87;125;178m██[38;2;119;157;201m██[38;2;244;246;246m██[38;2;206;173;167m██[38;2;253;232;223m██[38;2;213;209;207m██[38;2;244;244;244m██[38;2;236;235;234m██[38;2;239;216;209m██[38;2;217;203;201m██[38;2;228;205;205m██[38;2;211;230;236m██[38;2;208;214;214m██[38;2;231;171;171m██[38;2;195;0;0m██[38;2;234;208;208m██[38;2;214;102;102m██[38;2;212;88;88m██[38;2;161;156;156m  [38;2;157;157;156m  
[38;2;81;81;81m  [38;2;155;155;155m  [38;2;244;244;244m██[38;2;244;243;243m██[38;2;152;227;249m██[38;2;219;223;225m██[38;2;227;225;225m██[38;2;243;243;243m██[38;2;219;220;221m██[38;2;193;151;144m██[38;2;92;129;176m██[38;2;93;140;194m██[38;2;234;238;242m██[38;2;219;199;194m██[38;2;255;236;228m██[38;2;239;223;216m██[38;2;225;219;218m██[38;2;224;217;214m██[38;2;238;221;214m██[38;2;247;230;222m██[38;2;215;205;201m██[38;2;171;176;177m██[38;2;227;225;225m██[38;2;220;187;187m██[38;2;193;15;15m██[38;2;233;219;219m██[38;2;214;213;213m██[38;2;213;208;209m██[38;2;73;77;81m  [38;2;72;72;71m  
[38;2;49;49;49m  [38;2;169;169;169m  [38;2;244;244;244m██[38;2;244;243;243m██[38;2;150;227;249m██[38;2;201;204;206m██[38;2;229;219;216m██[38;2;238;237;237m██[38;2;197;187;186m██[38;2;224;181;171m██[38;2;121;136;169m██[38;2;96;139;188m██[38;2;206;206;214m██[38;2;238;221;214m██[38;2;255;235;227m████[38;2;255;236;228m██[38;2;246;229;221m██[38;2;255;236;228m██[38;2;255;235;227m██[38;2;255;236;228m██[38;2;251;234;225m██[38;2;238;234;233m██[38;2;214;214;214m██[38;2;237;224;225m██[38;2;218;219;219m██[38;2;236;236;236m██[38;2;245;245;245m██[38;2;105;107;109m  [38;2;58;58;58m  
[38;2;42;42;41m  [38;2;170;170;170m  [38;2;244;244;244m██[38;2;244;244;243m██[38;2;147;208;226m██[38;2;167;170;178m██[38;2;237;224;222m██[38;2;223;208;206m██[38;2;207;178;171m██[38;2;254;235;227m██[38;2;240;222;217m██[38;2;239;224;219m██[38;2;254;234;226m██[38;2;255;235;227m████[38;2;237;219;212m██[38;2;208;192;185m██[38;2;246;227;220m██[38;2;255;235;227m████[38;2;255;236;228m██[38;2;255;237;229m██[38;2;226;223;221m██[38;2;242;242;242m██[38;2;236;237;237m██[38;2;235;235;235m██[38;2;238;238;238m██[38;2;244;244;244m██[38;2;157;157;157m  [38;2;47;58;61m  
[38;2;43;43;43m  [38;2;165;165;165m  [38;2;244;244;244m████[38;2;164;191;200m██[38;2;207;182;179m██[38;2;238;215;208m██[38;2;247;223;215m██[38;2;213;197;191m██[38;2;238;220;212m██[38;2;253;233;225m██[38;2;255;235;227m██████[38;2;255;236;228m██[38;2;225;208;201m██[38;2;252;235;227m██[38;2;255;236;228m████[38;2;238;222;214m██[38;2;199;184;178m██[38;2;171;148;142m██[38;2;212;202;199m██[38;2;244;244;244m████[38;2;229;229;229m██[38;2;237;237;237m██[38;2;244;244;244m██[38;2;194;193;192m  [38;2;44;90;104m  
[38;2;56;56;56m  [38;2;85;85;85m  [38;2;245;245;245m██[38;2;244;244;244m██[38;2;215;201;198m██[38;2;250;231;223m██[38;2;255;237;229m██[38;2;255;236;228m██[38;2;253;234;226m██[38;2;238;222;215m██[38;2;253;234;226m██[38;2;255;235;227m████████[38;2;252;233;225m██[38;2;252;227;219m██[38;2;226;209;202m██[38;2;94;87;84m██[38;2;46;43;41m██[38;2;11;39;54m██[38;2;61;69;100m██[38;2;219;212;209m██[38;2;242;243;243m██[38;2;242;242;242m██[38;2;224;224;224m██[38;2;237;237;237m████[38;2;165;165;165m  [38;2;0;0;0m  
[38;2;207;207;207m  [38;2;99;99;99m  [38;2;243;243;243m██[38;2;243;244;243m██[38;2;230;223;221m██[38;2;220;200;193m██[38;2;173;159;153m██[38;2;187;173;168m██[38;2;191;182;176m██[38;2;207;187;178m██[38;2;243;221;213m██[38;2;255;235;227m████████[38;2;254;232;224m██[38;2;165;104;91m██[38;2;60;58;57m██[38;2;16;61;87m██[38;2;20;88;131m██[38;2;151;179;201m██[38;2;202;210;218m██[38;2;210;205;204m██[38;2;230;233;239m██[38;2;229;232;237m██[38;2;228;228;228m██[38;2;231;231;231m██[38;2;245;245;245m██[38;2;190;190;190m  [38;2;0;0;0m  
[38;2;58;58;58m  [38;2;190;190;190m  [38;2;240;240;240m██[38;2;221;226;233m██[38;2;208;207;208m██[38;2;236;219;212m██[38;2;183;180;179m██[38;2;71;89;102m██[38;2;3;52;77m██[38;2;44;74;97m██[38;2;204;192;190m██[38;2;255;236;228m██[38;2;255;235;227m████████[38;2;250;231;223m██[38;2;252;240;236m██[38;2;99;149;184m██[38;2;83;176;209m██[38;2;114;213;231m██[38;2;105;182;205m██[38;2;222;218;216m██[38;2;220;225;234m██[38;2;224;229;235m██[38;2;229;229;229m████[38;2;244;244;244m██[38;2;187;187;187m  [38;2;0;0;0m  
[38;2;0;0;0m  [38;2;227;227;227m██[38;2;239;239;239m██[38;2;206;213;226m██[38;2;212;214;218m██[38;2;210;188;180m██[38;2;255;251;248m██[38;2;132;162;180m██[38;2;29;108;153m██[38;2;66;135;172m██[38;2;159;186;198m██[38;2;255;237;229m██[38;2;255;235;227m██████████[38;2;255;236;229m██[38;2;220;215;216m██[38;2;178;206;209m██[38;2;211;181;175m██[38;2;244;184;169m██[38;2;240;228;225m██[38;2;202;210;226m██[38;2;228;231;237m██[38;2;227;227;227m██[38;2;229;229;229m██[38;2;244;244;244m██[38;2;194;194;194m  [38;2;0;0;0m  
[38;2;107;107;107m  [38;2;197;197;197m  [38;2;224;224;223m  [38;2;198;208;224m██[38;2;226;231;238m██[38;2;198;183;179m██[38;2;252;238;231m██[38;2;208;219;227m██[38;2;85;158;188m██[38;2;135;212;224m██[38;2;164;199;208m██[38;2;255;236;228m██[38;2;255;235;227m██████[38;2;255;236;228m██[38;2;255;235;227m████[38;2;255;236;228m██[38;2;255;197;183m██[38;2;255;191;177m██[38;2;240;187;175m██[38;2;233;228;226m██[38;2;177;191;215m██[38;2;232;234;238m██[38;2;229;229;229m██[38;2;227;227;227m██[38;2;244;244;244m██[38;2;213;213;213m██[38;2;0;0;0m  
[38;2;129;129;129m  [38;2;18;18;18m  [38;2;207;207;206m  [38;2;187;203;223m██[38;2;202;214;227m██[38;2;219;210;207m██[38;2;248;212;202m██[38;2;255;199;186m██[38;2;255;205;191m██[38;2;255;226;216m██[38;2;255;236;228m██[38;2;255;235;227m██████[38;2;254;235;227m██[38;2;235;214;206m██[38;2;255;235;227m██████[38;2;255;196;183m██[38;2;255;191;177m██[38;2;211;163;152m██[38;2;242;240;239m██[38;2;123;160;202m██[38;2;236;237;240m██[38;2;233;233;233m██[38;2;189;189;189m██[38;2;242;242;242m██[38;2;241;241;241m██[38;2;11;11;11m  
[38;2;6;6;6m  [38;2;0;0;0m  [38;2;181;181;181m  [38;2;181;207;227m██[38;2;171;199;222m██[38;2;229;219;216m██[38;2;226;170;157m██[38;2;255;191;177m████[38;2;255;202;189m██[38;2;255;233;225m██[38;2;255;235;227m████[38;2;249;228;221m██[38;2;204;178;170m██[38;2;242;221;213m██[38;2;255;235;227m██████[38;2;255;227;218m██[38;2;255;208;197m██[38;2;214;167;157m██[38;2;231;234;238m██[38;2;59;135;194m██[38;2;241;242;242m██[38;2;237;237;237m██[38;2;226;226;226m██[38;2;215;215;214m██[38;2;243;243;243m██[38;2;100;100;100m  
[38;2;0;0;0m  [38;2;4;4;4m  [38;2;134;134;134m  [38;2;213;223;236m██[38;2;151;174;208m██[38;2;241;234;232m██[38;2;242;188;176m██[38;2;255;192;178m██[38;2;255;191;177m██[38;2;255;204;192m██[38;2;255;234;226m██[38;2;255;235;227m██[38;2;255;237;229m██[38;2;212;188;180m██[38;2;217;192;184m██[38;2;253;233;225m██[38;2;255;235;227m████[38;2;255;236;228m██[38;2;231;214;207m██[38;2;161;137;132m██[38;2;160;164;165m██[38;2;180;195;219m██[38;2;131;164;205m██[38;2;243;243;242m██[38;2;221;221;221m██[38;2;239;239;240m██[38;2;234;235;235m██[38;2;244;244;244m██[38;2;172;172;172m  
[38;2;0;0;0m  [38;2;4;4;4m  [38;2;25;25;25m  [38;2;234;237;242m██[38;2;69;135;193m██[38;2;237;237;237m██[38;2;166;156;157m██[38;2;196;148;137m██[38;2;250;210;199m██[38;2;255;234;225m██[38;2;255;237;229m██[38;2;255;236;228m██[38;2;255;235;227m██[38;2;255;236;228m██[38;2;253;234;226m██[38;2;254;236;228m██[38;2;255;239;231m██[38;2;254;234;226m██[38;2;212;178;169m██[38;2;139;140;144m██[38;2;152;157;163m██[38;2;207;208;209m██[38;2;73;140;196m██[38;2;208;215;228m██[38;2;207;206;206m██[38;2;191;193;194m██[38;2;240;240;240m██[38;2;216;218;218m██[38;2;226;226;227m██[38;2;228;228;228m  
[38;2;0;0;0m      [38;2;216;216;216m██[38;2;86;151;202m██[38;2;184;199;220m██[38;2;164;168;173m██[38;2;155;162;169m██[38;2;124;129;134m██[38;2;168;159;157m██[38;2;200;185;181m██[38;2;214;196;191m██[38;2;220;204;198m██[38;2;211;188;181m██[38;2;208;186;181m██[38;2;197;176;170m██[38;2;200;154;145m██[38;2;233;173;163m██[38;2;200;144;134m██[38;2;148;154;160m██[38;2;129;133;138m██[38;2;213;225;235m██[38;2;106;158;205m██[38;2;243;242;241m██[38;2;163;163;163m██[38;2;163;167;172m██[38;2;239;239;239m██[38;2;220;221;222m  [38;2;128;128;129m  [38;2;235;235;235m██
[38;2;0;0;0m      [38;2;120;120;120m  [38;2;207;218;231m██[38;2;126;193;226m██[38;2;172;174;179m██[38;2;162;167;173m██[38;2;163;168;174m██[38;2;162;167;173m██[38;2;158;163;169m██[38;2;135;138;144m██[38;2;131;132;138m██[38;2;139;132;137m██[38;2;159;159;165m██[38;2;165;157;159m██[38;2;222;163;152m██[38;2;214;161;152m██[38;2;166;155;158m██[38;2;166;173;181m██[38;2;195;193;196m██[38;2;140;206;235m██[38;2;200;224;237m██[38;2;216;217;217m██[38;2;126;130;134m██[38;2;171;175;181m██[38;2;235;235;236m██[38;2;239;239;239m██[38;2;55;55;55m  [38;2;62;62;62m  
[38;2;0;0;0m      [38;2;36;36;36m  [38;2;224;222;221m  [38;2;151;201;229m██[38;2;157;189;206m██[38;2;156;159;165m██[38;2;162;167;173m████[38;2;149;153;159m██[38;2;220;220;221m██[38;2;254;254;255m██[38;2;206;207;208m██[38;2;145;138;135m██[38;2;182;139;134m██[38;2;218;165;153m██[38;2;177;174;176m██[38;2;236;237;239m██[38;2;229;231;232m██[38;2;164;215;234m██[38;2;152;220;244m██[38;2;209;211;214m██[38;2;111;117;123m  [38;2;161;166;172m████[38;2;219;220;222m██[38;2;245;245;245m██[38;2;152;152;152m  [38;2;0;0;0m  
[38;2;0;0;0m        [38;2;113;116;119m  [38;2;184;189;194m██[38;2;144;214;241m██[38;2;123;154;167m██[38;2;163;168;173m██[38;2;158;163;168m██[38;2;56;104;132m██[38;2;191;195;199m██[38;2;252;252;252m██[38;2;253;251;248m██[38;2;218;183;137m██[38;2;207;159;87m██[38;2;234;220;203m██[38;2;255;255;255m██[38;2;233;231;230m██[38;2;139;202;223m██[38;2;119;192;222m██[38;2;137;160;178m██[38;2;40;95;128m██[38;2;97;109;124m██[38;2;163;168;174m██[38;2;161;166;173m██[38;2;173;177;182m██[38;2;246;246;246m██[38;2;217;217;217m██[38;2;0;0;0m  
[38;2;0;0;0m        [38;2;110;114;118m  [38;2;152;156;162m██[38;2;159;162;168m██[38;2;121;167;184m██[38;2;135;144;151m██[38;2;95;124;141m██[38;2;42;111;154m██[38;2;26;101;145m██[38;2;65;111;143m██[38;2;158;162;165m██[38;2;150;151;139m██[38;2;149;165;171m██[38;2;188;189;186m██[38;2;115;129;144m██[38;2;11;76;123m██[38;2;39;102;145m██[38;2;37;101;142m██[38;2;38;112;155m██[38;2;45;108;149m██[38;2;87;101;116m██[38;2;163;168;174m██[38;2;162;167;173m██[38;2;160;165;171m██[38;2;195;198;201m██[38;2;247;247;247m██[38;2;92;92;92m  
[38;2;0;0;0m        [38;2;117;121;125m  [38;2;163;168;174m██[38;2;140;145;150m██[38;2;159;162;168m██[38;2;103;121;136m██[38;2;38;94;130m██[38;2;38;90;124m██[38;2;26;63;91m██[38;2;32;85;119m██[38;2;53;102;132m██[38;2;36;99;136m██[38;2;29;90;127m██[38;2;75;109;134m██[38;2;52;98;127m██[38;2;60;90;119m██[38;2;167;165;166m██[38;2;51;87;116m██[38;2;49;112;153m██[38;2;44;109;150m██[38;2;97;107;119m██[38;2;163;168;174m██[38;2;162;167;173m██[38;2;164;169;176m██[38;2;83;86;89m  [38;2;178;181;186m██[38;2;193;194;196m  
[38;2;0;0;0m      [38;2;13;14;15m  [38;2;138;143;148m  [38;2;160;165;171m██[38;2;37;38;40m  [38;2;144;152;161m██[38;2;52;112;150m██[38;2;51;116;158m██[38;2;52;117;159m██[38;2;51;115;157m██[38;2;41;95;131m██[38;2;44;100;137m██[38;2;50;112;153m██[38;2;52;116;159m██[38;2;50;116;159m██[38;2;51;116;159m██[38;2;49;116;159m██[38;2;13;102;145m██[38;2;33;94;131m██[38;2;52;116;158m██[38;2;36;96;136m██[38;2;111;117;126m██[38;2;163;168;174m██[38;2;162;167;173m██[38;2;165;170;176m██[38;2;57;59;61m  [38;2;15;16;18m  [38;2;89;92;96m  [0m
