
[38;2;189;99;127m██[38;2;166;65;94m██[38;2;215;125;151m██[38;2;81;47;59m██[38;2;87;53;70m██[38;2;90;62;77m██[38;2;91;60;75m██[38;2;104;66;83m██[38;2;104;71;87m██[38;2;222;198;214m██[38;2;255;245;253m██[38;2;253;251;252m██[38;2;253;251;254m██████[38;2;224;212;220m██[38;2;251;246;250m██[38;2;253;251;254m██[38;2;254;247;254m██[38;2;174;136;151m██[38;2;243;223;236m██[38;2;246;231;238m██[38;2;112;69;91m██[38;2;92;60;76m██[38;2;195;168;183m██[38;2;208;188;199m██[38;2;69;55;60m██
[38;2;207;107;136m██[38;2;224;123;153m██[38;2;224;125;154m██[38;2;93;61;73m██[38;2;197;165;180m██[38;2;95;57;78m██[38;2;82;48;64m██[38;2;129;92;110m██[38;2;254;239;252m██[38;2;173;157;167m██[38;2;255;249;251m██[38;2;252;252;254m██[38;2;253;251;254m████[38;2;252;251;254m██[38;2;231;221;227m██[38;2;253;251;254m████[38;2;255;251;255m██[38;2;255;244;252m██[38;2;133;102;116m██[38;2;251;239;251m██[38;2;194;83;130m██[38;2;224;76;152m██[38;2;225;199;210m██[38;2;69;49;61m██[38;2;57;50;57m  
[38;2;229;125;155m██[38;2;232;127;158m██[38;2;232;129;159m██[38;2;108;68;84m██[38;2;234;201;216m██[38;2;106;68;89m██[38;2;101;61;80m██[38;2;147;117;133m██[38;2;249;244;248m██[38;2;169;146;159m██[38;2;254;247;254m██[38;2;251;251;253m██[38;2;253;251;254m██████[38;2;251;245;249m██[38;2;251;248;252m██[38;2;253;251;254m██[38;2;179;174;179m██[38;2;254;250;251m██[38;2;166;127;145m██[38;2;122;97;113m██[38;2;170;79;125m██[38;2;212;68;138m██[38;2;146;88;110m██[38;2;64;44;54m██[38;2;0;0;0m  
[38;2;236;122;158m██[38;2;241;130;164m██[38;2;238;137;167m██[38;2;101;60;76m██[38;2;248;212;223m██[38;2;109;73;90m██[38;2;131;88;109m██[38;2;253;242;250m██[38;2;251;247;248m██[38;2;134;107;119m██[38;2;197;167;182m██[38;2;252;249;252m██[38;2;254;249;253m██[38;2;253;251;254m████[38;2;254;249;255m██[38;2;254;249;253m██[38;2;191;181;186m██[38;2;253;251;252m██[38;2;253;251;254m██[38;2;255;246;254m██[38;2;117;76;95m██[38;2;83;33;60m██[38;2;133;43;83m██[38;2;67;46;55m██[38;2;69;52;62m██[38;2;0;0;0m  
[38;2;247;138;175m██[38;2;244;134;173m██[38;2;239;137;172m██[38;2;100;58;75m██[38;2;245;218;233m██[38;2;121;75;96m██[38;2;137;93;114m██[38;2;254;247;251m██[38;2;253;247;249m██[38;2;127;97;105m██[38;2;105;64;78m██[38;2;224;207;212m██[38;2;252;246;250m██[38;2;253;249;252m██[38;2;252;250;251m██[38;2;251;249;250m██[38;2;242;238;239m██[38;2;254;250;249m██[38;2;252;251;252m██[38;2;250;248;251m██[38;2;253;248;252m██[38;2;173;135;152m██[38;2;95;61;78m██[38;2;65;39;54m██[38;2;59;36;46m██[38;2;0;0;0m    
[38;2;250;143;190m██[38;2;252;144;185m██[38;2;238;152;179m██[38;2;79;42;60m██[38;2;255;237;253m██[38;2;127;79;101m██[38;2;153;112;132m██[38;2;252;251;248m██[38;2;251;248;247m██[38;2;124;95;102m██[38;2;96;60;70m██[38;2;94;53;67m██[38;2;99;58;72m██[38;2;110;68;82m██[38;2;150;122;131m██[38;2;254;237;243m██[38;2;248;241;243m██[38;2;254;249;249m██[38;2;252;250;253m████[38;2;253;248;253m██[38;2;195;173;185m██[38;2;78;47;63m██[38;2;67;44;58m██[38;2;0;0;0m      
[38;2;255;149;194m██[38;2;250;147;190m██[38;2;247;151;188m██[38;2;74;38;56m██[38;2;255;240;251m██[38;2;133;85;107m██[38;2;193;167;180m██[38;2;251;250;248m██[38;2;251;248;247m██[38;2;100;66;77m██[38;2;78;46;57m██[38;2;77;46;54m██[38;2;80;49;57m██[38;2;82;44;55m██[38;2;91;52;65m██[38;2;108;70;83m██[38;2;119;87;98m██[38;2;250;233;239m██[38;2;253;249;250m████[38;2;254;245;252m██[38;2;242;227;237m██[38;2;78;53;68m██[38;2;22;18;21m  [38;2;0;0;0m      
[38;2;255;150;195m██[38;2;252;149;192m██[38;2;243;147;185m██[38;2;82;47;65m██[38;2;155;130;144m██[38;2;144;101;121m██[38;2;243;224;233m██[38;2;251;250;248m██[38;2;251;248;247m██[38;2;101;66;78m██[38;2;72;40;51m██[38;2;69;42;49m██[38;2;70;43;50m██[38;2;84;51;60m██[38;2;86;53;64m██[38;2;87;57;67m██[38;2;109;66;81m██[38;2;125;77;91m██[38;2;131;91;102m██[38;2;138;105;118m██[38;2;254;244;253m██[38;2;121;88;102m██[38;2;104;80;97m██[38;2;0;0;0m        
[38;2;254;153;197m██[38;2;250;149;193m██[38;2;238;137;176m██[38;2;83;48;67m██[38;2;88;53;73m██[38;2;198;172;187m██[38;2;252;242;246m██[38;2;251;250;248m██[38;2;250;247;245m██[38;2;96;62;73m██[38;2;74;42;53m██[38;2;66;39;48m████[38;2;73;47;57m██[38;2;73;46;56m██[38;2;83;50;61m██[38;2;94;57;70m██[38;2;118;77;92m██[38;2;122;78;95m██[38;2;252;246;250m██[38;2;250;236;246m██[38;2;107;76;109m  [38;2;0;0;0m          
[38;2;252;150;198m██[38;2;254;152;199m██[38;2;218;120;159m██[38;2;90;51;71m██[38;2;94;60;77m██[38;2;255;246;255m██[38;2;253;247;251m██[38;2;251;251;249m██[38;2;251;247;248m██[38;2;102;67;81m██[38;2;68;40;49m██[38;2;65;38;47m██[38;2;68;41;50m██[38;2;72;46;57m██[38;2;76;46;58m██[38;2;84;51;63m██[38;2;92;59;70m██[38;2;103;66;79m██[38;2;253;243;250m██[38;2;253;247;249m██[38;2;131;97;122m██[38;2;0;0;0m            
[38;2;246;132;184m██[38;2;217;118;166m██[38;2;199;99;143m██[38;2;95;51;70m██[38;2;90;55;76m██[38;2;243;222;239m██[38;2;250;248;249m██[38;2;249;249;249m██[38;2;253;248;252m██[38;2;140;112;124m██[38;2;70;40;50m██[38;2;66;36;46m██[38;2;72;42;52m██[38;2;71;43;50m██[38;2;74;44;56m██[38;2;84;52;66m██[38;2;98;59;73m██[38;2;254;238;246m██[38;2;252;247;251m██[38;2;233;214;226m██[38;2;31;25;34m  [38;2;0;0;0m            
[38;2;244;130;182m██[38;2;229;123;170m██[38;2;132;50;83m██[38;2;110;50;75m██[38;2;86;52;69m██[38;2;106;73;92m██[38;2;252;247;248m██[38;2;251;250;248m████[38;2;241;219;228m██[38;2;68;40;52m██[38;2;67;37;45m██[38;2;71;41;51m██[38;2;73;43;53m██[38;2;75;43;56m██[38;2;93;56;71m██[38;2;120;94;105m██[38;2;252;247;251m██[38;2;255;249;253m██[38;2;148;113;153m  [38;2;0;0;0m              
[38;2;236;124;176m██[38;2;247;135;191m██[38;2;100;46;69m██[38;2;105;47;75m██[38;2;92;50;72m██[38;2;100;61;82m██[38;2;253;247;249m██[38;2;253;248;252m████[38;2;255;245;251m██[38;2;80;47;59m██[38;2;69;37;48m██[38;2;72;42;54m██[38;2;74;44;56m██[38;2;86;52;66m██[38;2;100;69;84m██[38;2;252;245;249m██[38;2;252;247;251m██[38;2;196;176;203m██[38;2;0;0;0m                
[38;2;208;95;150m██[38;2;237;126;180m██[38;2;87;40;66m██[38;2;94;47;72m██[38;2;104;50;74m██[38;2;108;54;78m██[38;2;254;238;250m██[38;2;253;249;253m██[38;2;253;249;248m████[38;2;104;69;79m██[38;2;67;39;51m██[38;2;71;41;53m██[38;2;75;45;57m██[38;2;85;54;67m██[38;2;237;219;227m██[38;2;252;247;251m██[38;2;253;243;254m██[38;2;0;0;0m                  [0m
