
[38;2;0;0;0m                          ████████                          
[38;2;0;0;0m                  ██[38;2;13;0;0m██[38;2;100;0;0m██[38;2;156;0;0m██[38;2;166;0;0m██[38;2;0;0;0m████[38;2;30;0;0m██[38;2;151;0;0m██[38;2;100;0;0m██[38;2;13;0;0m██[38;2;0;0;0m██                  
[38;2;0;0;0m              ██[38;2;49;0;0m██[38;2;163;0;0m██[38;2;165;0;0m██[38;2;167;0;0m██[38;2;168;0;0m██[38;2;93;0;0m██[38;2;0;0;0m████████[38;2;53;0;0m██[38;2;166;0;0m██[38;2;163;0;0m██[38;2;49;0;0m██[38;2;0;0;0m██              
[38;2;0;0;0m            [38;2;4;0;0m██[38;2;156;0;0m██[38;2;165;0;0m██[38;2;168;0;0m██[38;2;170;0;0m██[38;2;171;0;0m██[38;2;172;0;0m██[38;2;1;0;0m██[38;2;0;0;0m██████████[38;2;3;0;0m██[38;2;165;0;0m████[38;2;156;0;0m██[38;2;4;0;0m██[38;2;0;0;0m            
[38;2;0;0;0m          [38;2;26;0;0m██[38;2;165;0;0m██[38;2;167;0;0m██[38;2;170;0;0m██[38;2;172;0;0m██[38;2;174;0;0m██[38;2;176;0;0m██[38;2;168;0;0m██[38;2;0;0;0m████████████████[38;2;164;0;0m██[38;2;167;0;0m██[38;2;165;0;0m██[38;2;26;0;0m██[38;2;0;0;0m          
[38;2;0;0;0m        [38;2;26;0;0m██[38;2;165;0;0m██[38;2;168;0;0m██[38;2;171;0;0m██[38;2;174;0;0m██[38;2;176;0;0m██[38;2;129;0;0m██[38;2;4;0;0m██[38;2;19;0;0m██[38;2;0;0;0m████████████████[38;2;1;0;0m██[38;2;171;0;0m██[38;2;168;0;0m██[38;2;165;0;0m██[38;2;26;0;0m██[38;2;0;0;0m        
[38;2;0;0;0m      [38;2;4;0;0m██[38;2;165;0;0m██[38;2;168;0;0m██[38;2;171;0;0m██[38;2;175;0;0m██[38;2;174;0;0m██[38;2;9;0;0m██[38;2;136;0;0m██[38;2;185;0;0m██[38;2;4;0;0m██[38;2;0;0;0m██████████████████[38;2;20;0;0m██[38;2;171;0;0m██[38;2;168;0;0m██[38;2;165;0;0m██[38;2;4;0;0m██[38;2;0;0;0m      
[38;2;0;0;0m    ██[38;2;157;0;0m██[38;2;167;0;0m██[38;2;171;0;0m██[38;2;175;0;0m██[38;2;143;0;0m██[38;2;5;0;0m██[38;2;184;0;0m██[38;2;187;0;0m██[38;2;190;0;0m██[38;2;0;0;0m████████████[38;2;191;0;0m██[38;2;160;0;0m██[38;2;4;0;0m██[38;2;0;0;0m████[38;2;133;0;0m██[38;2;171;0;0m██[38;2;167;0;0m██[38;2;157;0;0m██[38;2;0;0;0m██    
[38;2;0;0;0m    [38;2;49;0;0m██[38;2;166;0;0m██[38;2;170;0;0m██[38;2;174;0;0m██[38;2;128;0;0m██[38;2;0;0;0m██[38;2;185;0;0m██[38;2;188;0;0m██[38;2;191;0;0m██[38;2;169;0;0m██[38;2;0;0;0m████████████[38;2;169;0;0m██[38;2;191;0;0m██[38;2;189;0;0m██[38;2;61;0;0m██[38;2;0;0;0m██[38;2;2;0;0m██[38;2;174;0;0m██[38;2;170;0;0m██[38;2;166;0;0m██[38;2;49;0;0m██[38;2;0;0;0m    
[38;2;0;0;0m  ██[38;2;163;0;0m██[38;2;168;0;0m██[38;2;172;0;0m██[38;2;153;0;0m██[38;2;0;0;0m██[38;2;149;0;0m██[38;2;188;0;0m██[38;2;192;0;0m██[38;2;193;0;0m██[38;2;88;0;0m██[38;2;0;0;0m████████████[38;2;88;0;0m██[38;2;193;0;0m██[38;2;192;0;0m██[38;2;188;0;0m██[38;2;70;0;0m██[38;2;0;0;0m██[38;2;151;0;0m██[38;2;172;0;0m██[38;2;168;0;0m██[38;2;163;0;0m██[38;2;0;0;0m██  
[38;2;0;0;0m  [38;2;13;0;0m██[38;2;166;0;0m██[38;2;170;0;0m██[38;2;175;0;0m██[38;2;0;0;0m██[38;2;4;0;0m██[38;2;187;0;0m██[38;2;191;0;0m██[38;2;193;0;0m██[38;2;184;0;0m██[38;2;22;0;0m██[38;2;0;0;0m████████████[38;2;23;0;0m██[38;2;184;0;0m██[38;2;193;0;0m██[38;2;191;0;0m██[38;2;187;0;0m██[38;2;13;0;0m██[38;2;34;0;0m██[38;2;175;0;0m██[38;2;170;0;0m██[38;2;166;0;0m██[38;2;13;0;0m██[38;2;0;0;0m  
[38;2;0;0;0m  [38;2;100;0;0m██[38;2;167;0;0m██[38;2;172;0;0m██[38;2;34;0;0m██[38;2;0;0;0m██[38;2;107;0;0m██[38;2;190;0;0m██[38;2;194;0;0m██[38;2;186;0;0m██[38;2;175;0;0m██[38;2;0;0;0m████████████████[38;2;175;0;0m██[38;2;186;0;0m██[38;2;194;0;0m██[38;2;190;0;0m██[38;2;178;0;0m██[38;2;0;0;0m██[38;2;176;0;0m██[38;2;172;0;0m██[38;2;167;0;0m██[38;2;99;0;0m██[38;2;0;0;0m  
[38;2;0;0;0m  [38;2;157;0;0m██[38;2;168;0;0m██[38;2;165;0;0m██[38;2;0;0;0m████[38;2;180;0;0m██[38;2;192;0;0m██[38;2;191;0;0m██[38;2;180;0;0m██[38;2;169;0;0m██[38;2;0;0;0m████[38;2;38;0;0m██[38;2;149;0;0m████[38;2;38;0;0m██[38;2;0;0;0m████[38;2;169;0;0m██[38;2;180;0;0m██[38;2;191;0;0m██[38;2;192;0;0m██[38;2;187;0;0m██[38;2;11;0;0m██[38;2;178;0;0m██[38;2;173;0;0m██[38;2;168;0;0m██[38;2;157;0;0m██[38;2;0;0;0m  
[38;2;0;0;0m██[38;2;166;0;0m██[38;2;169;0;0m██[38;2;37;0;0m██[38;2;0;0;0m████[38;2;190;0;0m██[38;2;193;0;0m██[38;2;188;0;0m██[38;2;167;0;0m██[38;2;1;0;0m██[38;2;0;0;0m██[38;2;38;0;0m██[38;2;160;0;0m████████[38;2;38;0;0m██[38;2;0;0;0m██[38;2;1;0;0m██[38;2;166;0;0m██[38;2;188;0;0m██[38;2;193;0;0m██[38;2;188;0;0m██[38;2;100;0;0m██[38;2;158;0;0m██[38;2;174;0;0m██[38;2;169;0;0m██[38;2;166;0;0m██[38;2;0;0;0m██
[38;2;0;0;0m██[38;2;166;0;0m██[38;2;170;0;0m██[38;2;0;0;0m██████[38;2;190;0;0m██[38;2;194;0;0m██[38;2;150;0;0m██[38;2;0;0;0m██████[38;2;149;0;0m██[38;2;160;0;0m████████[38;2;149;0;0m██[38;2;0;0;0m██████[38;2;150;0;0m██[38;2;194;0;0m██[38;2;189;0;0m██[38;2;157;0;0m██[38;2;135;0;0m██[38;2;175;0;0m██[38;2;170;0;0m██[38;2;166;0;0m██[38;2;0;0;0m██
[38;2;0;0;0m██[38;2;166;0;0m██[38;2;152;0;0m██[38;2;0;0;0m██████[38;2;189;0;0m██[38;2;128;0;0m██[38;2;0;0;0m████████[38;2;149;0;0m██[38;2;160;0;0m████████[38;2;149;0;0m██[38;2;0;0;0m████████[38;2;128;0;0m██[38;2;189;0;0m██[38;2;167;0;0m██[38;2;131;0;0m██[38;2;175;0;0m██[38;2;170;0;0m██[38;2;166;0;0m██[38;2;0;0;0m██
[38;2;0;0;0m██[38;2;166;0;0m██[38;2;92;0;0m██[38;2;0;0;0m██████[38;2;76;0;0m██[38;2;0;0;0m██████████[38;2;38;0;0m██[38;2;160;0;0m████████[38;2;38;0;0m██[38;2;0;0;0m██████████[38;2;110;0;0m██[38;2;146;0;0m██[38;2;151;0;0m██[38;2;174;0;0m██[38;2;169;0;0m██[38;2;166;0;0m██[38;2;0;0;0m██
[38;2;0;0;0m  [38;2;157;0;0m██[38;2;47;0;0m██[38;2;0;0;0m████████████████████[38;2;38;0;0m██[38;2;149;0;0m████[38;2;38;0;0m██[38;2;0;0;0m██████████████[38;2;31;0;0m██[38;2;176;0;0m██[38;2;173;0;0m██[38;2;169;0;0m██[38;2;157;0;0m██[38;2;0;0;0m  
[38;2;0;0;0m  [38;2;101;0;0m██[38;2;29;0;0m██[38;2;0;0;0m████████████████████████████████████████████[38;2;131;0;0m██[38;2;172;0;0m██[38;2;168;0;0m██[38;2;100;0;0m██[38;2;0;0;0m  
[38;2;0;0;0m  [38;2;14;0;0m██[38;2;30;0;0m██[38;2;0;0;0m██████████████████████[38;2;1;0;0m██[38;2;2;0;0m██[38;2;0;0;0m████████████████████[38;2;159;0;0m██[38;2;166;0;0m██[38;2;13;0;0m██[38;2;0;0;0m  
[38;2;0;0;0m  ██[38;2;48;0;0m██[38;2;0;0;0m██████████████████[38;2;48;0;0m██[38;2;160;0;0m██[38;2;172;0;0m████[38;2;161;0;0m██[38;2;49;0;0m██[38;2;0;0;0m████████████████[38;2;1;0;0m██[38;2;164;0;0m██[38;2;0;0;0m██  
[38;2;0;0;0m    [38;2;2;0;0m██[38;2;0;0;0m██████████[38;2;2;0;0m██[38;2;70;0;0m██[38;2;174;0;0m██[38;2;194;0;0m██[38;2;190;0;0m██[38;2;187;0;0m██[38;2;185;0;0m████[38;2;187;0;0m██[38;2;190;0;0m██[38;2;194;0;0m██[38;2;174;0;0m██[38;2;62;0;0m██[38;2;0;0;0m████████████[38;2;5;0;0m██[38;2;0;0;0m    
[38;2;0;0;0m    ██[38;2;34;0;0m██[38;2;58;0;0m██[38;2;103;0;0m██[38;2;159;0;0m██[38;2;137;0;0m██[38;2;32;0;0m██[38;2;185;0;0m██[38;2;188;0;0m██[38;2;190;0;0m██[38;2;192;0;0m██[38;2;193;0;0m██[38;2;194;0;0m████[38;2;193;0;0m██[38;2;192;0;0m██[38;2;190;0;0m██[38;2;154;0;0m██[38;2;0;0;0m████████████[38;2;2;0;0m██[38;2;0;0;0m██    
[38;2;0;0;0m      [38;2;5;0;0m██[38;2;165;0;0m██[38;2;169;0;0m██[38;2;172;0;0m██[38;2;175;0;0m██[38;2;171;0;0m██[38;2;7;0;0m██[38;2;125;0;0m██[38;2;186;0;0m██[38;2;187;0;0m██[38;2;189;0;0m████████[38;2;173;0;0m██[38;2;27;0;0m██[38;2;0;0;0m████████████[38;2;69;0;0m██[38;2;5;0;0m██[38;2;0;0;0m      
[38;2;0;0;0m        [38;2;27;0;0m██[38;2;165;0;0m██[38;2;169;0;0m██[38;2;172;0;0m██[38;2;175;0;0m██[38;2;177;0;0m██[38;2;136;0;0m██[38;2;5;0;0m██[38;2;10;0;0m██[38;2;44;0;0m██[38;2;49;0;0m██[38;2;20;0;0m██[38;2;0;0;0m██████████████[38;2;35;0;0m██[38;2;162;0;0m██[38;2;27;0;0m██[38;2;0;0;0m        
[38;2;0;0;0m          [38;2;27;0;0m██[38;2;165;0;0m██[38;2;168;0;0m██[38;2;171;0;0m██[38;2;173;0;0m██[38;2;175;0;0m██[38;2;177;0;0m██[38;2;173;0;0m██[38;2;96;0;0m██[38;2;21;0;0m██[38;2;0;0;0m████████[38;2;1;0;0m██[38;2;31;0;0m██[38;2;116;0;0m██[38;2;168;0;0m██[38;2;165;0;0m██[38;2;26;0;0m██[38;2;0;0;0m          
[38;2;0;0;0m            [38;2;4;0;0m██[38;2;157;0;0m██[38;2;166;0;0m██[38;2;169;0;0m██[38;2;171;0;0m██[38;2;172;0;0m██[38;2;173;0;0m██[38;2;174;0;0m██[38;2;175;0;0m████[38;2;174;0;0m██[38;2;173;0;0m██[38;2;172;0;0m██[38;2;171;0;0m██[38;2;169;0;0m██[38;2;166;0;0m██[38;2;157;0;0m██[38;2;4;0;0m██[38;2;0;0;0m            
[38;2;0;0;0m              ██[38;2;49;0;0m██[38;2;163;0;0m██[38;2;166;0;0m██[38;2;168;0;0m██[38;2;169;0;0m████[38;2;170;0;0m████[38;2;169;0;0m████[38;2;168;0;0m██[38;2;166;0;0m██[38;2;163;0;0m██[38;2;49;0;0m██[38;2;0;0;0m██              
[38;2;0;0;0m                  ██[38;2;13;0;0m██[38;2;100;0;0m██[38;2;157;0;0m██[38;2;165;0;0m██[38;2;166;0;0m██████[38;2;157;0;0m██[38;2;100;0;0m██[38;2;14;0;0m██[38;2;0;0;0m██                  
[38;2;0;0;0m                          ████████                          [0m
