
[38;2;67;67;67m  [38;2;255;255;255m          [38;2;191;191;191m  [38;2;255;255;255m  [38;2;119;119;119m  [38;2;190;189;190m  [38;2;108;109;109m  [38;2;131;119;145m  [38;2;63;60;82m██[38;2;178;155;201m██[38;2;175;153;199m██[38;2;143;129;157m  [38;2;113;118;113m  [38;2;113;113;113m    [38;2;146;146;146m  [38;2;244;244;244m  [38;2;171;163;163m  [38;2;230;235;239m██[38;2;236;242;245m  [38;2;106;106;106m  [38;2;245;245;245m      
[38;2;66;66;65m  [38;2;255;255;255m          [38;2;191;191;191m  [38;2;170;170;170m  [38;2;69;70;88m  [38;2;59;60;85m██[38;2;65;60;81m██[38;2;156;151;171m██[38;2;50;52;75m██[38;2;234;225;242m██[38;2;211;197;230m██[38;2;154;138;174m██[38;2;124;110;144m██[38;2;174;152;198m  [38;2;162;175;150m  [38;2;148;148;148m  [38;2;89;89;89m  [38;2;216;221;224m  [38;2;231;237;239m██[38;2;235;239;242m██[38;2;6;6;6m        
[38;2;231;235;237m██[38;2;187;187;187m  [38;2;244;244;244m  [38;2;243;243;243m  [38;2;255;255;255m    [38;2;219;219;219m  [38;2;196;193;202m  [38;2;86;80;101m██[38;2;184;181;190m██[38;2;237;232;250m████[38;2;236;231;249m██[38;2;237;232;250m████████[38;2;231;226;239m██[38;2;163;143;186m  [38;2;136;130;145m  [38;2;167;167;167m  [38;2;225;232;235m██[38;2;228;233;237m██[38;2;234;239;242m██[38;2;6;6;6m        
[38;2;230;235;238m██[38;2;183;186;188m  [38;2;180;180;180m  [38;2;243;243;243m  [38;2;255;255;255m  [38;2;184;184;184m  [38;2;184;182;188m  [38;2;177;175;183m██[38;2;237;231;250m██[38;2;237;232;250m██████[38;2;239;234;251m██[38;2;237;232;248m██[38;2;237;232;250m██[38;2;236;232;249m██[38;2;237;232;250m██[38;2;237;232;249m██[38;2;240;236;251m██[38;2;143;129;160m██[38;2;223;233;236m██[38;2;217;227;230m██[38;2;219;228;231m██[38;2;230;237;240m██[38;2;104;104;104m  [38;2;245;245;245m  [38;2;241;241;242m  [38;2;175;175;149m  
[38;2;238;243;246m██[38;2;231;236;239m██[38;2;170;170;166m  [38;2;139;139;139m  [38;2;254;254;254m  [38;2;174;174;173m  [38;2;143;141;148m██[38;2;237;232;250m████[38;2;238;233;251m██[38;2;239;234;252m██[38;2;237;232;250m████[38;2;192;188;200m██[38;2;236;232;248m██[38;2;241;235;252m██[38;2;241;236;250m██[38;2;242;239;251m██[38;2;185;181;193m██[38;2;244;242;253m██[38;2;193;205;209m██[38;2;208;220;224m██[38;2;211;222;226m██[38;2;157;159;161m  [38;2;199;199;199m    [38;2;243;243;12m  [38;2;103;103;55m  
[38;2;199;202;205m  [38;2;232;237;239m██[38;2;229;236;239m██[38;2;167;170;170m  [38;2;150;148;147m  [38;2;194;191;204m  [38;2;237;232;250m██████[38;2;217;213;226m██[38;2;237;233;249m██[38;2;237;234;250m██[38;2;240;238;251m██[38;2;247;246;252m██[38;2;231;227;243m██[38;2;237;232;250m██[38;2;181;178;191m██[38;2;236;231;249m██[38;2;234;229;240m██[38;2;240;235;252m██[38;2;221;216;227m██[38;2;202;217;222m██[38;2;212;225;229m██[38;2;80;80;79m  [38;2;124;124;124m  [38;2;130;130;130m  [38;2;243;243;12m  [38;2;103;103;55m  
[38;2;170;172;171m  [38;2;229;234;237m██[38;2;221;229;233m██[38;2;212;222;226m██[38;2;194;211;215m██[38;2;206;202;214m██[38;2;237;232;250m██[38;2;196;194;206m██[38;2;242;240;251m██[38;2;213;209;220m██[38;2;240;236;250m██[38;2;226;222;237m██[38;2;237;232;250m████[38;2;132;125;143m██[38;2;238;234;250m██[38;2;233;230;236m██[38;2;243;239;251m██[38;2;238;233;250m██[38;2;212;208;221m██[38;2;239;234;250m██[38;2;177;193;197m██[38;2;158;168;171m██[38;2;209;207;207m  [38;2;255;255;255m  [38;2;125;125;125m  [38;2;59;215;220m  [38;2;44;44;13m  
[38;2;102;102;101m  [38;2;230;236;239m██[38;2;216;226;229m██[38;2;207;219;223m██[38;2;195;213;217m██[38;2;241;235;248m██[38;2;237;234;250m██[38;2;189;185;200m██[38;2;241;237;250m██[38;2;213;209;222m██[38;2;236;231;250m██[38;2;185;181;194m██[38;2;237;232;250m██[38;2;235;230;248m██[38;2;171;168;175m██[38;2;231;228;237m██[38;2;241;236;250m██[38;2;152;132;150m██[38;2;237;232;250m██[38;2;184;181;194m██[38;2;237;232;250m██[38;2;169;169;177m██[38;2;205;219;223m██[38;2;212;222;225m██[38;2;115;115;114m  [38;2;88;90;97m  [38;2;187;178;161m  [38;2;129;131;130m  
[38;2;248;248;248m  [38;2;37;37;37m  [38;2;222;231;235m██[38;2;202;216;220m██[38;2;185;204;210m██[38;2;247;241;255m██[38;2;245;243;254m██[38;2;203;194;215m██[38;2;236;231;250m██[38;2;239;235;242m██[38;2;231;228;238m██[38;2;197;192;205m██[38;2;236;231;250m██[38;2;242;236;253m██[38;2;238;237;245m██[38;2;172;155;180m██[38;2;237;232;250m██[38;2;196;173;147m██[38;2;243;239;253m██[38;2;224;219;235m██[38;2;236;231;249m██[38;2;238;232;250m██[38;2;212;224;227m██[38;2;217;226;229m██[38;2;113;116;113m  [38;2;178;184;184m  [38;2;183;174;154m██[38;2;255;238;213m██
[38;2;249;249;249m  [38;2;0;0;0m  [38;2;154;153;153m  [38;2;177;191;196m██[38;2;183;201;207m██[38;2;223;219;231m██[38;2;232;228;245m██[38;2;238;231;252m██[38;2;200;197;209m██[38;2;243;240;252m██[38;2;193;186;187m██[38;2;245;240;253m██[38;2;220;212;234m██[38;2;237;232;250m██[38;2;168;157;188m██[38;2;193;183;170m██[38;2;237;232;251m██[38;2;193;182;174m██[38;2;125;120;138m██[38;2;237;233;246m██[38;2;237;232;250m██[38;2;239;235;253m██[38;2;220;229;233m██[38;2;223;230;234m██[38;2;147;151;153m  [38;2;197;135;162m  [38;2;235;228;202m██[38;2;228;181;138m██
[38;2;158;158;158m    [38;2;154;155;143m  [38;2;201;215;221m██[38;2;145;160;164m██[38;2;207;203;217m██[38;2;157;147;171m██[38;2;239;235;252m██[38;2;178;166;161m██[38;2;237;232;250m██[38;2;147;121;113m██[38;2;239;235;250m██[38;2;137;117;110m██[38;2;239;235;250m██[38;2;149;139;165m██[38;2;248;245;214m██[38;2;188;186;190m██[38;2;232;225;198m██[38;2;225;216;194m██[38;2;176;156;200m██[38;2;237;232;250m██[38;2;237;233;250m██[38;2;206;213;216m██[38;2;210;218;220m██[38;2;209;143;171m██[38;2;238;156;189m██[38;2;249;168;201m██[38;2;199;190;169m██
[38;2;99;99;99m    [38;2;140;141;141m  [38;2;208;219;224m██[38;2;191;210;214m██[38;2;187;185;197m██[38;2;213;203;225m██[38;2;243;240;252m██[38;2;160;137;137m██[38;2;240;235;251m██[38;2;203;190;226m██[38;2;209;204;205m██[38;2;173;162;188m██[38;2;175;165;171m██[38;2;214;205;184m██[38;2;94;91;81m██[38;2;25;25;65m██[38;2;60;59;121m██[38;2;170;170;167m██[38;2;158;140;175m██[38;2;236;231;249m██[38;2;195;186;210m██[38;2;133;122;150m██[38;2;232;143;177m██[38;2;192;130;154m██[38;2;247;165;198m██[38;2;245;165;196m██[38;2;175;97;126m██
[38;2;85;85;85m  [38;2;84;84;84m  [38;2;153;155;157m  [38;2;215;226;229m██[38;2;203;218;222m██[38;2;222;218;229m██[38;2;191;179;211m██[38;2;181;157;134m██[38;2;190;176;212m██[38;2;211;202;179m██[38;2;206;198;173m██[38;2;176;164;145m██[38;2;254;236;212m██[38;2;255;237;212m████[38;2;251;237;213m██[38;2;70;62;145m██[38;2;101;90;169m██[38;2;142;140;164m██[38;2;155;139;163m██[38;2;236;231;249m██[38;2;159;148;174m██[38;2;120;98;119m██[38;2;197;135;160m██[38;2;246;164;197m██[38;2;247;165;198m██[38;2;242;162;194m██[38;2;214;121;155m██
[38;2;106;106;106m  [38;2;109;109;109m  [38;2;124;127;128m  [38;2;224;231;235m██[38;2;216;227;231m██[38;2;222;217;231m██[38;2;150;132;171m██[38;2;223;210;184m██[38;2;130;129;115m██[38;2;29;29;81m██[38;2;63;63;128m██[38;2;171;171;172m██[38;2;255;237;212m████████[38;2;95;92;131m██[38;2;208;175;255m██[38;2;199;199;199m██[38;2;161;145;158m██[38;2;234;230;248m██[38;2;153;138;170m██[38;2;170;110;134m██[38;2;248;168;200m██[38;2;247;165;198m████[38;2;199;135;160m██[38;2;208;115;150m██
[38;2;255;255;255m  [38;2;172;172;172m  [38;2;236;241;244m██[38;2;228;233;237m██[38;2;230;236;240m  [38;2;168;166;177m██[38;2;189;180;203m██[38;2;145;131;148m██[38;2;244;232;209m██[38;2;75;62;149m██[38;2;111;97;178m██[38;2;106;102;139m██[38;2;255;237;211m██[38;2;255;237;212m████[38;2;254;237;210m██[38;2;253;224;198m██[38;2;254;215;190m██[38;2;252;203;181m██[38;2;161;133;139m██[38;2;232;220;246m██[38;2;154;134;173m██[38;2;144;138;157m██[38;2;247;166;199m██[38;2;247;165;198m██[38;2;246;165;198m██[38;2;217;143;172m██[38;2;161;104;125m  
[38;2;24;24;24m  [38;2;155;156;157m  [38;2;180;183;185m  [38;2;146;148;145m  [38;2;167;162;161m  [38;2;200;196;205m  [38;2;230;226;242m██[38;2;181;158;206m██[38;2;251;240;209m██[38;2;190;192;196m██[38;2;186;157;250m██[38;2;202;197;183m██[38;2;254;236;208m██[38;2;255;237;212m████[38;2;254;237;208m██[38;2;254;222;197m██[38;2;253;207;186m██[38;2;253;207;185m██[38;2;162;125;127m██[38;2;222;196;242m██[38;2;164;139;185m██[38;2;111;101;118m██[38;2;247;166;199m██[38;2;247;165;198m██[38;2;206;139;167m██[38;2;146;89;110m  [38;2;250;251;250m  
[38;2;0;0;0m      [38;2;203;203;203m  [38;2;118;118;114m  [38;2;201;185;223m██[38;2;204;199;214m██[38;2;172;145;199m██[38;2;96;88;90m██[38;2;253;217;193m██[38;2;254;200;179m██[38;2;252;203;181m██[38;2;254;230;203m██[38;2;255;237;211m██[38;2;255;237;212m██[38;2;254;237;211m██[38;2;253;232;205m██[38;2;253;223;197m██[38;2;212;199;175m██[38;2;89;73;102m██[38;2;213;170;235m██[38;2;191;156;215m██[38;2;113;90;103m██[38;2;199;150;169m██[38;2;249;169;202m██[38;2;199;109;141m██[38;2;150;153;155m  [38;2;125;123;125m  
[38;2;0;0;0m    [38;2;120;120;120m  [38;2;183;183;183m  [38;2;190;186;195m  [38;2;184;162;207m██[38;2;189;176;201m██[38;2;201;173;222m██[38;2;143;115;169m██[38;2;253;233;205m██[38;2;253;212;189m██[38;2;254;218;194m██[38;2;253;232;205m██[38;2;255;237;211m██[38;2;254;237;212m██[38;2;255;238;212m██[38;2;238;228;203m██[38;2;176;170;191m██[38;2;184;178;204m██[38;2;158;139;177m██[38;2;204;150;230m██[38;2;206;163;234m██[38;2;129;92;105m██[38;2;202;140;167m██[38;2;192;123;150m██[38;2;181;170;195m██[38;2;241;237;247m██[38;2;133;133;131m  
[38;2;130;130;130m  [38;2;129;129;129m  [38;2;125;125;125m  [38;2;117;119;114m  [38;2;252;252;253m██[38;2;143;127;163m██[38;2;158;139;178m██[38;2;204;174;223m██[38;2;167;125;197m██[38;2;187;163;212m██[38;2;153;136;162m██[38;2;162;154;148m██[38;2;190;181;173m██[38;2;162;154;148m██[38;2;186;148;115m██[38;2;222;169;126m██[38;2;176;165;158m██[38;2;240;239;243m██[38;2;244;244;247m██[38;2;184;158;199m██[38;2;165;115;189m██[38;2;156;114;156m██[38;2;144;100;118m██[38;2;219;222;221m██[38;2;175;102;130m██[38;2;164;146;184m██[38;2;243;239;254m██[38;2;80;80;80m  
[38;2;82;82;82m      [38;2;90;89;88m  [38;2;243;238;253m██[38;2;145;127;163m██[38;2;184;159;207m██[38;2;144;110;165m██[38;2;174;130;203m██[38;2;143;123;163m██[38;2;184;159;207m██[38;2;216;209;241m██[38;2;210;202;235m██[38;2;237;235;243m██[38;2;244;245;246m██[38;2;157;154;152m██[38;2;245;245;244m██[38;2;245;245;245m██[38;2;238;238;238m██[38;2;211;170;233m██[38;2;114;75;137m██[38;2;241;169;199m██[38;2;162;119;136m██[38;2;160;102;128m██[38;2;180;160;207m██[38;2;151;137;168m██[38;2;221;217;226m  [38;2;128;128;128m  
[38;2;255;255;255m      [38;2;171;171;171m  [38;2;207;204;214m  [38;2;143;130;160m██[38;2;183;161;207m██[38;2;149;121;167m██[38;2;207;151;233m██[38;2;131;90;159m██[38;2;160;142;184m██[38;2;171;169;178m██[38;2;250;250;250m██[38;2;244;244;244m██[38;2;245;245;245m██████[38;2;249;249;249m██[38;2;204;204;204m██[38;2;203;200;200m██[38;2;199;135;159m██[38;2;181;124;146m██[38;2;185;190;186m██[38;2;156;150;159m██[38;2;189;164;214m██[38;2;186;182;193m  [38;2;210;210;206m  [38;2;255;255;255m  
[38;2;24;24;24m        [38;2;113;112;98m  [38;2;137;128;150m██[38;2;130;115;147m██[38;2;184;161;208m██[38;2;99;66;119m██[38;2;190;133;218m██[38;2;183;123;144m██[38;2;230;234;233m██[38;2;243;243;243m██[38;2;188;188;188m██[38;2;189;189;189m██[38;2;167;167;167m██[38;2;145;145;145m██[38;2;235;235;235m██[38;2;222;225;224m██[38;2;206;140;168m██[38;2;158;109;129m██[38;2;176;107;133m██[38;2;181;180;186m██[38;2;201;202;200m  [38;2;58;58;84m██[38;2;98;109;152m  [38;2;131;131;126m  [38;2;255;255;255m  
[38;2;243;243;243m      [38;2;146;146;146m  [38;2;68;70;99m██[38;2;66;65;93m██[38;2;54;54;77m██[38;2;141;126;156m  [38;2;95;83;107m  [38;2;180;121;141m██[38;2;205;139;165m██[38;2;209;143;170m██[38;2;173;133;148m██[38;2;216;215;216m██[38;2;232;233;232m██[38;2;185;185;185m██[38;2;155;155;155m██[38;2;189;157;169m██[38;2;167;115;136m██[38;2;216;149;177m██[38;2;200;134;161m██[38;2;219;221;220m██[38;2;245;245;246m██[38;2;64;64;85m  [38;2;66;65;93m██[38;2;61;60;87m██[38;2;49;49;65m  [38;2;107;107;107m  
[38;2;69;69;69m    [38;2;72;72;72m  [38;2;174;174;173m  [38;2;45;46;68m██[38;2;66;66;93m██[38;2;59;58;88m██[38;2;166;162;178m  [38;2;207;206;210m██[38;2;189;153;167m██[38;2;165;107;130m██[38;2;183;128;153m██[38;2;193;131;155m██[38;2;178;121;144m██[38;2;217;146;175m██[38;2;187;187;187m██[38;2;197;197;197m██[38;2;233;159;189m██[38;2;184;128;152m██[38;2;192;132;157m██[38;2;217;216;216m██[38;2;181;176;199m██[38;2;197;137;161m  [38;2;157;156;156m  [38;2;50;49;73m██[38;2;42;42;64m██[38;2;106;106;114m  [38;2;146;146;146m  
[38;2;248;248;248m    [38;2;147;147;146m  [38;2;58;59;87m  [38;2;50;50;71m██[38;2;35;36;54m██[38;2;144;144;143m  [38;2;118;119;118m  [38;2;210;207;220m  [38;2;236;236;235m██[38;2;218;215;216m██[38;2;160;114;131m██[38;2;191;130;156m██[38;2;207;143;170m██[38;2;225;158;188m██[38;2;185;184;185m██[38;2;173;173;173m██[38;2;168;154;159m██[38;2;171;114;138m██[38;2;225;227;227m██[38;2;247;249;248m██[38;2;176;146;158m██[38;2;253;170;204m██[38;2;42;61;59m  [38;2;64;63;92m  [38;2;66;65;93m██[38;2;52;52;78m██[38;2;51;57;43m  
[38;2;69;69;69m    [38;2;41;41;40m  [38;2;41;41;66m██[38;2;66;65;93m██[38;2;58;58;86m  [38;2;42;42;42m  [38;2;72;72;72m  [38;2;156;156;156m  [38;2;247;247;247m██[38;2;188;187;190m██[38;2;250;250;250m██[38;2;241;243;242m██[38;2;193;184;188m██[38;2;184;180;181m██[38;2;246;246;246m██[38;2;227;227;227m██[38;2;204;204;204m██[38;2;191;191;191m██[38;2;253;253;253m██[38;2;181;116;142m██[38;2;247;165;198m██[38;2;224;152;182m██[38;2;138;114;123m  [38;2;123;122;130m  [38;2;47;48;72m██[38;2;29;29;48m  [38;2;106;93;129m  
[38;2;243;243;243m    [38;2;165;164;159m  [38;2;72;75;105m██[38;2;39;39;58m██[38;2;112;112;113m  [38;2;232;232;232m  [38;2;194;194;194m  [38;2;197;196;196m  [38;2;200;140;164m  [38;2;154;101;122m██[38;2;195;187;189m██[38;2;197;198;201m██[38;2;179;178;187m██[38;2;206;206;204m██[38;2;238;238;238m██[38;2;191;191;191m██[38;2;249;249;249m██[38;2;154;152;163m██[38;2;232;151;184m██[38;2;244;165;196m██[38;2;247;165;198m██[38;2;247;166;198m██[38;2;245;165;199m  [38;2;150;154;153m  [38;2;68;68;96m██[38;2;65;64;92m██[38;2;59;59;54m  [0m
