
[38;2;0;0;0m          [38;2;128;128;128m  [38;2;236;229;225m  [38;2;232;223;219m  [38;2;136;122;149m  [38;2;109;58;38m  [38;2;229;214;195m  [38;2;248;236;218m██[38;2;248;237;219m████[38;2;249;237;219m██[38;2;202;177;157m██[38;2;254;254;253m██[38;2;255;255;255m████[38;2;251;249;246m██[38;2;250;239;221m██[38;2;248;237;219m██████████[38;2;180;149;126m  [38;2;38;6;0m  [38;2;0;0;0m    
[38;2;0;0;0m        [38;2;32;0;0m  [38;2;54;35;20m  [38;2;158;125;107m  [38;2;215;202;196m██[38;2;224;213;206m██[38;2;248;237;219m████[38;2;218;198;178m██[38;2;248;237;219m████[38;2;200;174;153m██[38;2;249;239;221m██[38;2;242;236;229m██[38;2;255;255;255m████[38;2;255;255;254m██[38;2;157;119;94m██[38;2;249;238;220m██[38;2;248;237;219m██████████[38;2;157;119;97m  [38;2;43;7;0m  [38;2;0;0;0m  
[38;2;0;0;0m    [38;2;57;13;0m  [38;2;72;28;8m  [38;2;99;47;22m  [38;2;230;214;195m  [38;2;250;239;221m██[38;2;248;237;219m██████[38;2;186;156;133m██[38;2;248;237;219m██████[38;2;232;217;198m██[38;2;247;236;218m██[38;2;214;194;173m██[38;2;239;233;230m██[38;2;245;238;233m██[38;2;246;243;240m██[38;2;162;114;86m██[38;2;250;240;222m██[38;2;248;237;219m██████████[38;2;248;237;218m██[38;2;138;95;71m  [38;2;34;0;0m  
[38;2;97;41;17m  [38;2;98;45;20m  [38;2;188;159;136m  [38;2;250;240;222m██[38;2;248;236;218m██[38;2;248;237;219m██████[38;2;239;220;201m██[38;2;246;235;217m██[38;2;250;240;222m██[38;2;248;237;219m██████[38;2;247;235;217m██[38;2;244;232;214m██[38;2;248;237;219m██[38;2;251;239;221m██[38;2;252;244;226m██[38;2;251;242;225m██[38;2;248;236;218m██[38;2;200;152;125m██[38;2;248;237;219m████████████[38;2;247;236;218m██[38;2;96;42;17m  
[38;2;247;237;218m██[38;2;248;237;219m██████████[38;2;249;239;221m██[38;2;240;225;209m██[38;2;248;236;218m██[38;2;182;153;131m██[38;2;248;237;219m████████[38;2;251;241;224m██[38;2;188;160;139m██[38;2;248;237;219m██[38;2;248;236;218m██[38;2;175;137;113m██[38;2;249;238;220m██[38;2;248;237;219m████[38;2;242;226;206m██[38;2;247;235;217m██[38;2;248;237;219m██████████[38;2;248;237;218m██
[38;2;248;237;219m██████████[38;2;249;239;221m██[38;2;221;207;197m██[38;2;244;229;210m██[38;2;250;240;222m██[38;2;248;238;220m██[38;2;249;238;220m██[38;2;248;237;219m██████[38;2;250;245;229m██[38;2;204;176;160m██[38;2;248;237;219m██[38;2;248;237;220m██[38;2;224;207;187m██[38;2;249;238;219m██[38;2;249;238;220m██[38;2;248;237;219m████[38;2;224;205;186m██[38;2;248;237;219m████████████
[38;2;248;237;219m████████[38;2;247;236;218m██[38;2;182;153;135m██[38;2;245;233;222m██[38;2;234;221;202m██[38;2;144;103;78m██[38;2;191;162;141m██[38;2;246;235;216m██[38;2;243;227;210m██[38;2;245;234;223m██[38;2;251;246;242m██[38;2;253;253;253m██[38;2;238;218;207m██[38;2;254;253;253m██[38;2;253;251;250m██[38;2;249;243;238m██[38;2;181;151;129m██[38;2;203;180;159m██[38;2;248;237;219m██[38;2;248;238;220m██[38;2;248;236;218m██[38;2;203;178;157m██[38;2;248;237;219m██████████
[38;2;248;237;219m████████[38;2;198;171;150m██[38;2;254;253;253m██[38;2;206;183;162m██[38;2;216;196;176m██[38;2;170;137;119m██[38;2;145;108;89m██[38;2;253;252;251m██[38;2;245;234;222m██[38;2;245;231;213m██[38;2;248;236;219m██[38;2;251;246;233m██[38;2;234;214;203m██[38;2;219;202;183m██[38;2;249;239;222m██[38;2;249;239;221m██[38;2;137;94;70m██[38;2;218;198;177m██[38;2;239;217;196m██[38;2;243;229;217m██[38;2;243;229;218m██[38;2;240;228;210m██[38;2;250;239;222m██[38;2;244;232;223m██[38;2;248;237;219m██████
[38;2;132;87;64m██[38;2;249;238;220m██[38;2;248;237;219m████[38;2;225;205;190m██[38;2;218;206;199m██[38;2;241;236;235m██[38;2;229;208;197m██[38;2;210;189;175m██[38;2;140;99;75m██[38;2;249;240;224m██[38;2;250;241;226m██[38;2;250;242;226m██[38;2;250;242;227m██[38;2;249;240;225m██[38;2;233;212;202m██[38;2;173;139;118m██[38;2;251;242;226m██[38;2;249;240;223m██[38;2;224;208;189m██[38;2;237;224;205m██[38;2;240;226;208m██[38;2;248;238;220m██[38;2;243;228;210m██[38;2;248;237;219m██[38;2;178;146;123m██[38;2;248;237;219m████████
[38;2;64;0;0m  [38;2;88;30;2m  [38;2;173;141;118m██[38;2;201;179;159m██[38;2;248;245;244m██[38;2;212;197;190m██[38;2;231;209;198m██[38;2;231;209;199m██[38;2;245;235;219m██[38;2;162;125;102m██[38;2;250;243;230m██[38;2;252;245;232m██[38;2;251;245;232m██[38;2;252;245;232m██[38;2;230;219;206m██[38;2;198;174;153m██[38;2;221;201;182m██[38;2;209;191;174m██[38;2;249;241;226m██[38;2;252;243;228m██[38;2;163;127;104m██[38;2;177;146;124m██[38;2;248;237;219m██████[38;2;245;234;216m██[38;2;250;241;224m██[38;2;248;237;219m██████
[38;2;93;36;8m  [38;2;109;59;32m  [38;2;185;154;131m██[38;2;156;120;95m██[38;2;209;193;185m██[38;2;195;169;152m██[38;2;229;207;196m██[38;2;231;210;198m██[38;2;252;246;235m██[38;2;192;162;145m██[38;2;241;234;222m██[38;2;161;126;103m██[38;2;165;130;107m██[38;2;189;158;142m██[38;2;201;175;156m██[38;2;250;244;226m██[38;2;250;239;222m██[38;2;187;156;138m██[38;2;179;146;127m██[38;2;182;155;135m██[38;2;217;193;179m██[38;2;226;213;196m██[38;2;249;238;220m██[38;2;248;237;219m████[38;2;247;236;218m██[38;2;195;168;146m██[38;2;248;237;219m██████
[38;2;0;0;0m  [38;2;32;0;0m  [38;2;90;35;10m  [38;2;228;209;192m██[38;2;243;227;214m██[38;2;177;143;122m██[38;2;229;207;196m██[38;2;230;208;197m██[38;2;153;114;90m██[38;2;214;188;175m██[38;2;231;210;199m██[38;2;229;207;196m████████[38;2;217;194;180m██[38;2;230;208;197m██[38;2;229;207;196m████████[38;2;202;174;158m██[38;2;249;238;220m██[38;2;248;237;219m██████[38;2;178;146;123m██[38;2;217;200;180m██[38;2;248;237;219m██[38;2;234;220;201m██
[38;2;0;0;0m  [38;2;52;22;0m  [38;2;220;202;184m  [38;2;251;239;229m██[38;2;246;234;215m██[38;2;214;188;175m██[38;2;229;207;196m██[38;2;187;158;136m██[38;2;247;236;218m██[38;2;249;240;222m██[38;2;231;209;198m██[38;2;229;207;196m████[38;2;230;209;198m██[38;2;229;208;196m██[38;2;228;206;195m██[38;2;229;207;196m████████[38;2;228;206;195m██[38;2;229;207;196m██[38;2;192;167;145m██[38;2;248;237;219m██████[38;2;230;213;194m██[38;2;246;235;217m██[38;2;219;199;179m██[38;2;250;241;224m██
[38;2;0;0;0m  [38;2;87;31;6m  [38;2;227;214;196m██[38;2;246;236;226m██[38;2;200;178;157m██[38;2;229;207;196m████[38;2;221;198;185m██[38;2;190;162;140m██[38;2;184;152;132m██[38;2;229;207;196m████████[38;2;231;209;198m██[38;2;229;207;196m████[38;2;230;208;197m██[38;2;169;133;112m██[38;2;189;159;142m██[38;2;218;195;179m██[38;2;225;202;190m██[38;2;165;130;107m██[38;2;248;237;219m██████[38;2;246;234;216m██[38;2;247;235;217m██[38;2;249;238;220m████
[38;2;64;0;0m  [38;2;133;89;65m██[38;2;230;216;197m██[38;2;224;205;191m██[38;2;181;145;123m██[38;2;229;207;196m████████████████████████[38;2;169;134;113m██[38;2;88;34;5m██[38;2;87;31;2m██[38;2;89;34;7m██[38;2;116;55;27m██[38;2;130;67;40m██[38;2;247;236;218m██[38;2;248;237;219m████[38;2;250;239;221m██[38;2;250;244;230m██[38;2;244;233;214m██[38;2;163;117;89m██
[38;2;47;23;0m  [38;2;226;209;190m  [38;2;248;239;221m██[38;2;181;133;106m██[38;2;184;136;108m██[38;2;228;206;195m██[38;2;229;207;196m████████[38;2;229;206;195m██[38;2;229;207;196m████████████[38;2;141;100;78m██[38;2;220;196;184m██[38;2;173;140;119m██[38;2;82;27;1m██[38;2;97;32;14m██[38;2;189;158;140m██[38;2;242;224;204m██[38;2;249;238;220m██[38;2;248;237;219m██[38;2;249;238;220m██[38;2;192;167;146m██[38;2;217;177;151m██[38;2;230;199;175m██
[38;2;60;17;2m  [38;2;250;240;221m██[38;2;248;237;219m██[38;2;216;169;141m██[38;2;243;223;203m██[38;2;230;208;197m██[38;2;229;207;196m████[38;2;225;203;190m██[38;2;182;151;129m██[38;2;204;177;160m██[38;2;232;210;200m██[38;2;229;207;196m████████████[38;2;230;209;198m██[38;2;90;32;6m██[38;2;174;115;106m██[38;2;191;151;141m██[38;2;177;53;58m██[38;2;224;191;168m██[38;2;247;236;218m██[38;2;248;237;219m██[38;2;245;233;214m██[38;2;242;225;205m██[38;2;246;233;215m██[38;2;217;171;143m██
[38;2;89;32;7m  [38;2;248;237;219m████[38;2;220;177;150m██[38;2;248;237;219m██[38;2;180;140;116m██[38;2;229;207;196m██[38;2;227;204;192m██[38;2;156;118;96m██[38;2;89;34;8m██[38;2;85;30;3m██[38;2;105;54;27m██[38;2;229;207;196m████████████[38;2;231;209;198m██[38;2;186;58;64m██[38;2;208;180;173m██[38;2;254;254;254m██[38;2;188;71;65m██[38;2;217;195;176m██[38;2;248;237;219m████[38;2;212;191;171m██[38;2;198;170;149m██[38;2;248;237;219m██[38;2;216;169;142m██
[38;2;92;37;7m  [38;2;247;236;218m██[38;2;246;233;216m██[38;2;240;220;199m██[38;2;248;237;219m██[38;2;236;210;188m██[38;2;227;204;192m██[38;2;150;78;52m██[38;2;130;75;49m██[38;2;197;168;151m██[38;2;85;31;1m██[38;2;135;44;32m██[38;2;212;189;173m██[38;2;230;208;196m██[38;2;228;206;195m██[38;2;193;164;145m██[38;2;177;144;123m██[38;2;229;207;196m████[38;2;179;132;116m██[38;2;245;222;212m██[38;2;225;179;142m██[38;2;202;127;98m██[38;2;248;236;219m██[38;2;248;237;219m████[38;2;157;116;90m██[38;2;197;149;120m██[38;2;248;236;218m██[38;2;247;235;217m██
[38;2;103;53;30m  [38;2;248;237;219m██[38;2;245;234;215m██[38;2;248;237;219m████[38;2;224;186;161m██[38;2;180;132;105m██[38;2;227;205;193m██[38;2;229;207;196m██[38;2;120;69;49m██[38;2;171;49;51m██[38;2;254;253;253m██[38;2;170;50;51m██[38;2;229;207;196m██[38;2;207;180;165m██[38;2;224;201;189m██[38;2;224;201;188m██[38;2;229;206;195m██[38;2;229;207;196m██[38;2;229;206;195m██[38;2;212;194;179m██[38;2;147;98;78m██[38;2;239;226;207m██[38;2;248;237;219m████[38;2;247;237;219m██[38;2;198;149;120m██[38;2;216;169;141m██[38;2;227;212;193m██[38;2;248;237;219m██
[38;2;107;55;38m  [38;2;226;210;192m██[38;2;248;237;219m████[38;2;248;236;218m██[38;2;216;169;140m██[38;2;196;147;119m██[38;2;150;112;89m██[38;2;229;207;196m██[38;2;167;100;86m██[38;2;196;107;97m██[38;2;232;224;220m██[38;2;192;126;112m██[38;2;225;203;192m██[38;2;194;164;146m██[38;2;194;165;146m██[38;2;234;215;204m██[38;2;248;242;236m██[38;2;255;255;249m██[38;2;255;255;248m████[38;2;194;173;160m██[38;2;247;236;218m██[38;2;248;237;219m████[38;2;223;205;186m██[38;2;215;168;140m██[38;2;216;169;141m██[38;2;179;130;102m██[38;2;248;237;219m██
[38;2;91;36;13m  [38;2;194;168;146m██[38;2;248;236;218m██████[38;2;216;170;142m██[38;2;123;69;40m██[38;2;76;24;1m  [38;2;205;178;162m██[38;2;231;209;198m██[38;2;244;232;226m██[38;2;232;138;112m██[38;2;248;216;169m██[38;2;241;227;216m██[38;2;254;252;247m██[38;2;255;255;248m████[38;2;254;254;250m██[38;2;255;255;248m██████[38;2;196;173;152m██[38;2;248;237;219m████[38;2;247;236;218m██[38;2;181;132;104m██[38;2;216;169;141m████[38;2;218;171;143m██[38;2;239;227;209m██
[38;2;87;32;6m  [38;2;247;236;218m██[38;2;248;236;218m████[38;2;176;139;115m██[38;2;217;171;142m██[38;2;88;32;2m  [38;2;0;0;0m  [38;2;64;24;2m  [38;2;230;208;197m██[38;2;230;209;198m██[38;2;207;191;181m██[38;2;167;137;121m██[38;2;255;255;248m████[38;2;245;244;242m██[38;2;214;170;149m██[38;2;254;196;176m██[38;2;229;219;212m██[38;2;255;255;248m██[38;2;255;255;249m██[38;2;241;226;208m██[38;2;248;236;218m████[38;2;165;128;104m██[38;2;216;169;141m████████[38;2;166;121;95m██
[38;2;238;226;208m██[38;2;248;237;219m██[38;2;247;236;218m██[38;2;246;234;216m██[38;2;197;148;119m██[38;2;90;33;4m  [38;2;64;64;64m  [38;2;0;0;0m    [38;2;216;202;194m██[38;2;203;186;175m██[38;2;248;246;240m██[38;2;255;255;248m████[38;2;254;254;247m██[38;2;225;172;149m██[38;2;254;195;174m██[38;2;236;179;157m██[38;2;219;197;184m██[38;2;255;255;248m██[38;2;255;254;249m██[38;2;222;207;188m██[38;2;229;213;193m██[38;2;168;131;109m██[38;2;188;141;113m██[38;2;219;172;144m██[38;2;216;169;141m████████
[38;2;68;27;5m  [38;2;249;238;220m██[38;2;247;235;217m██[38;2;246;234;217m██[38;2;98;38;10m  [38;2;32;0;0m  [38;2;235;228;225m  [38;2;170;191;170m  [38;2;0;0;0m  [38;2;65;23;3m  [38;2;232;223;219m██[38;2;254;254;246m██[38;2;209;194;183m██[38;2;230;222;216m██[38;2;255;255;248m██[38;2;255;255;250m██[38;2;253;253;248m██[38;2;254;254;246m██[38;2;255;255;247m██[38;2;254;254;249m██[38;2;169;124;98m██[38;2;148;103;77m██[38;2;164;118;90m██[38;2;148;98;72m██[38;2;198;150;122m██[38;2;217;170;142m██[38;2;216;169;141m████████
[38;2;40;19;0m  [38;2;242;228;210m  [38;2;247;235;217m██[38;2;240;225;207m  [38;2;53;0;0m  [38;2;0;0;0m  [38;2;64;64;64m  [38;2;209;191;183m  [38;2;159;159;159m  [38;2;67;26;0m  [38;2;248;236;218m██[38;2;207;165;140m██[38;2;194;165;148m██[38;2;229;219;213m██[38;2;239;236;230m██[38;2;240;236;231m██[38;2;238;233;227m██[38;2;191;168;155m██[38;2;158;110;83m██[38;2;189;144;121m██[38;2;203;177;155m██[38;2;162;125;101m██[38;2;144;96;69m██[38;2;133;92;69m██[38;2;214;167;139m██[38;2;216;169;141m██████████
[38;2;32;0;0m  [38;2;117;69;45m  [38;2;246;233;215m██[38;2;248;236;218m██[38;2;47;20;5m  [38;2;128;128;106m  [38;2;128;128;128m  [38;2;162;130;113m  [38;2;231;221;216m  [38;2;103;50;25m  [38;2;247;234;216m██[38;2;227;192;168m██[38;2;212;165;137m██[38;2;215;168;140m████[38;2;172;130;105m██[38;2;219;199;178m██[38;2;253;252;252m██[38;2;254;254;254m██[38;2;255;254;253m██[38;2;122;78;54m██[38;2;146;111;94m████[38;2;145;110;93m██[38;2;167;118;90m██[38;2;216;169;141m██████████[0m
