
[38;2;63;63;63m  [38;2;1;1;1m  [38;2;49;49;49m  [38;2;75;75;75m  [38;2;72;72;72m  [38;2;70;70;70m██[38;2;71;71;71m██████████[38;2;68;68;68m  [38;2;76;76;76m  [38;2;58;58;58m██[38;2;63;63;63m  [38;2;0;0;0m    
[38;2;0;0;0m  [38;2;24;24;24m  [38;2;50;50;50m██[38;2;71;71;71m██████████████████[38;2;60;60;60m██[38;2;66;66;66m██[38;2;60;60;60m  [38;2;0;0;0m    
[38;2;83;83;83m  [38;2;61;61;61m  [38;2;71;71;71m████████████████[38;2;72;72;72m██[38;2;71;71;71m████[38;2;69;69;69m██[38;2;33;33;33m██[38;2;29;29;29m  [38;2;0;0;0m  
[38;2;70;70;70m  [38;2;71;71;71m██[38;2;88;88;88m██[38;2;71;71;71m████[38;2;23;23;23m██[38;2;71;71;71m██████[38;2;69;69;69m██[38;2;18;18;18m██[38;2;71;71;71m██[38;2;69;69;69m████[38;2;71;71;71m██[38;2;38;38;38m  [38;2;9;9;9m  
[38;2;70;70;70m██[38;2;89;89;89m██[38;2;136;136;136m██[38;2;71;71;71m██[38;2;72;72;72m██[38;2;40;40;40m██[38;2;71;71;71m██████[38;2;26;26;26m██[38;2;27;27;27m██[38;2;71;71;71m██[38;2;80;80;80m██[38;2;122;122;122m██[38;2;102;102;102m██[38;2;64;64;64m██[38;2;26;26;26m  
[38;2;70;70;70m██[38;2;97;97;97m██[38;2;127;127;127m██[38;2;46;46;46m██[38;2;54;54;54m██[38;2;24;24;24m██[38;2;21;20;20m██[38;2;43;43;43m██[38;2;49;50;50m██[38;2;37;37;37m██[38;2;43;43;43m██[38;2;70;70;70m██[38;2;95;95;95m██[38;2;173;173;173m████[38;2;99;99;99m██[38;2;65;65;65m  
[38;2;80;80;80m██[38;2;106;106;106m██[38;2;110;110;110m██[38;2;45;45;45m██[38;2;49;49;49m██[38;2;107;107;107m██[38;2;134;134;134m██[38;2;130;130;130m██[38;2;122;122;122m██[38;2;91;91;91m██[38;2;30;30;30m██[38;2;56;56;56m██[38;2;72;72;72m██[38;2;133;133;133m██[38;2;169;169;169m██[38;2;124;124;124m██[38;2;73;73;73m  
[38;2;123;123;123m██[38;2;168;168;168m██[38;2;77;77;77m██[38;2;58;58;58m██[38;2;116;115;115m██[38;2;206;206;206m████[38;2;98;98;98m██[38;2;167;167;167m██[38;2;60;60;60m██[38;2;51;51;51m██[38;2;34;34;34m██[38;2;71;71;71m██[38;2;126;126;126m██[38;2;176;176;176m██[38;2;143;143;143m██[38;2;62;62;62m██
[38;2;86;86;86m██[38;2;175;175;175m██[38;2;55;55;55m██[38;2;81;81;81m██[38;2;147;147;147m██[38;2;196;196;196m██[38;2;58;58;58m██[38;2;66;66;66m██[38;2;157;157;157m██[38;2;161;161;161m██[38;2;192;192;192m██[38;2;27;27;27m██[38;2;71;71;71m██[38;2;114;114;114m██[38;2;93;93;93m██[38;2;131;131;131m██[38;2;49;49;49m██
[38;2;71;71;71m██[38;2;103;103;103m██[38;2;67;67;67m██[38;2;101;101;101m██[38;2;94;94;94m██[38;2;130;130;130m██[38;2;123;122;122m██[38;2;109;108;108m██[38;2;96;95;95m██[38;2;83;83;82m██[38;2;82;81;81m██[38;2;111;111;111m██[38;2;71;71;71m██[38;2;97;97;97m██[38;2;55;55;55m██[38;2;83;83;83m██[38;2;40;40;40m██
[38;2;71;71;71m██[38;2;64;64;64m██[38;2;83;83;83m██[38;2;40;38;38m██[38;2;34;29;27m██[38;2;55;47;42m██[38;2;106;94;85m██[38;2;134;118;107m██[38;2;175;152;138m██[38;2;140;120;110m██[38;2;102;86;80m██[38;2;94;92;90m██[38;2;70;70;70m██[38;2;71;71;71m██[38;2;61;61;61m██[38;2;47;47;47m██[38;2;34;34;34m██
[38;2;72;72;72m██[38;2;69;69;69m██[38;2;236;201;187m██[38;2;178;153;140m██[38;2;252;219;199m██[38;2;226;198;181m██[38;2;254;220;200m██[38;2;254;223;202m██[38;2;253;221;201m██[38;2;255;228;207m██[38;2;253;220;200m██[38;2;225;192;178m██[38;2;61;61;61m██[38;2;59;59;59m██[38;2;54;54;54m██[38;2;35;35;35m██[38;2;29;29;29m██
[38;2;69;69;69m██[38;2;47;46;46m██[38;2;231;197;182m██[38;2;254;224;203m██[38;2;159;147;133m██[38;2;252;223;203m██[38;2;255;220;200m██[38;2;255;222;202m██[38;2;119;107;99m██[38;2;56;13;13m██[38;2;70;40;38m██[38;2;239;209;192m██[38;2;37;38;38m██[38;2;51;51;51m██[38;2;35;35;35m██[38;2;33;33;33m██[38;2;24;24;24m██
[38;2;63;63;62m██[38;2;145;129;119m██[38;2;206;180;165m██[38;2;190;168;153m██[38;2;65;42;39m██[38;2;58;34;34m██[38;2;208;181;165m██[38;2;180;163;148m██[38;2;158;158;158m██[38;2;55;42;40m██[38;2;72;63;57m██[38;2;216;190;173m██[38;2;19;18;18m██[38;2;48;48;48m██[38;2;79;69;63m██[38;2;20;20;20m██[38;2;25;25;25m  
[38;2;44;45;45m██[38;2;146;126;115m██[38;2;84;74;68m██[38;2;233;209;190m██[38;2;252;218;198m██[38;2;223;200;184m██[38;2;253;227;206m██[38;2;232;204;185m██[38;2;250;226;206m██[38;2;248;220;200m██[38;2;48;41;38m██[38;2;137;117;108m██[38;2;94;82;74m██[38;2;40;41;41m██[38;2;181;158;145m██[38;2;43;38;36m██[38;2;40;40;40m  
[38;2;45;44;44m██[38;2;233;203;185m██[38;2;166;141;131m██[38;2;125;108;98m██[38;2;252;221;201m██[38;2;73;62;58m██[38;2;254;221;200m██[38;2;252;220;200m██[38;2;169;145;134m██[38;2;143;126;115m██[38;2;245;222;202m██[38;2;246;227;206m██[38;2;23;20;18m██[38;2;41;41;41m██[38;2;92;79;72m██[38;2;125;108;99m██[38;2;66;66;66m  
[38;2;57;57;57m██[38;2;152;129;119m██[38;2;67;57;53m██[38;2;251;223;202m██[38;2;140;119;110m██[38;2;123;109;99m██[38;2;254;222;202m██[38;2;88;77;70m██[38;2;137;121;111m██[38;2;245;217;197m██[38;2;177;157;143m██[38;2;39;38;38m██[38;2;237;237;237m██[38;2;39;39;39m██[38;2;93;79;73m██[38;2;107;94;86m██[38;2;73;73;73m  
[38;2;65;65;65m██[38;2;154;131;121m██[38;2;5;5;4m██[38;2;48;42;39m██[38;2;229;206;188m██[38;2;183;157;145m██[38;2;197;181;165m██[38;2;221;213;194m██[38;2;165;144;131m██[38;2;68;68;68m██[38;2;203;202;202m██[38;2;58;58;58m██[38;2;6;6;6m██[38;2;44;44;43m██[38;2;238;208;189m██[38;2;27;27;27m██[38;2;69;69;69m  
[38;2;70;70;70m  [38;2;139;120;112m██[38;2;3;3;3m██[38;2;176;176;176m██[38;2;93;93;92m██[38;2;13;13;13m██[38;2;52;52;52m██[38;2;193;193;192m██[38;2;235;235;235m██[38;2;158;158;158m██[38;2;90;90;90m██[38;2;93;94;94m██[38;2;57;49;45m██[38;2;42;41;41m██[38;2;20;17;16m██[38;2;59;59;59m██[38;2;28;28;27m  
[38;2;66;66;66m  [38;2;137;118;109m██[38;2;2;1;1m██[38;2;11;11;11m██[38;2;53;52;52m██[38;2;62;62;62m██[38;2;134;134;134m██[38;2;79;79;79m██[38;2;36;36;36m██[38;2;22;22;22m██[38;2;232;232;232m██[38;2;23;23;23m██[38;2;237;203;187m██[38;2;48;48;47m██[38;2;23;23;22m██[38;2;49;49;49m  [38;2;0;0;0m  
[38;2;47;47;47m  [38;2;136;118;108m██[38;2;11;9;9m██[38;2;34;34;34m██[38;2;4;4;4m██[38;2;2;2;2m██[38;2;41;41;41m██[38;2;78;78;78m██[38;2;248;248;248m██[38;2;61;61;61m██[38;2;126;126;126m██[38;2;188;160;148m██[38;2;252;219;199m██[38;2;3;3;2m██[38;2;42;6;6m██[38;2;77;77;77m  [38;2;0;0;0m  
[38;2;61;61;61m  [38;2;158;141;128m██[38;2;211;180;167m██[38;2;190;189;189m██[38;2;128;128;128m██[38;2;222;222;222m██[38;2;247;247;247m██[38;2;38;38;38m██[38;2;222;222;222m██[38;2;41;40;40m██[38;2;226;192;178m██[38;2;250;218;199m██[38;2;230;196;181m  [38;2;23;23;23m██[38;2;71;71;71m██[38;2;58;58;58m  [38;2;0;0;0m  
[38;2;0;0;0m  [38;2;181;165;150m  [38;2;227;193;179m██[38;2;215;183;170m██[38;2;28;23;21m██[38;2;22;22;22m██[38;2;16;16;16m██[38;2;39;34;30m██[38;2;188;161;148m██[38;2;242;213;196m██[38;2;151;137;125m██[38;2;203;173;160m  [38;2;10;9;8m  [38;2;54;53;53m  [38;2;65;65;65m  [38;2;47;47;47m  [38;2;11;11;11m  
[38;2;0;0;0m  [38;2;202;184;168m  [38;2;218;185;172m██[38;2;158;134;124m██[38;2;220;187;173m██[38;2;167;142;132m██[38;2;231;198;183m██[38;2;213;187;171m██[38;2;154;136;124m██[38;2;140;120;110m██[38;2;180;158;145m  [38;2;8;13;13m  [38;2;48;48;48m  [38;2;20;20;20m  [38;2;20;21;21m  [38;2;41;41;41m  [38;2;0;0;0m  
[38;2;0;0;0m  [38;2;179;163;148m  [38;2;232;198;183m██[38;2;150;128;119m██[38;2;190;162;150m██[38;2;202;172;159m██[38;2;207;178;164m██[38;2;218;192;175m██[38;2;255;230;210m  [38;2;101;90;82m  [38;2;0;0;0m      [38;2;51;51;51m  [38;2;41;41;41m  [38;2;0;0;0m    
[38;2;0;0;0m  [38;2;59;52;48m  [38;2;251;217;197m██[38;2;250;217;198m██[38;2;250;217;197m██[38;2;255;228;208m██[38;2;248;221;201m  [38;2;82;72;66m██[38;2;2;1;1m  [38;2;0;0;0m                [0m
