
[38;2;0;0;0m                [38;2;3;3;3m  [38;2;107;123;142m  [38;2;82;96;118m██[38;2;82;96;117m██[38;2;80;93;115m██[38;2;91;105;126m██[38;2;138;151;171m██[38;2;107;122;141m██[38;2;99;112;133m██[38;2;77;92;114m██[38;2;86;101;122m██[38;2;111;126;146m  [38;2;0;0;0m                
[38;2;0;0;0m            [38;2;82;97;119m██[38;2;136;146;164m██[38;2;227;237;247m██[38;2;218;230;241m██[38;2;208;220;234m██[38;2;202;216;232m██[38;2;200;212;229m██[38;2;201;214;232m██[38;2;201;214;231m██[38;2;115;130;151m██[38;2;203;216;232m██[38;2;204;216;231m██[38;2;201;215;230m██[38;2;215;228;244m██[38;2;174;189;208m██[38;2;83;97;118m██[38;2;114;131;144m  [38;2;0;0;0m      [38;2;69;84;107m██[38;2;172;184;194m██
[38;2;0;0;0m        [38;2;118;134;147m  [38;2;152;162;175m██[38;2;255;255;255m██[38;2;231;240;246m██[38;2;225;237;243m██[38;2;220;232;241m██[38;2;216;226;238m██[38;2;210;223;236m██[38;2;204;218;232m██[38;2;201;213;230m██[38;2;200;213;230m██[38;2;204;218;234m██[38;2;202;215;231m██[38;2;203;216;232m████[38;2;202;215;231m██[38;2;199;212;229m██[38;2;196;210;228m██[38;2;194;209;226m██[38;2;86;100;120m██[38;2;0;0;0m  [38;2;130;147;170m██[38;2;249;255;255m██[38;2;252;255;255m██
[38;2;0;0;0m      [38;2;99;116;132m  [38;2;181;195;220m██[38;2;248;252;254m██[38;2;255;255;255m██[38;2;217;228;239m██[38;2;174;190;217m██[38;2;181;197;224m██[38;2;191;206;232m██[38;2;190;206;230m██[38;2;186;202;226m██[38;2;186;203;226m██[38;2;197;212;231m██[38;2;201;215;231m██[38;2;202;215;231m██[38;2;203;217;232m██[38;2;204;217;232m██[38;2;203;214;230m██[38;2;125;138;158m██[38;2;204;215;232m██[38;2;196;211;229m██[38;2;211;222;238m██[38;2;84;100;123m██[38;2;191;205;229m██[38;2;254;255;255m██[38;2;163;180;206m██
[38;2;0;0;0m      [38;2;124;139;162m██[38;2;183;199;221m██[38;2;205;216;231m██[38;2;216;222;233m██[38;2;101;125;151m██[38;2;73;96;124m██[38;2;164;144;143m██[38;2;211;171;158m██[38;2;226;177;158m██[38;2;203;172;162m██[38;2;189;186;180m██[38;2;183;191;204m██[38;2;173;189;210m██[38;2;213;224;238m██[38;2;207;219;233m██[38;2;207;219;234m██[38;2;208;219;233m██[38;2;211;224;239m██[38;2;98;112;133m██[38;2;210;223;240m██[38;2;202;215;231m██[38;2;243;246;251m██[38;2;12;54;118m██[38;2;28;70;133m██[38;2;172;190;217m██
[38;2;0;0;0m    [38;2;110;124;140m  [38;2;188;204;230m██[38;2;189;205;227m██[38;2;70;82;103m██[38;2;171;99;74m██[38;2;240;186;163m██[38;2;243;185;160m████[38;2;243;184;159m██[38;2;243;185;160m██[38;2;243;183;157m██[38;2;228;178;157m██[38;2;232;236;240m██[38;2;139;153;175m██[38;2;221;233;244m██[38;2;213;225;237m██[38;2;214;225;237m██[38;2;213;224;237m██[38;2;211;224;236m██[38;2;208;221;235m██[38;2;113;126;146m██[38;2;223;235;247m██[38;2;214;225;238m██[38;2;248;251;253m██[38;2;66;115;184m██[38;2;52;90;148m██
[38;2;0;0;0m    [38;2;87;97;114m  [38;2;187;203;229m██[38;2;116;131;151m██[38;2;144;41;20m██[38;2;255;222;196m██[38;2;244;183;159m██[38;2;255;219;192m██[38;2;254;242;224m██[38;2;255;240;220m██[38;2;255;239;219m██[38;2;255;245;226m██[38;2;248;185;161m██[38;2;121;129;146m██[38;2;155;170;192m██[38;2;176;189;205m██[38;2;222;233;242m████[38;2;222;232;241m██[38;2;220;230;240m██[38;2;218;229;241m██[38;2;221;232;241m██[38;2;87;101;122m██[38;2;221;231;241m██[38;2;225;235;243m██[38;2;26;59;118m██[38;2;75;126;196m██
[38;2;0;0;0m    [38;2;111;126;142m  [38;2;190;206;232m██[38;2;156;104;94m██[38;2;254;203;179m██[38;2;211;152;131m██[38;2;149;122;106m██[38;2;166;153;140m██[38;2;255;233;213m██[38;2;255;234;214m██[38;2;255;235;215m████[38;2;250;193;166m██[38;2;240;194;164m██[38;2;124;141;166m██[38;2;105;111;125m██[38;2;237;245;251m██[38;2;228;240;245m██[38;2;229;240;246m██[38;2;229;238;245m██[38;2;225;236;243m██[38;2;237;242;248m██[38;2;113;125;146m██[38;2;237;246;252m██[38;2;235;242;248m██[38;2;251;252;252m██[38;2;87;136;206m██
[38;2;0;0;0m      [38;2;167;199;216m██[38;2;149;62;32m██[38;2;241;169;144m██[38;2;255;227;207m██[38;2;255;224;205m██[38;2;255;227;207m██[38;2;255;230;211m██[38;2;255;231;211m██[38;2;255;234;213m██[38;2;255;239;218m██[38;2;97;70;56m██[38;2;244;202;174m██[38;2;250;190;163m██[38;2;252;194;164m██[38;2;179;187;198m██[38;2;255;255;255m██████████[38;2;230;232;235m██[38;2;247;254;254m██[38;2;239;247;250m██[38;2;244;253;254m██[38;2;47;84;138m██
[38;2;0;0;0m      [38;2;106;95;104m██[38;2;251;188;164m██[38;2;113;99;89m██[38;2;251;238;216m██[38;2;255;214;194m██[38;2;255;216;198m██[38;2;255;220;201m██[38;2;255;222;204m██[38;2;255;227;206m██[38;2;255;229;209m██[38;2;255;240;220m██[38;2;208;198;187m██[38;2;84;58;44m██[38;2;181;140;121m██[38;2;91;106;126m██[38;2;249;253;254m██[38;2;241;249;251m██[38;2;245;253;253m██[38;2;247;252;254m██[38;2;242;250;252m██[38;2;245;246;246m██[38;2;252;255;255m██[38;2;243;251;253m██[38;2;245;253;254m██[38;2;76;95;121m██
[38;2;0;0;0m      [38;2;147;42;6m██[38;2;7;9;9m██[38;2;220;188;171m██[38;2;0;0;0m██[38;2;77;69;62m██[38;2;255;204;186m██[38;2;255;209;190m██[38;2;255;213;194m██[38;2;255;216;197m██[38;2;255;220;201m██[38;2;255;224;204m██[38;2;255;227;207m██[38;2;255;230;210m██[38;2;254;216;190m██[38;2;253;204;166m██[38;2;221;226;229m██[38;2;245;254;255m██[38;2;250;254;254m██[38;2;226;235;242m██[38;2;247;255;254m██[38;2;248;248;249m██[38;2;112;127;148m██[38;2;247;253;254m██[38;2;254;255;254m██[38;2;143;155;171m██
[38;2;0;0;0m    [38;2;144;92;77m██[38;2;254;229;212m██[38;2;255;116;103m██[38;2;255;192;175m██[38;2;255;191;176m██[38;2;0;0;0m██[38;2;255;197;179m████[38;2;255;203;184m██[38;2;255;204;187m██[38;2;255;209;191m██[38;2;255;216;197m██[38;2;246;244;224m██[38;2;255;234;213m██[38;2;255;231;211m██[38;2;241;179;156m██[38;2;66;91;118m██[38;2;246;254;255m██[38;2;253;255;255m██[38;2;200;213;229m██[38;2;251;254;254m██[38;2;157;175;202m██[38;2;79;95;120m██[38;2;254;254;254m██[38;2;71;87;115m██[38;2;204;206;214m██
[38;2;0;0;0m  [38;2;167;179;192m██[38;2;126;26;2m██[38;2;255;202;184m██[38;2;255;208;189m██[38;2;255;192;173m██[38;2;255;133;120m██[38;2;255;205;187m██[38;2;255;179;162m██[38;2;255;191;174m██[38;2;255;116;102m██[38;2;255;195;177m██[38;2;252;225;205m██[38;2;0;0;0m██████[38;2;21;22;21m██[38;2;253;213;191m██[38;2;129;123;132m██[38;2;251;255;255m██[38;2;250;254;254m██[38;2;183;199;221m██[38;2;188;203;224m██[38;2;92;107;128m██[38;2;86;101;120m██[38;2;173;190;217m██[38;2;248;255;255m██[38;2;142;161;186m██
[38;2;105;118;139m██[38;2;236;222;217m██[38;2;231;190;168m██[38;2;255;209;191m██[38;2;255;203;185m██[38;2;255;202;184m██[38;2;255;193;176m██[38;2;255;183;166m██[38;2;255;196;179m██[38;2;255;127;113m██[38;2;255;197;180m██[38;2;255;199;182m██[38;2;255;115;102m██[38;2;255;192;175m██[38;2;255;199;181m██[38;2;255;204;185m██[38;2;0;0;0m██[38;2;229;233;222m██[38;2;216;164;147m██[38;2;251;251;252m██[38;2;223;229;240m██[38;2;196;208;228m██[38;2;179;194;219m██[38;2;153;168;190m██[38;2;83;98;120m██[38;2;247;255;255m██[38;2;254;255;254m██[38;2;124;137;157m██
[38;2;251;255;255m██[38;2;200;157;141m██[38;2;253;234;214m██[38;2;255;217;199m██[38;2;255;213;194m██[38;2;255;210;191m██[38;2;255;205;188m██[38;2;255;202;183m██[38;2;255;193;177m██[38;2;255;199;181m██[38;2;255;148;132m██[38;2;255;105;92m██[38;2;255;196;180m██[38;2;255;182;163m██[38;2;255;196;181m██[38;2;255;199;181m██[38;2;255;206;187m██[38;2;255;209;190m██[38;2;239;178;154m██[38;2;245;245;247m██[38;2;180;197;221m██[38;2;184;200;223m██[38;2;175;191;216m██[38;2;177;195;222m██[38;2;122;136;157m██[38;2;248;249;252m██[38;2;191;208;235m██[38;2;96;109;129m██
[38;2;248;255;255m██[38;2;161;97;80m██[38;2;255;241;227m██[38;2;255;224;205m██[38;2;255;228;209m██[38;2;255;229;210m██[38;2;255;228;210m██[38;2;199;56;54m██[38;2;233;200;189m██[38;2;233;207;194m██[38;2;255;201;183m██[38;2;255;211;192m████[38;2;255;172;157m██[38;2;255;199;181m██[38;2;255;147;133m██[38;2;255;154;138m██[38;2;255;202;184m██[38;2;248;197;175m██[38;2;246;245;246m██[38;2;169;188;215m██[38;2;178;194;218m██[38;2;217;229;243m██[38;2;183;200;225m██[38;2;155;120;117m██[38;2;132;140;159m██[38;2;138;154;176m██[38;2;112;127;148m  
[38;2;251;252;253m██[38;2;164;100;78m██[38;2;255;244;229m██[38;2;255;233;212m██[38;2;255;231;211m██[38;2;255;234;215m██[38;2;212;89;86m██[38;2;255;120;115m██[38;2;255;124;119m██[38;2;255;133;125m██[38;2;163;43;41m██[38;2;255;218;202m██[38;2;255;205;186m██[38;2;255;196;178m██[38;2;255;113;101m██[38;2;255;151;137m██[38;2;255;203;184m██[38;2;255;217;197m██[38;2;220;187;175m██[38;2;247;252;252m██[38;2;177;193;218m██[38;2;73;90;113m██[38;2;213;221;235m██[38;2;127;136;155m██[38;2;255;255;253m██[38;2;163;123;117m██[38;2;185;201;227m██[38;2;0;0;0m  
[38;2;165;185;214m██[38;2;177;190;214m██[38;2;251;244;229m██[38;2;255;235;215m██[38;2;255;234;215m██[38;2;247;222;203m██[38;2;254;130;124m██[38;2;255;139;132m██[38;2;255;142;136m██[38;2;255;142;135m██[38;2;255;146;139m██[38;2;255;229;211m██[38;2;255;230;209m██[38;2;255;217;198m██[38;2;255;207;187m██[38;2;255;203;186m██[38;2;255;199;182m██[38;2;255;143;129m██[38;2;142;138;146m██[38;2;177;193;219m██[38;2;164;180;205m██[38;2;249;250;251m██[38;2;173;190;216m██[38;2;83;101;121m██[38;2;255;246;227m██[38;2;149;96;83m██[38;2;94;110;131m██[38;2;0;0;0m  
[38;2;177;193;217m██[38;2;71;97;125m██[38;2;160;72;42m██[38;2;255;236;216m██[38;2;255;237;217m██[38;2;216;170;158m██[38;2;255;140;133m██[38;2;255;151;143m██[38;2;255;154;146m██[38;2;255;151;143m██[38;2;255;147;140m██[38;2;217;172;159m██[38;2;255;228;209m██[38;2;255;222;203m██[38;2;255;216;197m██[38;2;255;210;192m██[38;2;255;208;190m██[38;2;255;206;187m██[38;2;74;91;116m██[38;2;179;195;219m██[38;2;176;185;195m██[38;2;254;255;255m██[38;2;193;206;228m██[38;2;233;216;198m██[38;2;255;219;193m██[38;2;142;148;166m██[38;2;91;102;114m  [38;2;0;0;0m  
[38;2;119;133;155m██[38;2;0;0;0m  [38;2;166;92;63m  [38;2;254;198;173m██[38;2;255;236;216m██[38;2;253;233;213m██[38;2;255;152;145m██[38;2;255;149;141m██[38;2;255;156;148m██[38;2;255;152;144m██[38;2;255;147;139m██[38;2;199;140;129m██[38;2;255;234;214m██[38;2;255;228;209m██[38;2;255;224;205m██[38;2;255;220;201m██[38;2;255;217;198m██[38;2;231;196;184m██[38;2;114;132;153m██[38;2;216;222;226m██[38;2;248;255;255m██[38;2;199;211;228m██[38;2;81;100;122m██[38;2;253;227;206m██[38;2;161;73;41m██[38;2;99;117;139m██[38;2;0;0;0m    
[38;2;123;141;157m  [38;2;0;0;0m    [38;2;153;41;12m██[38;2;251;194;168m██[38;2;255;251;236m██[38;2;245;202;186m██[38;2;255;163;153m██[38;2;255;159;151m██[38;2;255;159;150m██[38;2;254;165;156m██[38;2;244;218;199m██[38;2;255;236;216m██[38;2;255;233;213m██[38;2;255;231;212m██[38;2;255;228;208m██[38;2;255;224;205m██[38;2;114;122;139m██[38;2;252;252;253m██[38;2;248;255;255m██[38;2;254;254;254m██[38;2;207;225;245m██[38;2;212;175;160m██[38;2;144;50;20m██[38;2;103;134;163m  [38;2;0;0;0m      
[38;2;0;0;0m      [38;2;1;21;43m██[38;2;133;105;95m██[38;2;208;145;121m██[38;2;247;192;168m██[38;2;255;241;222m██[38;2;255;168;159m██[38;2;254;168;158m██[38;2;194;130;123m██[38;2;255;234;214m██[38;2;255;235;215m██[38;2;255;239;220m██[38;2;255;245;217m██[38;2;179;167;158m██[38;2;55;79;108m██[38;2;255;255;255m██[38;2;248;255;255m██[38;2;254;255;255m██[38;2;174;191;219m██[38;2;76;103;129m██[38;2;170;124;109m  [38;2;0;0;0m          
[38;2;0;0;0m    [38;2;0;26;54m██[38;2;128;184;208m██[38;2;39;80;104m██[38;2;27;93;132m██[38;2;172;65;29m██[38;2;232;171;147m██[38;2;241;179;154m██[38;2;240;175;149m██[38;2;241;179;153m██[38;2;242;181;156m██[38;2;249;177;148m██[38;2;46;80;113m██[38;2;189;197;204m██[38;2;255;255;255m██[38;2;247;255;255m██[38;2;249;255;255m██[38;2;226;237;245m██[38;2;190;206;230m██[38;2;87;96;115m██[38;2;4;24;50m██[38;2;9;41;64m  [38;2;46;79;100m  [38;2;114;144;160m  [38;2;0;0;0m      
[38;2;0;0;0m    [38;2;60;102;126m██[38;2;43;86;109m██[38;2;66;111;138m██[38;2;59;103;128m██[38;2;47;91;117m██[38;2;79;76;83m██[38;2;253;197;173m██[38;2;243;185;160m██[38;2;242;184;160m██[38;2;158;141;143m██[38;2;224;232;235m██[38;2;255;255;255m██[38;2;245;250;251m██[38;2;186;201;223m██[38;2;179;195;220m██[38;2;182;199;225m██[38;2;150;160;177m██[38;2;95;112;132m██[38;2;122;180;204m██[38;2;120;178;201m██[38;2;121;179;203m██[38;2;126;184;208m██[38;2;137;196;220m██[38;2;6;37;63m██[38;2;0;0;0m    
[38;2;0;0;0m  [38;2;110;108;109m  [38;2;13;57;86m██[38;2;124;182;207m██[38;2;66;113;139m██[38;2;63;107;135m██[38;2;46;87;112m██[38;2;4;27;43m██[38;2;0;9;31m██[38;2;124;117;111m██[38;2;110;115;107m██[38;2;239;240;242m██[38;2;178;194;220m██[38;2;122;135;157m██[38;2;92;102;121m██[38;2;86;92;111m██[38;2;85;103;123m██[38;2;111;136;155m██[38;2;118;186;213m██[38;2;114;169;193m██[38;2;108;163;186m██[38;2;106;157;182m██[38;2;104;157;181m██[38;2;105;157;182m██[38;2;107;161;186m██[38;2;103;156;180m██[38;2;0;0;0m    
[38;2;83;70;70m██[38;2;158;146;146m██[38;2;41;55;67m██[38;2;118;174;199m██[38;2;51;95;121m██[38;2;37;75;97m██[38;2;10;46;69m██[38;2;11;49;73m██[38;2;40;81;108m██[38;2;13;52;76m██[38;2;97;111;133m██[38;2;68;82;105m██[38;2;84;130;157m██[38;2;136;197;220m██[38;2;123;180;204m██[38;2;126;184;208m██[38;2;64;111;138m██[38;2;51;99;126m██[38;2;45;88;115m██[38;2;44;85;113m██[38;2;56;100;126m██[38;2;65;112;138m██[38;2;61;107;132m██[38;2;62;105;133m██[38;2;66;110;136m██[38;2;41;85;109m██[38;2;0;0;0m    
[38;2;146;134;134m██[38;2;154;142;142m██[38;2;109;98;98m██[38;2;10;52;79m██[38;2;45;87;110m██[38;2;8;40;60m██[38;2;44;86;114m██[38;2;40;82;108m██[38;2;42;81;109m██[38;2;3;23;49m██[38;2;101;112;130m██[38;2;132;193;216m██[38;2;106;157;182m██[38;2;44;84;112m██[38;2;2;37;66m██[38;2;60;57;61m██[38;2;105;94;93m██[38;2;155;144;144m██[38;2;52;35;36m██[38;2;60;52;55m██[38;2;45;88;114m██[38;2;44;88;113m██[38;2;44;87;114m██[38;2;45;87;115m██[38;2;53;99;125m██[38;2;40;77;100m  [38;2;0;0;0m    
[38;2;106;91;91m████[38;2;63;61;60m██[38;2;98;155;150m██[38;2;28;68;95m██[38;2;8;46;71m██[38;2;42;84;110m██[38;2;19;60;85m██[38;2;98;151;176m██[38;2;138;199;224m██[38;2;43;70;93m██[38;2;16;55;80m██[38;2;1;48;75m██[38;2;134;106;99m██[38;2;144;131;132m██[38;2;147;135;135m██████[38;2;142;129;129m██[38;2;233;231;232m██[38;2;47;20;15m██[38;2;43;86;112m██[38;2;104;160;185m██[38;2;35;75;101m██[38;2;65;100;121m  [38;2;0;0;0m      
[38;2;109;93;93m██[38;2;57;44;44m██[38;2;168;235;235m██[38;2;172;247;246m██[38;2;101;162;155m██[38;2;28;68;95m██[38;2;14;53;78m██[38;2;157;221;244m██[38;2;3;26;48m██[38;2;44;86;114m██[38;2;43;86;113m██[38;2;51;99;112m██[38;2;64;52;53m██[38;2;101;86;86m██[38;2;137;125;125m██[38;2;131;119;119m██[38;2;112;96;96m██[38;2;120;106;106m██[38;2;130;117;117m██[38;2;138;124;124m██[38;2;221;220;220m██[38;2;58;87;107m██[38;2;34;73;102m██[38;2;127;182;207m██[38;2;35;72;96m  [38;2;0;0;0m      [0m
