
[38;2;0;0;0m          [38;2;56;56;18m  [38;2;52;48;19m  [38;2;0;0;0m              [38;2;22;14;7m  [38;2;208;197;79m  [38;2;246;206;86m██[38;2;2;1;0m  [38;2;0;0;0m                        
[38;2;0;0;0m          [38;2;42;42;21m  [38;2;252;238;95m██[38;2;141;110;47m  [38;2;13;13;7m  [38;2;0;0;0m          [38;2;113;106;42m  [38;2;255;235;94m██[38;2;254;235;94m██[38;2;35;26;11m  [38;2;0;0;0m                        
[38;2;0;0;0m          [38;2;13;13;6m  [38;2;253;238;95m██[38;2;255;235;94m██[38;2;227;170;74m  [38;2;5;4;1m  [38;2;0;0;0m      [38;2;20;18;7m  [38;2;254;234;94m██[38;2;255;235;94m████[38;2;251;185;81m██[38;2;4;3;1m  [38;2;0;0;0m              [38;2;15;15;4m  [38;2;0;0;0m      
[38;2;0;0;0m            [38;2;254;236;94m██[38;2;255;235;94m██[38;2;255;234;94m██[38;2;248;188;81m██[38;2;5;3;1m  [38;2;0;0;0m  [38;2;8;8;2m  [38;2;253;234;93m██[38;2;255;235;94m██████[38;2;251;206;86m██[38;2;81;59;26m  [38;2;0;0;0m        [38;2;5;4;1m  [38;2;5;5;2m  [38;2;144;133;53m  [38;2;253;238;96m  [38;2;3;1;1m  [38;2;0;0;0m    
[38;2;0;0;0m            [38;2;254;235;94m██[38;2;255;235;94m██████[38;2;249;196;83m██[38;2;7;6;3m  [38;2;254;246;99m██[38;2;255;235;94m████████[38;2;255;238;95m██[38;2;248;182;80m██[38;2;51;34;17m  [38;2;10;10;3m  [38;2;9;9;4m  [38;2;106;100;40m  [38;2;254;238;96m  [38;2;254;234;94m██[38;2;255;235;94m██[38;2;237;174;76m  [38;2;1;0;0m  [38;2;0;0;0m    
[38;2;0;0;0m    [38;2;3;3;1m  [38;2;7;7;2m  [38;2;0;0;0m  [38;2;16;16;16m  [38;2;254;235;94m██[38;2;255;235;94m████████[38;2;248;202;85m██[38;2;255;234;94m██[38;2;255;235;94m██████████[38;2;247;182;80m██[38;2;218;160;70m██[38;2;241;228;91m  [38;2;254;234;94m██[38;2;255;235;94m██████[38;2;255;233;93m██[38;2;121;89;39m  [38;2;0;0;0m      
[38;2;0;0;0m    [38;2;15;10;5m  [38;2;252;239;95m██[38;2;180;174;69m  [38;2;27;25;10m  [38;2;252;238;96m██[38;2;253;233;94m██[38;2;255;235;94m██[38;2;255;236;94m██[38;2;255;236;95m████[38;2;255;234;94m██[38;2;253;233;94m██[38;2;254;234;94m██[38;2;255;235;94m██████[38;2;252;220;90m██[38;2;253;221;90m██[38;2;255;235;94m██████████[38;2;247;180;79m██[38;2;40;29;13m  [38;2;0;0;0m      
[38;2;0;0;0m    [38;2;80;53;27m  [38;2;235;172;75m  [38;2;252;235;94m██[38;2;120;113;46m██[38;2;16;15;7m██[38;2;2;1;0m██[38;2;1;1;0m██[38;2;1;7;13m██[38;2;1;13;24m██████[38;2;2;12;21m██[38;2;0;2;3m██[38;2;35;33;14m██[38;2;109;101;41m██[38;2;200;193;77m██[38;2;254;240;96m██[38;2;254;234;94m██[38;2;255;235;94m████████[38;2;254;235;94m██[38;2;246;179;79m██[38;2;5;4;2m  [38;2;0;0;0m      
[38;2;0;0;0m      [38;2;3;2;1m  [38;2;2;18;36m██[38;2;0;52;104m██[38;2;22;22;24m██[38;2;49;50;50m██[38;2;120;118;116m██[38;2;146;145;144m██[38;2;165;164;163m██[38;2;166;165;165m██[38;2;148;148;147m██[38;2;91;90;90m██[38;2;32;32;31m██[38;2;3;13;24m██[38;2;1;29;59m██[38;2;0;49;97m██[38;2;2;35;68m██[38;2;1;12;23m██[38;2;48;45;19m██[38;2;215;206;83m██[38;2;254;234;94m██[38;2;255;235;94m██[38;2;247;182;79m██[38;2;247;180;79m██[38;2;212;157;69m██[38;2;68;49;22m  [38;2;2;1;0m  [38;2;10;7;3m  
[38;2;0;0;0m    [38;2;0;0;1m  [38;2;0;33;66m  [38;2;0;51;102m██[38;2;0;9;21m██[38;2;205;205;205m██[38;2;204;204;204m████[38;2;208;208;208m██[38;2;173;173;173m██[38;2;122;122;122m██[38;2;207;207;207m██[38;2;204;204;204m████[38;2;203;203;203m██[38;2;181;181;181m██[38;2;16;16;16m██[38;2;0;51;102m████[38;2;0;51;101m████[38;2;1;5;7m██[38;2;238;227;90m██[38;2;249;193;82m██[38;2;248;182;79m██[38;2;247;180;79m██[38;2;247;179;79m██[38;2;246;178;79m██[38;2;246;179;78m██
[38;2;0;0;0m    [38;2;0;10;20m  [38;2;0;51;102m██[38;2;0;51;101m██[38;2;150;150;150m██[38;2;204;204;204m██[38;2;203;203;203m██[38;2;202;202;202m██[38;2;39;39;39m██[38;2;60;60;60m██[38;2;92;92;92m██[38;2;204;204;204m████[38;2;203;203;203m████[38;2;208;208;208m██[38;2;4;12;27m██[38;2;0;51;102m████████[38;2;0;36;72m██[38;2;2;6;10m██[38;2;253;239;95m██[38;2;255;235;94m████[38;2;254;229;92m██[38;2;247;180;79m██[38;2;62;46;20m  
[38;2;0;0;0m    [38;2;0;46;91m██[38;2;0;51;102m██[38;2;0;51;101m██[38;2;74;75;75m██[38;2;24;28;36m██[38;2;3;13;24m██[38;2;1;12;23m██[38;2;2;14;26m██[38;2;3;14;33m██[38;2;2;15;32m██[38;2;2;14;32m████[38;2;2;14;28m██[38;2;1;12;23m██[38;2;41;40;41m██[38;2;0;36;73m██[38;2;0;51;101m██[38;2;0;51;102m██████[38;2;0;44;88m██[38;2;0;32;65m██[38;2;202;188;75m██[38;2;255;235;94m██[38;2;252;218;89m██[38;2;247;180;79m██[38;2;150;110;48m  [38;2;2;2;1m  
[38;2;0;0;0m  [38;2;0;3;6m  [38;2;1;23;45m██[38;2;2;5;8m██[38;2;8;6;4m██[38;2;49;33;22m██[38;2;99;66;41m██[38;2;162;109;69m██[38;2;200;144;92m██[38;2;143;98;64m██[38;2;248;169;109m██[38;2;155;106;69m██[38;2;224;154;99m██[38;2;219;147;94m██[38;2;179;122;80m██[38;2;159;108;70m██[38;2;157;106;67m██[38;2;44;31;21m██[38;2;6;4;3m██[38;2;1;21;42m██[38;2;0;49;99m██[38;2;0;51;101m██[38;2;0;46;93m██[38;2;0;35;70m██[38;2;135;126;51m██[38;2;250;204;85m██[38;2;247;180;79m██[38;2;221;164;72m  [38;2;11;11;5m  [38;2;0;0;0m  
[38;2;0;0;0m  [38;2;1;1;2m  [38;2;249;169;107m██[38;2;247;182;134m██[38;2;94;76;63m██[38;2;250;205;171m██[38;2;251;204;170m██[38;2;251;204;169m██[38;2;203;176;147m██[38;2;251;204;170m████[38;2;250;203;169m██[38;2;108;91;77m██[38;2;251;204;170m██[38;2;251;203;169m██[38;2;249;203;170m██[38;2;251;204;170m██[38;2;232;182;144m██[38;2;218;157;103m██[38;2;245;167;105m██[38;2;192;132;83m██[38;2;5;3;2m██[38;2;0;31;62m██[38;2;0;35;70m██[38;2;168;130;56m██[38;2;247;180;79m██[38;2;245;178;78m██[38;2;15;11;4m  [38;2;2;1;1m  [38;2;1;0;0m  
[38;2;0;0;0m  [38;2;31;26;22m  [38;2;251;204;170m██████[38;2;252;206;171m██[38;2;252;207;172m██[38;2;251;206;171m██[38;2;179;151;132m██[38;2;251;204;170m██████[38;2;253;206;172m██[38;2;123;101;85m██[38;2;14;12;11m██[38;2;3;3;3m██[38;2;11;10;9m██[38;2;140;114;96m██[38;2;251;204;170m██[38;2;252;204;171m██[38;2;250;196;156m██[38;2;246;165;104m██[38;2;185;126;79m██[38;2;1;2;5m██[38;2;233;169;74m██[38;2;247;180;79m████[38;2;246;179;79m██[38;2;249;183;80m██[38;2;204;150;65m  
[38;2;9;8;7m  [38;2;222;185;154m██[38;2;210;177;149m██[38;2;229;188;158m██[38;2;76;62;52m██[38;2;69;69;69m██[38;2;39;38;37m██[38;2;28;50;94m██[38;2;103;86;72m██[38;2;251;209;174m██[38;2;251;204;170m██[38;2;250;205;171m██[38;2;8;7;7m██[38;2;254;254;254m██[38;2;161;161;161m██[38;2;24;45;87m██[38;2;54;68;95m██[38;2;151;151;151m██[38;2;125;102;85m██[38;2;137;115;98m██[38;2;200;169;141m██[38;2;221;149;93m██[38;2;146;109;80m██[38;2;64;44;28m██[38;2;8;6;2m██[38;2;247;181;79m██[38;2;247;180;79m██[38;2;246;182;79m  [38;2;23;16;7m  [38;2;2;1;1m  
[38;2;158;131;111m██[38;2;106;87;74m██[38;2;250;210;175m██[38;2;231;194;162m██[38;2;249;202;169m██[38;2;252;206;171m██[38;2;251;209;174m██[38;2;240;194;160m██[38;2;34;24;16m██[38;2;168;140;116m██[38;2;251;204;170m████[38;2;42;35;29m██[38;2;140;116;96m██[38;2;251;208;173m██[38;2;227;189;158m██[38;2;185;154;128m██[38;2;250;208;174m██[38;2;240;202;168m██[38;2;197;137;86m██[38;2;49;33;23m██[38;2;42;36;30m██[38;2;37;26;17m██[38;2;173;116;73m██[38;2;153;106;71m██[38;2;3;2;2m██[38;2;67;48;21m  [38;2;4;3;1m  [38;2;0;0;0m    
[38;2;247;221;184m██[38;2;163;135;113m██[38;2;109;89;75m██[38;2;135;114;96m██[38;2;21;17;16m██[38;2;68;55;46m██[38;2;251;204;170m██[38;2;248;186;140m██[38;2;39;27;19m██[38;2;249;203;170m██[38;2;251;204;170m████[38;2;249;203;169m██[38;2;251;204;170m██████[38;2;195;164;137m██[38;2;92;76;63m██[38;2;93;76;64m██[38;2;166;136;113m██[38;2;251;210;175m██[38;2;125;102;85m██[38;2;249;202;168m██[38;2;39;32;27m██[38;2;248;165;104m██[38;2;225;151;96m██[38;2;3;2;2m  [38;2;0;0;0m      
[38;2;251;215;179m██[38;2;248;206;171m██[38;2;237;194;162m██[38;2;146;121;101m██[38;2;252;208;174m██[38;2;252;207;173m██[38;2;250;178;123m██[38;2;17;11;8m██[38;2;247;203;169m██[38;2;251;204;170m████[38;2;249;202;169m██[38;2;40;33;28m██[38;2;32;27;22m██[38;2;192;165;138m██[38;2;218;182;152m██[38;2;251;204;170m██[38;2;249;203;169m██[38;2;235;194;162m██[38;2;36;29;25m██[38;2;56;56;56m██[38;2;13;13;13m██[38;2;157;132;110m██[38;2;172;140;117m██[38;2;249;174;109m██[38;2;255;175;110m██[38;2;107;107;106m  [38;2;0;0;0m      
[38;2;122;102;86m██[38;2;213;180;151m██[38;2;70;57;47m██[38;2;43;35;30m██[38;2;250;203;169m██[38;2;184;152;127m██[38;2;166;127;94m██[38;2;84;57;37m██[38;2;250;210;175m██[38;2;252;206;172m██[38;2;202;167;139m██[38;2;27;23;20m██[38;2;48;39;33m██[38;2;8;7;6m██[38;2;248;202;168m██[38;2;249;206;172m██[38;2;133;110;92m██[38;2;1;1;1m██[38;2;42;42;42m██[38;2;249;249;249m██[38;2;243;243;243m██[38;2;21;15;11m██[38;2;250;196;152m██[38;2;38;28;20m██[38;2;223;150;96m██[38;2;118;81;52m  [38;2;1;1;1m  [38;2;0;0;0m      
[38;2;21;15;10m██[38;2;246;200;167m██[38;2;3;3;3m██[38;2;52;52;52m██[38;2;2;2;2m██[38;2;161;135;112m██[38;2;251;208;174m██[38;2;250;179;126m██[38;2;115;78;50m██[38;2;112;93;77m██[38;2;251;209;174m██[38;2;247;201;168m██[38;2;174;145;121m██[38;2;73;60;50m██[38;2;32;32;32m██[38;2;163;163;163m██[38;2;251;251;251m██[38;2;246;246;246m██[38;2;44;44;44m██[38;2;66;66;66m██[38;2;4;4;4m██[38;2;213;145;92m██[38;2;251;206;172m██[38;2;225;152;97m██[38;2;214;148;94m██[38;2;5;3;2m  [38;2;0;0;0m        
[38;2;150;102;65m██[38;2;248;202;168m██[38;2;5;5;5m██[38;2;241;241;241m██[38;2;243;243;243m██[38;2;34;34;34m██[38;2;133;132;132m██[38;2;53;53;53m██[38;2;5;5;5m██[38;2;64;64;64m██[38;2;54;54;53m██[38;2;178;178;178m██[38;2;251;251;251m██[38;2;250;250;250m██[38;2;35;35;35m██[38;2;213;213;213m██[38;2;107;107;107m██[38;2;4;4;4m██[38;2;48;48;48m██[38;2;225;225;225m██[38;2;127;86;55m██[38;2;250;193;151m██[38;2;250;197;158m██[38;2;200;135;86m██[38;2;185;130;82m██[38;2;39;26;17m  [38;2;0;0;0m        
[38;2;4;4;4m  [38;2;249;203;170m██[38;2;4;4;3m██[38;2;3;3;3m██[38;2;6;6;6m██[38;2;4;4;4m██[38;2;124;124;124m██[38;2;157;157;157m██[38;2;62;62;62m██[38;2;160;160;160m██[38;2;91;91;91m██[38;2;165;165;165m██[38;2;113;113;113m██[38;2;23;23;23m██[38;2;3;3;3m██[38;2;25;25;25m██[38;2;178;178;178m██[38;2;253;253;253m██[38;2;69;69;69m██[38;2;85;57;37m██[38;2;248;172;115m██[38;2;251;204;170m██[38;2;247;173;118m██[38;2;1;1;0m██[38;2;1;1;1m  [38;2;0;0;0m          
[38;2;106;106;106m  [38;2;251;204;170m██[38;2;11;7;5m██[38;2;3;3;3m██[38;2;4;4;4m████[38;2;3;3;3m██[38;2;4;4;4m██[38;2;3;3;3m██[38;2;5;5;5m██[38;2;4;4;4m██[38;2;5;5;5m██[38;2;75;75;75m██[38;2;207;207;207m██[38;2;125;125;125m██[38;2;251;251;251m████[38;2;164;164;164m██[38;2;75;51;33m██[38;2;248;171;114m██[38;2;251;204;170m██[38;2;251;205;172m██[38;2;128;88;56m██[38;2;160;149;60m  [38;2;0;0;0m            
[38;2;9;7;7m  [38;2;250;203;170m██[38;2;165;119;82m██[38;2;90;90;90m██[38;2;212;212;212m██[38;2;205;205;205m██[38;2;6;6;6m██[38;2;241;241;241m██[38;2;2;2;2m██[38;2;251;251;251m████[38;2;49;49;49m██[38;2;251;251;251m████[38;2;250;250;250m██[38;2;63;63;63m██[38;2;6;6;6m██[38;2;155;106;67m██[38;2;250;189;144m██[38;2;250;202;169m██[38;2;251;204;169m██[38;2;147;99;63m██[38;2;129;95;42m██[38;2;159;148;59m  [38;2;0;0;0m            
[38;2;7;7;7m  [38;2;248;203;169m██[38;2;250;204;170m██[38;2;146;100;62m██[38;2;7;7;6m██[38;2;14;13;13m██[38;2;61;61;61m██[38;2;208;208;208m██[38;2;147;147;147m██[38;2;234;234;234m██[38;2;242;242;242m██[38;2;15;15;15m██[38;2;125;124;124m██[38;2;69;68;68m██[38;2;7;5;4m██[38;2;142;96;60m██[38;2;251;179;123m██[38;2;131;110;94m██[38;2;205;175;146m██[38;2;138;118;99m██[38;2;57;47;39m██[38;2;141;116;49m██[38;2;250;189;82m██[38;2;6;6;2m  [38;2;0;0;0m            
[38;2;9;7;6m██[38;2;252;204;170m██[38;2;251;204;170m██[38;2;225;184;153m██[38;2;247;200;166m██[38;2;251;184;132m██[38;2;240;161;103m██[38;2;217;145;92m██[38;2;202;140;91m██[38;2;197;137;90m██[38;2;211;141;90m██[38;2;230;159;106m██[38;2;251;179;125m██[38;2;254;194;151m██[38;2;227;188;157m██[38;2;140;116;98m██[38;2;161;141;118m██[38;2;175;155;130m██[38;2;73;61;51m  [38;2;7;7;7m  [38;2;152;112;49m██[38;2;74;69;27m██[38;2;199;181;74m  [38;2;0;0;0m              
[38;2;11;10;8m██[38;2;250;203;169m██[38;2;184;154;130m██[38;2;250;203;169m██[38;2;163;138;116m██[38;2;146;120;101m██[38;2;213;176;149m██[38;2;240;201;173m██[38;2;235;193;163m██[38;2;231;191;161m██[38;2;216;177;149m██[38;2;166;136;115m██[38;2;168;138;116m██[38;2;162;134;112m██[38;2;181;152;128m██[38;2;253;212;177m██[38;2;66;54;45m  [38;2;6;6;6m  [38;2;0;0;0m    [38;2;89;66;29m██[38;2;28;27;12m  [38;2;11;11;4m  [38;2;0;0;0m              
[38;2;6;6;6m  [38;2;249;203;170m██[38;2;250;203;169m██[38;2;214;179;149m██[38;2;143;118;100m██[38;2;179;149;127m██[38;2;188;158;136m██[38;2;198;164;139m██[38;2;197;163;138m██[38;2;212;176;149m██[38;2;232;191;160m██[38;2;251;208;173m██[38;2;249;202;169m██[38;2;252;207;172m██[38;2;54;44;37m  [38;2;7;7;6m  [38;2;0;0;0m                            
[38;2;0;0;0m  [38;2;35;28;24m  [38;2;252;207;173m██[38;2;250;203;170m██[38;2;251;204;170m██████[38;2;249;203;169m██[38;2;252;205;171m██[38;2;251;205;171m██[38;2;150;124;104m  [38;2;11;9;8m  [38;2;5;5;5m  [38;2;5;5;4m  [38;2;0;0;0m                                [0m
