
[38;2;0;0;0m    [38;2;254;165;76m  [38;2;255;211;121m██[38;2;253;166;77m  [38;2;255;167;78m  [38;2;0;0;0m        [38;2;80;56;64m  [38;2;15;11;11m  [38;2;0;0;0m  [38;2;1;2;2m  [38;2;19;9;12m  [38;2;82;37;45m  [38;2;222;162;184m  [38;2;255;173;197m██████[38;2;40;30;33m  [38;2;255;110;155m██[38;2;255;208;210m██[38;2;247;214;215m██[38;2;15;19;27m  [38;2;0;0;0m        
[38;2;255;178;88m  [38;2;255;169;81m  [38;2;0;0;0m  [38;2;198;129;59m  [38;2;254;165;76m  [38;2;0;0;0m    [38;2;8;12;17m  [38;2;15;10;10m  [38;2;255;174;198m██[38;2;255;173;197m██[38;2;255;174;197m██[38;2;255;125;164m██[38;2;255;108;153m██[38;2;248;96;142m██[38;2;255;173;197m████████[38;2;228;86;125m██[38;2;250;165;191m██[38;2;153;111;127m  [38;2;255;173;197m████[38;2;253;176;200m██[38;2;19;11;15m  [38;2;0;0;0m      
[38;2;255;169;80m  [38;2;255;176;86m  [38;2;255;179;89m  [38;2;0;0;0m    [38;2;11;15;21m  [38;2;40;18;25m  [38;2;228;56;105m██[38;2;255;173;197m██████[38;2;254;174;198m██[38;2;232;65;112m██[38;2;240;83;129m██[38;2;250;135;171m██[38;2;255;174;197m██[38;2;255;172;196m████[38;2;251;162;188m██[38;2;233;68;115m██[38;2;254;109;154m██[38;2;255;174;198m██[38;2;97;67;74m  [38;2;230;89;129m██[38;2;255;173;197m██[38;2;235;170;193m██[38;2;2;1;2m  [38;2;0;0;0m    
[38;2;0;0;0m  [38;2;10;2;2m  [38;2;21;16;17m  [38;2;106;92;94m  [38;2;4;3;4m  [38;2;200;92;126m██[38;2;248;96;142m██[38;2;255;173;197m████████[38;2;231;60;108m██[38;2;225;53;100m██[38;2;255;183;201m██[38;2;255;210;211m██[38;2;255;208;210m████[38;2;255;192;204m██[38;2;255;199;207m██[38;2;255;171;196m██[38;2;255;211;213m██[38;2;237;111;148m██[38;2;255;206;210m██[38;2;159;135;137m██[38;2;255;208;212m██[38;2;255;172;196m██[38;2;255;172;197m██[38;2;140;103;115m  [38;2;4;2;2m  
[38;2;0;0;0m  [38;2;75;63;64m  [38;2;255;208;210m██[38;2;255;105;150m██[38;2;254;172;196m██[38;2;161;118;132m██[38;2;182;67;71m██[38;2;255;173;197m██████[38;2;250;163;189m██[38;2;225;66;111m██[38;2;255;190;204m██[38;2;255;208;210m████████[38;2;255;174;198m██[38;2;236;157;173m██[38;2;255;178;198m██[38;2;255;208;210m████[38;2;255;197;205m██[38;2;248;213;215m██[38;2;255;173;198m██[38;2;255;172;197m██[38;2;255;173;197m████[38;2;234;103;145m██
[38;2;7;8;11m  [38;2;252;204;210m██[38;2;255;172;196m██[38;2;255;173;197m██████[38;2;97;30;29m██[38;2;255;172;196m██[38;2;255;173;197m██[38;2;255;199;207m██[38;2;217;37;86m██[38;2;255;184;201m██[38;2;255;208;210m██████████[38;2;254;124;164m██[38;2;114;96;98m██[38;2;242;180;197m██[38;2;255;210;211m██[38;2;255;208;210m████[38;2;255;193;204m██[38;2;89;71;75m██[38;2;255;173;197m██████[38;2;255;106;151m██
[38;2;28;22;33m  [38;2;255;171;194m██[38;2;255;173;197m████████[38;2;134;99;111m██[38;2;255;172;197m██[38;2;255;208;210m██[38;2;250;165;192m██[38;2;255;175;197m██[38;2;255;208;210m████████[38;2;255;209;211m██[38;2;255;172;196m██[38;2;142;79;74m  [38;2;174;126;143m██[38;2;215;101;137m██[38;2;221;128;104m██[38;2;254;175;200m██[38;2;255;172;197m██[38;2;255;194;205m██[38;2;241;140;164m██[38;2;255;173;197m██[38;2;255;174;197m██[38;2;245;108;151m██[38;2;189;85;119m  
[38;2;10;5;6m  [38;2;255;154;185m██[38;2;255;172;196m██[38;2;255;208;210m██[38;2;255;173;197m████[38;2;132;97;109m  [38;2;255;208;210m██[38;2;250;175;199m██[38;2;196;36;32m██[38;2;185;83;79m██[38;2;255;211;212m██[38;2;255;178;198m██[38;2;255;173;197m██████[38;2;90;67;73m██[38;2;245;218;205m██[38;2;255;107;152m██[38;2;111;106;106m██[38;2;240;231;222m██[38;2;244;231;222m██[38;2;238;171;194m██[38;2;255;173;197m████[38;2;150;32;29m██[38;2;237;136;168m██[38;2;232;114;150m██[38;2;14;9;10m  
[38;2;78;35;47m  [38;2;253;106;150m██[38;2;255;208;210m██[38;2;255;195;205m██[38;2;255;172;196m██[38;2;255;173;197m██[38;2;140;113;117m██[38;2;255;204;209m██[38;2;247;158;185m██[38;2;199;36;31m██[38;2;255;174;198m██[38;2;188;73;78m██[38;2;225;152;172m██[38;2;255;173;197m████[38;2;154;114;129m██[38;2;242;230;221m██[38;2;85;80;80m██[38;2;154;147;143m██[38;2;240;231;222m██████[38;2;246;201;185m██[38;2;211;154;174m██[38;2;255;173;197m██[38;2;217;159;179m██[38;2;241;101;141m██[38;2;187;37;32m  [38;2;6;6;9m  
[38;2;105;49;67m  [38;2;255;212;213m██[38;2;255;203;209m██[38;2;255;173;197m████[38;2;253;175;199m██[38;2;255;200;209m██[38;2;193;59;74m██[38;2;193;72;79m██[38;2;178;44;45m  [38;2;206;113;127m██[38;2;235;162;182m██[38;2;223;151;170m██[38;2;225;148;169m██[38;2;156;113;128m██[38;2;240;235;227m██[38;2;240;231;222m██████[38;2;229;87;128m██[38;2;240;231;222m██████[38;2;254;149;120m██[38;2;253;178;202m██[38;2;255;130;169m██[38;2;130;74;73m  [38;2;23;2;2m  [38;2;192;35;30m  
[38;2;253;210;213m██[38;2;255;174;197m██[38;2;255;173;197m██████[38;2;88;29;28m██[38;2;243;138;168m██[38;2;198;103;116m██[38;2;204;112;134m██[38;2;242;166;190m██[38;2;252;177;200m██[38;2;253;178;202m██[38;2;228;150;170m██[38;2;167;29;24m██[38;2;234;194;198m██[38;2;241;234;225m██[38;2;240;231;222m██████[38;2;240;235;226m██[38;2;224;68;110m██[38;2;226;143;160m██[38;2;240;232;224m████[38;2;98;47;51m██[38;2;255;152;181m██[38;2;126;17;17m  [38;2;63;0;0m  [38;2;45;129;186m  
[38;2;255;173;197m████████[38;2;173;128;144m██[38;2;255;176;200m██[38;2;255;173;197m████[38;2;239;165;188m██[38;2;191;97;107m  [38;2;240;163;185m██[38;2;254;177;201m██[38;2;161;94;81m██[38;2;240;232;224m██[38;2;222;68;110m██[38;2;240;231;222m██████████[38;2;240;232;224m██[38;2;250;172;148m██[38;2;236;228;220m██[38;2;240;231;222m██[38;2;107;80;83m██[38;2;234;108;143m██[38;2;90;65;73m  [38;2;86;105;144m  [38;2;121;190;222m  
[38;2;255;173;197m████[38;2;246;175;198m██[38;2;152;113;126m██[38;2;255;173;197m██████████[38;2;241;170;194m██[38;2;118;61;64m██[38;2;251;168;143m██[38;2;240;232;223m██[38;2;232;185;191m██[38;2;241;235;225m██[38;2;240;231;222m████████[38;2;244;213;201m██[38;2;229;181;168m██[38;2;32;27;27m██[38;2;2;1;1m██[38;2;15;20;26m██[38;2;96;166;203m██[38;2;127;196;224m██[38;2;174;164;199m██[38;2;7;6;8m  [38;2;0;0;0m  
[38;2;246;216;218m  [38;2;245;224;222m██[38;2;255;132;168m██[38;2;255;102;147m██[38;2;255;109;153m██[38;2;255;118;160m██[38;2;255;111;156m██[38;2;255;105;151m██[38;2;118;54;72m██[38;2;251;143;112m██[38;2;240;233;224m██[38;2;245;234;225m██[38;2;252;162;136m██[38;2;248;184;165m██[38;2;240;235;227m██[38;2;244;221;210m██[38;2;246;216;204m██[38;2;246;216;203m██[38;2;247;214;202m██[38;2;216;111;90m██[38;2;154;67;61m██[38;2;243;215;204m██[38;2;242;226;216m██[38;2;241;232;223m██[38;2;212;212;209m██[38;2;188;222;236m██[38;2;255;255;255m██[38;2;255;174;198m██[38;2;9;6;8m  
[38;2;122;1;1m  [38;2;200;41;37m  [38;2;96;72;79m  [38;2;144;120;124m  [38;2;148;117;120m██[38;2;116;77;85m██[38;2;198;87;121m██[38;2;207;102;134m██[38;2;240;232;224m██[38;2;243;233;225m██[38;2;134;126;124m██[38;2;3;1;1m██[38;2;51;18;17m██[38;2;218;188;183m██[38;2;180;104;94m██[38;2;246;216;204m████[38;2;247;214;202m████████[38;2;246;216;204m██[38;2;244;222;211m██[38;2;252;160;157m██[38;2;248;184;179m██[38;2;252;178;201m██[38;2;245;172;196m██[38;2;253;177;202m██[38;2;252;179;204m██
[38;2;176;32;29m  [38;2;38;48;101m  [38;2;180;131;148m██[38;2;255;174;198m██[38;2;188;61;64m██[38;2;255;173;197m████[38;2;242;174;197m  [38;2;233;226;220m██[38;2;61;108;138m██[38;2;110;123;132m██[38;2;246;237;228m██[38;2;243;227;217m██[38;2;246;225;213m██[38;2;226;185;173m██[38;2;246;216;204m████[38;2;247;214;202m████[38;2;234;198;187m██[38;2;247;214;202m██[38;2;246;216;204m██[38;2;244;222;211m██[38;2;240;231;222m████[38;2;104;77;86m██[38;2;255;173;197m██[38;2;13;10;11m  [38;2;255;176;200m██
[38;2;116;7;8m  [38;2;0;0;0m  [38;2;202;147;167m██[38;2;239;164;187m██[38;2;216;168;197m██[38;2;164;154;195m██[38;2;255;173;197m██[38;2;99;163;209m██[38;2;242;250;252m██[38;2;79;161;210m██[38;2;244;217;210m██[38;2;241;228;219m██[38;2;243;225;215m██[38;2;244;222;211m██[38;2;246;219;207m██[38;2;250;226;215m██[38;2;251;251;251m██[38;2;230;205;204m██[38;2;251;251;252m██[38;2;160;100;94m██[38;2;246;216;205m██[38;2;246;219;207m██[38;2;241;228;219m██[38;2;240;231;222m████[38;2;136;129;128m██[38;2;255;173;197m██[38;2;213;153;174m██[38;2;2;0;0m  
[38;2;0;0;0m    [38;2;213;153;173m██[38;2;255;173;197m██[38;2;141;170;208m██[38;2;252;132;169m██[38;2;255;173;197m██[38;2;179;222;237m██[38;2;114;161;188m██[38;2;253;149;148m██[38;2;244;218;208m██[38;2;241;229;220m██[38;2;242;226;217m██[38;2;243;223;213m██[38;2;244;221;210m██[38;2;198;142;134m██[38;2;196;83;70m██[38;2;252;120;102m██[38;2;255;121;103m██[38;2;255;120;102m██[38;2;233;225;216m██[38;2;240;231;222m████████[38;2;111;104;104m██[38;2;255;173;197m██[38;2;255;175;199m██[38;2;32;51;74m  
[38;2;0;0;0m  [38;2;2;1;1m  [38;2;245;176;199m██[38;2;255;173;197m██[38;2;255;172;196m██[38;2;255;128;166m██[38;2;255;173;197m████[38;2;177;130;147m  [38;2;240;231;222m████[38;2;240;230;222m██[38;2;241;229;220m██[38;2;242;226;217m██[38;2;241;229;220m██[38;2;162;93;85m██[38;2;255;120;102m████████[38;2;243;233;226m██[38;2;240;231;222m████████[38;2;179;83;111m██[38;2;255;174;198m██[38;2;255;173;197m██[38;2;11;4;5m  
[38;2;0;0;0m  [38;2;2;1;1m  [38;2;250;156;184m██[38;2;255;173;197m██[38;2;255;122;163m██[38;2;227;63;109m██[38;2;255;173;197m██████[38;2;210;204;199m██[38;2;240;231;222m██████████[38;2;175;114;107m██[38;2;253;124;104m██[38;2;255;120;102m████[38;2;254;124;105m██[38;2;241;232;223m██[38;2;240;231;222m██████[38;2;116;109;108m██[38;2;255;107;152m██[38;2;40;19;25m  [38;2;255;174;197m██[38;2;2;2;1m  
[38;2;7;6;8m  [38;2;190;124;143m██[38;2;230;144;173m██[38;2;255;177;201m██[38;2;244;108;151m██[38;2;238;133;162m  [38;2;255;173;197m████[38;2;255;176;199m██[38;2;252;179;203m██[38;2;245;237;228m██[38;2;240;231;222m████████[38;2;224;207;200m██[38;2;255;156;154m██[38;2;190;97;95m██[38;2;255;120;102m██[38;2;169;72;63m██[38;2;240;231;222m██████[38;2;132;124;121m██[38;2;255;106;151m██[38;2;255;107;152m██[38;2;16;8;13m  [38;2;255;104;150m██[38;2;2;2;2m  
[38;2;1;1;1m  [38;2;16;21;31m  [38;2;245;176;200m  [38;2;213;154;175m  [38;2;109;51;68m  [38;2;255;176;200m██[38;2;237;123;154m██[38;2;255;173;197m██[38;2;252;113;155m██[38;2;255;173;197m██[38;2;251;176;200m██[38;2;188;181;176m██[38;2;240;231;222m██████[38;2;241;232;223m██[38;2;253;158;156m██[38;2;255;156;154m██[38;2;224;126;116m██[38;2;242;233;224m██[38;2;240;231;222m████[38;2;89;66;71m██[38;2;255;107;152m██[38;2;99;47;64m  [38;2;180;162;162m██[38;2;5;2;3m  [38;2;252;157;183m██[38;2;23;30;43m  
[38;2;0;0;0m    [38;2;143;68;90m  [38;2;186;104;128m  [38;2;20;14;16m  [38;2;255;173;197m██[38;2;243;85;131m██[38;2;255;106;151m██[38;2;255;103;149m██[38;2;228;67;112m██[38;2;255;151;183m██[38;2;255;132;169m██[38;2;255;113;157m██[38;2;185;160;161m██[38;2;98;80;84m██[38;2;240;231;222m██[38;2;241;234;225m██[38;2;247;197;188m██[38;2;240;231;222m████[38;2;218;210;205m██[38;2;219;97;137m██[38;2;120;54;72m  [38;2;122;57;78m  [38;2;7;4;5m  [38;2;12;3;4m  [38;2;1;1;1m  [38;2;6;4;4m  [38;2;0;0;0m  
[38;2;0;0;0m    [38;2;18;29;40m  [38;2;216;188;190m  [38;2;254;162;191m██[38;2;48;22;29m  [38;2;209;115;142m██[38;2;255;106;151m██[38;2;92;41;56m██[38;2;195;86;121m██[38;2;242;107;150m██[38;2;217;98;136m██[38;2;125;57;75m██[38;2;143;83;76m██[38;2;195;188;183m██[38;2;195;189;183m██[38;2;193;188;183m██[38;2;125;117;117m██[38;2;94;67;69m██[38;2;179;36;31m██[38;2;150;154;162m██[38;2;55;37;42m  [38;2;1;1;1m  [38;2;1;0;0m  [38;2;0;0;0m          
[38;2;0;0;0m    [38;2;5;3;3m  [38;2;223;198;200m██[38;2;11;8;9m  [38;2;0;0;0m  [38;2;8;4;6m  [38;2;1;1;1m    [38;2;82;37;50m  [38;2;206;91;128m  [38;2;85;39;52m  [38;2;144;67;89m  [38;2;30;14;18m  [38;2;3;2;2m  [38;2;162;206;223m██[38;2;244;236;227m██[38;2;187;42;38m  [38;2;202;42;37m██[38;2;217;49;43m██[38;2;120;49;53m██[38;2;94;62;66m██[38;2;134;112;116m██[38;2;13;13;18m  [38;2;0;0;0m          
[38;2;0;0;0m                          [38;2;145;120;125m██[38;2;173;145;149m██[38;2;141;105;111m██[38;2;139;105;113m██[38;2;168;138;144m██[38;2;196;37;32m██[38;2;184;99;81m██[38;2;174;38;36m██[38;2;125;88;96m██[38;2;174;145;150m██[38;2;21;16;17m  [38;2;0;0;0m          
[38;2;0;0;0m                        [38;2;22;29;42m  [38;2;175;146;150m██[38;2;172;143;148m██████[38;2;124;86;93m██[38;2;87;58;60m██[38;2;231;224;218m██[38;2;221;167;158m██[38;2;87;56;57m██[38;2;70;55;59m  [38;2;173;144;149m██[38;2;5;3;5m  [38;2;0;0;0m        
[38;2;0;0;0m                          [38;2;174;146;151m██[38;2;172;143;148m████[38;2;125;80;88m  [38;2;87;75;77m  [38;2;242;233;224m██[38;2;240;231;222m██[38;2;241;232;223m██[38;2;74;54;58m██[38;2;69;48;52m██[38;2;151;114;121m██[38;2;130;109;112m  [38;2;1;2;2m  [38;2;0;0;0m      
[38;2;0;0;0m                          [38;2;156;132;136m██[38;2;172;143;148m██[38;2;55;47;48m██[38;2;173;144;149m██[38;2;242;234;227m██[38;2;121;129;135m██[38;2;121;111;111m██[38;2;72;48;52m██[38;2;245;205;189m██[38;2;192;118;102m  [38;2;144;109;116m██[38;2;172;144;148m██[38;2;2;2;2m  [38;2;0;0;0m      
[38;2;0;0;0m                          [38;2;64;52;54m  [38;2;148;124;128m██[38;2;172;143;148m████[38;2;173;144;149m██[38;2;117;74;82m██[38;2;83;52;57m██[38;2;82;74;74m██[38;2;240;231;222m██[38;2;241;233;223m██[38;2;134;152;164m  [38;2;127;82;90m██[38;2;6;4;5m  [38;2;0;0;0m      [0m
