
[38;2;0;0;0m  [38;2;10;0;23m  [38;2;11;0;25m  [38;2;8;0;26m  [38;2;6;0;15m  [38;2;2;0;14m  [38;2;3;0;18m  [38;2;69;68;86m██[38;2;65;64;82m██[38;2;91;91;114m██[38;2;64;63;81m██[38;2;54;53;73m██[38;2;194;225;231m██[38;2;160;208;228m██[38;2;161;209;228m██[38;2;161;208;228m██[38;2;152;204;227m██[38;2;247;247;243m██[38;2;44;43;65m██[38;2;253;254;239m██[38;2;159;207;228m██[38;2;154;205;228m██[38;2;249;249;241m██[38;2;172;171;170m██[38;2;155;205;228m██[38;2;158;207;228m██[38;2;226;241;236m██[38;2;135;135;141m██[38;2;156;206;228m████
[38;2;0;0;0m  [38;2;10;0;23m  [38;2;11;0;25m  [38;2;7;0;26m  [38;2;7;0;22m  [38;2;39;35;54m██[38;2;65;64;82m██[38;2;63;62;80m██[38;2;129;131;159m██[38;2;103;103;127m██[38;2;64;63;81m██[38;2;77;76;91m██[38;2;166;211;227m██[38;2;161;208;228m██[38;2;250;253;230m██[38;2;240;247;230m██[38;2;159;207;228m██[38;2;167;211;227m██[38;2;123;122;127m██[38;2;184;219;228m██[38;2;161;207;227m██[38;2;161;208;227m██[38;2;182;217;227m██[38;2;253;253;229m██[38;2;156;205;227m██[38;2;161;207;227m██[38;2;158;206;227m██[38;2;254;255;231m██[38;2;156;205;227m████
[38;2;0;0;20m  [38;2;7;0;22m  [38;2;11;0;26m██[38;2;53;51;68m██[38;2;66;67;84m██[38;2;63;62;80m██[38;2;58;58;76m██[38;2;108;109;133m██[38;2;13;13;16m██[38;2;2;2;2m██[38;2;92;92;114m██[38;2;113;113;121m██[38;2;156;200;223m██[38;2;152;197;223m██[38;2;148;194;222m██[38;2;143;191;221m██[38;2;148;192;221m██[38;2;183;212;223m██[38;2;255;255;231m██[38;2;120;169;212m██[38;2;151;192;219m██[38;2;137;184;218m██[38;2;133;177;213m██[38;2;255;255;233m██[38;2;139;186;218m██[38;2;145;190;220m██[38;2;147;190;220m██[38;2;140;186;218m██[38;2;141;186;218m██[38;2;140;186;218m██
[38;2;0;0;21m  [38;2;6;0;20m    [38;2;3;0;13m  [38;2;13;4;29m██[38;2;12;11;16m██[38;2;16;13;14m██[38;2;179;155;166m██[38;2;209;181;194m██[38;2;205;178;189m██[38;2;62;52;55m██[38;2;119;119;131m██[38;2;137;175;211m██[38;2;128;170;210m██[38;2;131;175;213m██[38;2;129;174;213m██[38;2;120;162;207m██[38;2;98;140;198m██[38;2;251;252;230m██[38;2;100;138;197m██[38;2;179;197;213m██[38;2;182;200;214m██[38;2;105;143;199m██[38;2;153;180;210m██[38;2;107;149;202m██[38;2;118;160;206m██[38;2;123;166;209m██[38;2;123;165;208m██[38;2;119;160;206m██[38;2;113;155;204m██
[38;2;2;0;1m  [38;2;3;0;1m  [38;2;3;0;0m  [38;2;4;0;4m  [38;2;62;54;57m██[38;2;216;188;200m██[38;2;202;175;187m██[38;2;201;174;186m██[38;2;205;178;190m██[38;2;177;150;162m██[38;2;190;163;174m██[38;2;63;57;57m██[38;2;125;156;201m██[38;2;98;136;195m██[38;2;232;238;229m██[38;2;255;255;231m██[38;2;81;120;189m██[38;2;78;115;186m██[38;2;141;164;202m██[38;2;81;117;187m██[38;2;86;123;189m██[38;2;88;125;190m██[38;2;86;122;189m██[38;2;76;113;186m██[38;2;85;123;189m██[38;2;89;127;191m██[38;2;255;255;234m██[38;2;101;140;197m██[38;2;96;134;194m██[38;2;91;130;193m██
[38;2;1;0;1m  [38;2;3;0;1m  [38;2;80;68;73m██[38;2;227;196;210m██[38;2;201;174;186m████[38;2;205;178;190m██[38;2;164;136;148m██[38;2;136;108;120m██[38;2;141;113;125m████[38;2;135;106;119m██[38;2;125;150;197m██[38;2;74;109;183m██[38;2;197;207;222m██[38;2;187;199;214m██[38;2;65;99;179m██[38;2;67;102;180m██[38;2;69;103;180m██[38;2;65;101;180m██[38;2;253;253;239m██[38;2;249;249;240m██[38;2;82;115;185m██[38;2;73;107;182m██[38;2;81;115;185m██[38;2;73;108;183m██[38;2;250;251;231m██[38;2;162;182;207m██[38;2;80;115;186m██[38;2;76;112;184m██
[38;2;133;115;122m██[38;2;210;182;194m██[38;2;201;174;186m██[38;2;202;175;187m██[38;2;196;169;181m██[38;2;139;111;123m██[38;2;140;112;124m██[38;2;141;113;125m████████[38;2;136;106;120m██[38;2;173;186;210m██[38;2;59;92;175m██[38;2;58;91;175m██[38;2;57;90;175m██[38;2;46;81;172m██[38;2;194;205;219m██[38;2;42;78;171m██[38;2;116;140;193m██[38;2;140;142;172m██[38;2;98;99;123m██[38;2;249;250;246m██[38;2;36;74;170m██[38;2;198;208;215m██[38;2;47;83;174m██[38;2;249;249;230m██[38;2;156;155;155m██[38;2;104;130;188m██[38;2;94;121;186m██
[38;2;201;174;186m██[38;2;203;176;188m██[38;2;188;160;173m██[38;2;133;104;116m██[38;2;141;113;125m██████[38;2;141;113;126m██[38;2;141;114;126m██[38;2;141;113;125m████[38;2;140;112;124m██[38;2;228;221;219m██[38;2;255;255;244m██[38;2;255;255;242m████[38;2;236;236;238m██[38;2;108;107;115m██[38;2;241;241;239m██[38;2;180;180;179m██[38;2;58;56;73m██[38;2;22;14;37m██[38;2;3;2;12m██[38;2;225;225;226m██[38;2;195;195;183m██[38;2;240;240;239m██[38;2;50;48;68m██[38;2;65;64;81m██[38;2;84;83;97m██[38;2;132;131;136m██
[38;2;165;138;150m██[38;2;138;110;122m██[38;2;141;113;125m████[38;2;141;113;126m██████████[38;2;141;113;125m██[38;2;140;112;124m██[38;2;136;106;120m██[38;2;100;67;86m██[38;2;1;0;0m██[38;2;58;58;78m██[38;2;43;42;60m██[38;2;63;62;80m██[38;2;64;63;81m██[38;2;62;61;79m██[38;2;21;21;33m██[38;2;68;68;85m██[38;2;63;32;48m██[38;2;57;28;46m██[38;2;37;37;51m██[38;2;64;63;81m██[38;2;61;60;77m██[38;2;64;63;81m████████
[38;2;141;113;125m████[38;2;141;113;126m██████████████[38;2;142;114;126m██[38;2;98;65;84m██[38;2;102;69;88m████[38;2;36;23;31m██[38;2;69;68;87m██[38;2;31;31;44m██[38;2;64;63;81m████[38;2;55;55;72m██[38;2;27;20;42m██[38;2;43;39;61m██[38;2;246;139;140m██[38;2;244;138;140m██[38;2;15;11;30m██[38;2;67;66;83m██[38;2;49;48;64m██[38;2;64;63;81m████████
[38;2;141;114;126m██[38;2;141;113;126m████████████[38;2;144;117;129m██[38;2;101;68;86m██[38;2;102;69;88m████████[38;2;43;28;36m██[38;2;35;35;49m██[38;2;48;47;63m██[38;2;64;63;81m██[38;2;67;66;84m██[38;2;17;12;32m██[38;2;64;64;82m██[38;2;55;28;42m██[38;2;219;122;127m██[38;2;220;122;127m██[38;2;102;54;67m██[38;2;21;22;34m██[38;2;15;10;28m██[38;2;53;51;70m██[38;2;64;63;81m██████
[38;2;141;114;126m██[38;2;141;113;126m████████[38;2;143;116;128m██[38;2;103;70;89m████[38;2;102;69;88m████████[38;2;106;72;92m██[38;2;2;0;1m██[38;2;26;27;40m██[38;2;69;67;86m██[38;2;65;64;82m██[38;2;21;21;33m██[38;2;102;48;66m██[38;2;15;10;26m██[38;2;230;129;133m██[38;2;220;122;127m████[38;2;229;131;135m██[38;2;6;1;20m██[38;2;11;3;25m██[38;2;66;65;83m██[38;2;64;63;81m████[38;2;62;62;80m██
[38;2;141;114;126m██[38;2;141;113;126m██[38;2;141;113;125m██[38;2;142;115;127m██[38;2;102;69;88m██[38;2;101;68;87m██[38;2;102;69;88m████████[38;2;113;77;97m██[38;2;48;32;42m██[38;2;11;8;11m██[38;2;27;27;41m██[38;2;4;2;18m██[38;2;64;63;81m██[38;2;28;28;41m██[38;2;133;78;88m██[38;2;7;5;25m██[38;2;237;132;136m██[38;2;219;121;126m██[38;2;234;131;135m██[38;2;38;20;27m██[38;2;9;5;13m██[38;2;185;103;111m██[38;2;17;12;30m██[38;2;66;65;83m██[38;2;64;63;81m████[38;2;65;64;83m██
[38;2;142;115;127m██[38;2;142;114;127m██[38;2;97;64;84m██[38;2;102;69;88m██[38;2;93;61;81m██[38;2;55;27;49m██[38;2;88;56;76m██[38;2;101;69;88m██[38;2;107;72;93m██[38;2;42;28;36m██[38;2;9;9;11m██[38;2;72;71;91m██[38;2;24;25;37m██[38;2;8;1;24m██[38;2;58;56;76m██[38;2;24;22;37m██[38;2;150;83;93m██[38;2;128;78;84m██[38;2;223;136;138m██[38;2;176;97;104m██[38;2;4;1;12m██[38;2;11;0;26m██[38;2;46;23;36m██[38;2;14;5;23m██[38;2;15;5;26m██[38;2;7;1;18m██[38;2;67;65;84m██[38;2;64;63;81m████[38;2;65;64;82m██
[38;2;100;66;86m██[38;2;102;69;88m████[38;2;49;22;44m██[38;2;106;73;92m██[38;2;103;70;89m██[38;2;111;77;95m██[38;2;23;16;20m██[38;2;1;0;0m██[38;2;13;3;28m██[38;2;5;4;20m██[38;2;26;24;41m██[38;2;12;5;24m██[38;2;20;9;22m██[38;2;45;23;33m██[38;2;228;127;131m██[38;2;231;130;133m██[38;2;78;42;59m██[38;2;11;2;21m██[38;2;12;0;27m██[38;2;13;0;27m██████[38;2;13;4;27m██[38;2;31;24;44m██[38;2;15;3;29m██[38;2;62;61;79m██[38;2;59;58;76m██[38;2;64;63;81m████
[38;2;102;69;88m████[38;2;104;71;90m██[38;2;71;42;62m██[38;2;42;26;38m██[38;2;99;57;70m██[38;2;83;53;74m██[38;2;255;246;216m██[38;2;16;11;9m██[38;2;7;0;16m██[38;2;9;0;23m██[38;2;12;0;26m██[38;2;8;0;24m██[38;2;12;5;23m██[38;2;223;124;128m██[38;2;220;122;127m██[38;2;219;122;127m██[38;2;219;130;135m██[38;2;61;52;73m██[38;2;5;0;14m██[38;2;12;0;32m██[38;2;12;3;36m██[38;2;179;178;189m██[38;2;187;187;196m██[38;2;188;181;218m██[38;2;10;8;15m██[38;2;65;64;83m██[38;2;54;53;71m██[38;2;64;63;81m████
[38;2;102;69;88m████[38;2;102;66;88m██[38;2;170;144;135m██[38;2;250;201;176m██[38;2;187;93;100m██[38;2;125;46;57m██[38;2;254;177;166m██[38;2;14;11;9m██[38;2;42;36;56m██[38;2;13;0;28m██[38;2;13;2;32m██[38;2;26;22;45m██[38;2;46;24;36m██[38;2;220;122;127m████████[38;2;207;153;171m██[38;2;4;6;37m██[38;2;16;26;82m██[38;2;19;33;91m██[38;2;20;35;95m██[38;2;15;30;90m██[38;2;231;229;231m██[38;2;24;20;41m██[38;2;42;36;59m██[38;2;64;63;81m████[38;2;65;65;82m██
[38;2;110;74;95m██[38;2;25;17;21m██[38;2;0;0;0m  [38;2;255;215;185m██[38;2;255;221;188m██[38;2;255;203;178m██[38;2;247;139;142m██[38;2;90;59;80m██[38;2;39;35;43m██[38;2;98;93;118m██[38;2;13;9;48m██[38;2;14;13;57m██[38;2;134;135;158m██[38;2;6;8;43m██[38;2;229;126;131m██[38;2;220;123;127m██[38;2;225;135;135m██[38;2;231;153;146m██[38;2;239;177;165m██[38;2;28;33;73m██[38;2;42;88;176m██[38;2;45;94;184m██[38;2;46;97;189m██[38;2;42;94;190m██[38;2;249;242;234m██[38;2;60;59;77m██[38;2;25;25;38m██[38;2;69;68;86m██[38;2;64;63;81m██[38;2;65;65;83m██
[38;2;3;0;1m  [38;2;4;0;1m  [38;2;1;0;1m  [38;2;255;218;187m██[38;2;255;216;186m██[38;2;255;204;178m██[38;2;236;155;148m██[38;2;35;15;39m██[38;2;14;9;12m██[38;2;202;199;203m██[38;2;17;28;85m██[38;2;20;36;97m██[38;2;24;44;109m██[38;2;21;45;113m██[38;2;250;192;171m██[38;2;252;211;183m██[38;2;255;224;190m██[38;2;255;218;187m██[38;2;255;218;186m██[38;2;236;205;180m██[38;2;175;145;129m██[38;2;162;132;119m██[38;2;158;129;116m██[38;2;172;140;125m██[38;2;69;55;62m██[38;2;109;56;72m██[38;2;21;22;34m██[38;2;65;64;82m██[38;2;64;63;81m██[38;2;66;66;84m██
[38;2;3;0;0m  [38;2;4;0;11m  [38;2;3;0;7m  [38;2;255;244;211m██[38;2;255;217;186m██[38;2;255;209;181m██[38;2;226;138;138m██[38;2;43;21;44m██[38;2;94;64;82m██[38;2;191;190;192m██[38;2;19;42;106m██[38;2;39;84;173m██[38;2;40;87;175m██[38;2;54;51;66m██[38;2;248;219;188m██[38;2;255;217;186m██[38;2;250;205;179m██[38;2;255;217;186m██[38;2;255;219;188m██[38;2;252;218;186m██[38;2;255;217;186m██████[38;2;255;225;192m██[38;2;128;89;90m██[38;2;109;53;68m██[38;2;29;30;43m██[38;2;64;63;81m██[38;2;60;58;77m██[38;2;58;56;75m██
[38;2;2;0;1m  [38;2;6;0;16m  [38;2;6;0;18m  [38;2;184;163;145m██[38;2;255;229;191m██[38;2;221;207;177m██[38;2;141;113;125m██[38;2;146;118;130m██[38;2;87;54;76m██[38;2;13;6;6m██[38;2;104;89;85m██[38;2;232;217;182m██[38;2;225;211;182m██[38;2;255;222;190m██[38;2;255;217;186m██████[38;2;255;222;190m██[38;2;208;128;133m██[38;2;252;247;248m██[38;2;244;207;177m██[38;2;255;217;186m██████[38;2;255;226;191m██[38;2;13;3;24m██[38;2;59;57;75m██[38;2;68;67;85m██[38;2;13;4;27m██[38;2;43;37;59m██
[38;2;3;0;7m    [38;2;4;0;10m  [38;2;183;179;183m██[38;2;220;219;230m██[38;2;234;233;237m██[38;2;27;2;23m██[38;2;37;20;34m██[38;2;255;223;193m██[38;2;255;205;179m██[38;2;222;204;180m██[38;2;221;201;173m██[38;2;255;217;186m████[38;2;255;231;197m██[38;2;206;126;132m██[38;2;208;123;122m██[38;2;218;158;164m██[38;2;255;255;255m████[38;2;214;152;161m██[38;2;255;217;186m██████[38;2;255;240;203m██[38;2;7;5;25m██[38;2;61;59;78m██[38;2;16;12;30m██[38;2;8;0;23m  [38;2;10;0;24m  
[38;2;0;0;3m    [38;2;1;0;4m  [38;2;21;20;41m██[38;2;19;26;34m██[38;2;21;31;42m██[38;2;67;33;53m██[38;2;237;152;147m██[38;2;222;120;126m██[38;2;255;207;180m██[38;2;255;216;185m██[38;2;116;95;82m██[38;2;255;224;194m██[38;2;255;217;186m██[38;2;255;221;189m██[38;2;235;206;211m██[38;2;255;255;255m████[38;2;254;255;255m██[38;2;250;245;248m██[38;2;214;150;159m██[38;2;255;224;191m██[38;2;255;217;186m██[38;2;255;216;185m██[38;2;139;122;115m██[38;2;37;36;53m██[38;2;24;23;37m██[38;2;11;1;27m  [38;2;2;0;12m  [38;2;49;48;72m  
[38;2;2;0;0m    [38;2;4;1;2m  [38;2;6;4;23m██[38;2;21;32;43m██[38;2;76;29;55m██[38;2;214;121;126m██[38;2;152;64;72m██[38;2;255;200;176m████[38;2;255;213;183m██[38;2;255;226;194m██[38;2;27;18;18m██[38;2;223;204;176m██[38;2;255;217;186m██[38;2;235;180;155m██[38;2;241;219;222m██[38;2;210;123;110m██[38;2;255;225;192m██[38;2;255;223;191m██[38;2;255;218;187m██[38;2;255;217;186m██[38;2;251;230;196m██[38;2;70;61;64m██[38;2;12;3;28m██[38;2;29;29;41m██[38;2;7;0;22m██[38;2;13;10;29m██[38;2;73;73;89m██[38;2;20;17;33m  
[38;2;0;0;0m  [38;2;1;0;0m  [38;2;84;33;59m██[38;2;48;17;43m██[38;2;74;29;56m██[38;2;86;33;61m██[38;2;84;44;61m██[38;2;51;22;43m██[38;2;251;196;173m██[38;2;255;205;181m██[38;2;255;232;200m██[38;2;255;221;188m██[38;2;199;198;219m██[38;2;8;5;4m██[38;2;235;225;198m██[38;2;255;217;186m██[38;2;255;225;192m██[38;2;255;217;186m██[38;2;255;216;185m██[38;2;255;238;200m██[38;2;239;215;186m██[38;2;31;28;24m██[38;2;23;23;37m██[38;2;23;23;34m██[38;2;58;53;83m██[38;2;32;26;51m██[38;2;72;72;89m██[38;2;66;65;84m██[38;2;57;55;74m██[38;2;56;55;73m██
[38;2;1;0;0m  [38;2;2;0;1m  [38;2;91;35;64m██[38;2;77;31;59m██[38;2;143;54;94m██[38;2;145;54;95m██[38;2;85;33;60m██[38;2;87;34;61m██[38;2;199;113;122m██[38;2;74;61;71m██[38;2;117;78;102m██[38;2;192;165;143m██[38;2;241;241;245m██[38;2;40;51;68m██[38;2;36;49;23m██[38;2;97;79;79m██[38;2;83;68;70m██[38;2;42;40;48m██[38;2;21;20;24m██[38;2;21;20;25m██[38;2;139;133;161m██[38;2;35;34;43m██[38;2;11;11;18m██[38;2;40;36;56m██[38;2;13;8;24m██[38;2;29;29;42m██[38;2;26;26;39m██[38;2;23;23;36m██[38;2;21;20;33m██[38;2;23;22;35m██
[38;2;0;0;0m  [38;2;33;12;22m██[38;2;131;50;88m██[38;2;143;54;94m██████[38;2;104;40;71m██[38;2;87;34;61m██[38;2;3;12;6m██[38;2;114;91;101m██[38;2;102;70;88m██[38;2;6;4;5m██[38;2;35;31;40m██[38;2;43;53;71m██[38;2;7;25;18m██[38;2;7;3;2m  [38;2;3;0;8m  [38;2;5;9;17m██[38;2;6;8;11m██[38;2;152;146;176m██[38;2;21;28;39m██[38;2;7;10;19m██[38;2;150;99;24m██[38;2;97;64;15m██[38;2;18;33;16m██[38;2;7;47;24m██[38;2;22;22;33m██[38;2;26;25;38m██[38;2;26;25;39m██[38;2;24;24;38m██
[38;2;2;0;0m  [38;2;83;30;53m██[38;2;143;54;94m████████[38;2;150;56;98m██[38;2;88;34;62m██[38;2;7;30;16m██[38;2;10;7;8m██[38;2;138;109;122m██[38;2;81;54;69m██[38;2;43;54;73m██[38;2;42;52;69m██[38;2;6;6;9m██[38;2;6;135;86m██[38;2;65;48;18m██[38;2;18;8;15m██[38;2;26;33;47m██[38;2;89;86;105m██[38;2;23;31;43m██[38;2;2;1;0m██[38;2;8;24;13m██[38;2;25;73;38m██[38;2;71;72;26m██[38;2;141;90;19m██[38;2;64;37;11m██[38;2;30;29;43m██[38;2;27;26;39m██[38;2;26;25;39m██
[38;2;0;0;0m  [38;2;2;0;0m  [38;2;137;51;90m██[38;2;143;54;94m██████[38;2;145;54;95m██[38;2;82;32;59m██[38;2;6;15;7m██[38;2;8;44;23m██[38;2;18;12;15m██[38;2;7;8;9m██[38;2;41;51;68m██[38;2;42;52;69m██[38;2;23;30;42m██[38;2;228;107;53m██[38;2;45;79;46m██[38;2;22;41;24m██[38;2;31;146;87m██[38;2;3;2;2m██[38;2;119;75;22m██[38;2;171;112;31m██[38;2;17;49;31m██[38;2;17;73;38m██[38;2;10;65;35m██[38;2;80;75;26m██[38;2;133;86;20m██[38;2;1;3;2m██[38;2;28;27;40m██[38;2;27;26;39m██
[38;2;0;0;0m    [38;2;2;0;0m  [38;2;130;49;86m██[38;2;143;54;94m██████[38;2;91;36;64m██[38;2;7;2;5m██[38;2;121;64;21m██[38;2;143;92;21m██[38;2;14;39;21m██[38;2;27;31;43m██[38;2;26;33;46m██[38;2;26;35;47m██[38;2;104;67;19m██[38;2;249;173;47m██[38;2;103;102;44m██[38;2;6;42;22m██[38;2;30;143;86m██[38;2;28;20;9m██[38;2;128;83;21m██[38;2;204;144;45m██[38;2;221;157;47m██[38;2;34;64;32m██[38;2;134;79;19m██[38;2;9;36;20m██[38;2;36;54;29m██[38;2;16;16;23m██[38;2;26;25;38m██[0m
