
[38;2;1;1;1m  [38;2;0;0;0m    [38;2;1;1;1m    [38;2;0;0;0m  [38;2;1;1;1m    [38;2;0;0;0m██[38;2;1;1;1m  [38;2;0;0;0m    [38;2;1;1;1m  [38;2;0;0;0m              [38;2;1;1;1m  [38;2;0;0;0m  [38;2;1;1;1m    [38;2;0;0;0m            
[38;2;1;1;1m  [38;2;0;0;0m      [38;2;1;1;1m  [38;2;0;0;0m      ██    [38;2;1;1;1m    [38;2;0;0;0m              [38;2;1;1;1m  [38;2;0;0;0m  [38;2;1;1;1m    [38;2;0;0;0m            
[38;2;1;1;1m  [38;2;0;0;0m  ██        [38;2;1;1;1m  [38;2;0;0;0m                        [38;2;1;1;1m  [38;2;0;0;0m  [38;2;1;1;1m  [38;2;0;0;0m              
[38;2;0;0;0m              ██[38;2;1;1;0m  [38;2;22;22;12m  [38;2;54;52;28m  [38;2;85;80;42m██[38;2;116;111;58m██[38;2;132;124;66m██[38;2;132;123;65m██[38;2;113;106;57m██[38;2;78;74;42m██[38;2;45;46;29m  [38;2;10;11;9m  [38;2;0;0;0m  [38;2;1;1;1m  [38;2;0;0;0m  [38;2;1;1;1m  [38;2;0;0;0m              
[38;2;0;0;0m        [38;2;1;1;1m  [38;2;0;0;0m  [38;2;14;14;7m██[38;2;69;69;37m██[38;2;180;172;91m██[38;2;251;234;123m██[38;2;255;244;130m██[38;2;255;237;125m██[38;2;255;229;121m██[38;2;255;225;119m████[38;2;255;228;120m██[38;2;255;236;124m██[38;2;255;244;136m██[38;2;229;222;131m██[38;2;121;125;84m██[38;2;17;18;12m  [38;2;0;0;0m  [38;2;1;1;1m    [38;2;0;0;0m            
[38;2;1;1;1m  [38;2;0;0;0m  [38;2;1;1;1m  [38;2;0;0;0m  [38;2;6;6;3m  [38;2;134;133;70m  [38;2;235;228;123m██[38;2;253;229;121m██[38;2;255;222;117m██[38;2;255;219;115m██[38;2;255;229;121m██[38;2;255;240;124m██[38;2;255;243;126m██[38;2;255;244;126m██[38;2;255;243;125m██[38;2;255;246;119m██[38;2;255;241;126m██[38;2;255;228;119m██[38;2;255;223;117m██[38;2;254;225;117m██[38;2;236;235;142m██[38;2;83;89;61m  [38;2;0;0;0m  [38;2;1;1;1m  [38;2;0;0;0m            
[38;2;1;1;1m  [38;2;0;0;0m    [38;2;81;80;42m  [38;2;218;214;116m██[38;2;255;229;122m██[38;2;255;220;116m████[38;2;255;221;117m██[38;2;255;235;123m██[38;2;255;241;126m██[38;2;255;242;126m████[38;2;255;242;124m██[38;2;255;248;172m██[38;2;226;226;209m██[38;2;218;212;110m██[38;2;255;238;124m██[38;2;255;231;121m██[38;2;255;224;117m██[38;2;255;220;113m██[38;2;253;248;144m██[38;2;108;92;58m██[38;2;0;0;0m              
[38;2;1;1;1m    [38;2;129;127;69m██[38;2;253;239;128m██[38;2;255;218;115m██[38;2;255;220;116m██[38;2;255;226;119m██[38;2;255;231;122m██[38;2;255;238;125m██[38;2;255;238;124m██[38;2;255;239;124m██[38;2;255;241;125m██[38;2;255;242;126m██[38;2;255;242;125m██[38;2;230;223;156m██[38;2;250;250;255m██[38;2;165;169;187m██[38;2;235;228;118m██[38;2;255;234;122m██[38;2;255;229;121m██[38;2;249;225;115m██[38;2;179;99;53m██[38;2;175;115;112m██[38;2;159;163;164m██[38;2;128;132;133m██[38;2;40;42;43m  [38;2;0;0;0m        
[38;2;2;2;1m  [38;2;154;151;81m██[38;2;255;234;126m██[38;2;255;218;115m██[38;2;254;225;119m██[38;2;245;223;114m██[38;2;220;159;77m██[38;2;204;132;60m██[38;2;212;149;69m██[38;2;237;203;100m██[38;2;248;238;126m██[38;2;255;241;126m██[38;2;255;239;124m████[38;2;205;198;122m██[38;2;230;232;247m██[38;2;242;243;248m██[38;2;152;146;111m██[38;2;255;239;123m██[38;2;249;231;119m██[38;2;162;70;44m██[38;2;223;230;234m██[38;2;243;253;254m██[38;2;247;251;251m██[38;2;248;252;253m██[38;2;249;254;255m██[38;2;51;54;55m██[38;2;0;0;0m      
[38;2;102;98;52m██[38;2;253;232;124m██[38;2;255;218;115m██[38;2;254;233;123m██[38;2;179;97;41m██[38;2;166;105;108m██[38;2;210;207;212m██[38;2;218;226;229m██[38;2;213;218;223m██[38;2;194;170;178m██[38;2;163;93;87m██[38;2;201;141;64m██[38;2;255;248;136m██[38;2;255;234;123m██[38;2;229;217;112m██[38;2;136;144;172m██[38;2;240;243;249m██[38;2;134;123;109m██[38;2;255;248;129m██[38;2;192;127;73m██[38;2;234;237;240m██[38;2;254;255;255m██[38;2;255;255;255m████████[38;2;166;171;172m██[38;2;0;0;0m  [38;2;1;1;1m    
[38;2;251;244;132m██[38;2;255;219;116m██[38;2;255;232;124m██[38;2;183;100;50m██[38;2;196;175;181m██[38;2;230;243;246m██[38;2;237;246;249m██[38;2;243;248;250m██[38;2;245;250;252m██[38;2;243;252;253m██[38;2;237;249;252m██[38;2;206;184;187m██[38;2;187;123;65m██[38;2;253;238;127m██[38;2;255;237;124m██[38;2;201;172;99m██[38;2;158;114;90m██[38;2;239;196;98m██[38;2;236;202;97m██[38;2;201;170;164m██[38;2;255;255;255m████████████[38;2;229;230;230m██[38;2;5;6;6m  [38;2;1;1;1m    
[38;2;255;222;117m██[38;2;255;220;116m██[38;2;227;177;86m██[38;2;163;100;101m██[38;2;236;252;253m██[38;2;253;253;254m██[38;2;255;255;255m████████████[38;2;222;212;216m██[38;2;215;165;78m██[38;2;255;235;124m██[38;2;255;233;121m██[38;2;255;205;98m██[38;2;255;227;119m██[38;2;216;170;87m██[38;2;230;220;224m██[38;2;255;255;255m████[38;2;248;248;248m██[38;2;112;112;112m██[38;2;110;110;110m██[38;2;246;246;246m██[38;2;242;241;241m██[38;2;12;12;12m  [38;2;1;1;1m    
[38;2;255;219;116m██[38;2;255;228;120m██[38;2;186;101;48m██[38;2;202;182;189m██[38;2;254;254;255m██[38;2;255;255;255m████████[38;2;254;254;254m██[38;2;242;242;242m██[38;2;255;255;255m██[38;2;253;253;254m██[38;2;177;114;87m██[38;2;248;222;112m██[38;2;255;227;119m██[38;2;255;228;120m████[38;2;211;157;80m██[38;2;237;226;230m██[38;2;255;255;255m████[38;2;230;230;230m██[38;2;33;33;33m██[38;2;51;51;51m██[38;2;232;232;232m██[38;2;223;223;223m██[38;2;3;3;3m  [38;2;0;0;0m    
[38;2;255;220;114m██[38;2;255;235;124m██[38;2;174;84;41m██[38;2;224;216;221m██[38;2;255;255;255m████████[38;2;253;253;253m██[38;2;100;100;100m██[38;2;76;76;76m██[38;2;190;190;190m██[38;2;255;255;255m██[38;2;211;177;175m██[38;2;228;191;93m██[38;2;255;226;119m██[38;2;255;224;118m██[38;2;255;225;118m██[38;2;215;166;75m██[38;2;217;187;184m██[38;2;255;255;255m██████[38;2;215;215;215m██[38;2;204;204;204m██[38;2;254;254;254m██[38;2;177;177;177m██[38;2;0;0;0m      
[38;2;255;231;153m██[38;2;255;233;121m██[38;2;176;86;42m██[38;2;224;208;211m██[38;2;255;255;255m████████[38;2;252;252;252m██[38;2;65;65;65m██[38;2;32;32;32m██[38;2;168;168;168m██[38;2;255;255;255m██[38;2;230;211;213m██[38;2;225;177;88m██[38;2;255;227;119m██[38;2;255;224;118m████[38;2;249;225;117m██[38;2;184;116;79m██[38;2;252;251;252m██[38;2;255;255;255m██████████[38;2;77;65;65m██[38;2;0;0;0m  [38;2;1;1;1m    
[38;2;245;247;240m██[38;2;240;212;107m██[38;2;199;131;62m██[38;2;195;141;145m██[38;2;255;255;255m██████████[38;2;248;248;248m██[38;2;200;200;200m██[38;2;255;255;255m████[38;2;198;152;143m██[38;2;233;198;97m██[38;2;255;225;118m██[38;2;255;225;119m██[38;2;255;231;122m██[38;2;255;233;123m██[38;2;237;209;106m██[38;2;183;113;74m██[38;2;225;198;194m██[38;2;242;232;234m██[38;2;246;239;242m██[38;2;233;215;218m██[38;2;176;103;97m██[38;2;175;136;90m██[38;2;18;21;17m  [38;2;1;1;1m    
[38;2;250;251;253m██[38;2;171;160;136m██[38;2;251;230;117m██[38;2;157;62;49m██[38;2;248;243;244m██[38;2;255;255;255m██████████████[38;2;242;232;232m██[38;2;183;107;47m██[38;2;254;231;122m██[38;2;254;229;121m██[38;2;244;220;114m██[38;2;213;155;71m██[38;2;193;124;54m██[38;2;183;110;46m██[38;2;208;154;68m██[38;2;211;154;64m██[38;2;202;140;70m██[38;2;189;117;64m██[38;2;185;108;48m██[38;2;245;220;111m██[38;2;255;250;135m██[38;2;154;149;108m██[38;2;0;0;0m    
[38;2;255;255;255m██[38;2;175;181;205m██[38;2;225;208;110m██[38;2;235;205;107m██[38;2;146;45;39m██[38;2;237;222;226m██[38;2;255;255;255m██████████[38;2;235;218;218m██[38;2;179;104;54m██[38;2;249;232;121m██[38;2;255;239;128m██[38;2;200;138;68m██[38;2;204;154;103m██[38;2;245;236;179m██[38;2;249;244;187m██[38;2;250;245;208m██[38;2;243;233;189m██[38;2;205;165;116m██[38;2;184;118;73m██[38;2;192;119;59m██[38;2;216;157;75m██[38;2;239;203;103m██[38;2;251;204;98m██[38;2;227;190;116m██[38;2;2;4;4m  [38;2;1;1;1m  
[38;2;255;255;255m██[38;2;211;217;241m██[38;2;208;198;116m██[38;2;255;227;120m██[38;2;247;220;114m██[38;2;206;146;74m██[38;2;191;129;89m██[38;2;199;147;121m██[38;2;200;150;127m██[38;2;201;151;125m██[38;2;198;141;97m██[38;2;219;173;89m██[38;2;252;237;125m██[38;2;234;205;104m██[38;2;186;110;49m██[38;2;225;152;95m██[38;2;247;228;173m██[38;2;203;154;108m██[38;2;239;219;157m██[38;2;255;245;178m██[38;2;255;246;181m██[38;2;255;250;193m██[38;2;253;248;183m██[38;2;238;227;175m██[38;2;222;198;161m██[38;2;197;153;118m██[38;2;166;88;69m██[38;2;148;53;40m██[38;2;35;37;34m  [38;2;4;5;5m  
[38;2;142;141;159m██[38;2;133;124;134m██[38;2;228;164;76m██[38;2;252;228;118m██[38;2;255;230;122m██[38;2;255;232;122m██[38;2;254;231;119m██[38;2;248;214;107m██[38;2;245;210;104m██[38;2;249;216;107m██[38;2;255;240;125m██[38;2;237;212;109m██[38;2;201;143;68m██[38;2;186;116;65m██[38;2;243;209;145m██[38;2;249;214;148m██[38;2;247;204;139m██[38;2;252;228;161m██[38;2;248;237;169m██[38;2;255;245;176m██[38;2;255;244;175m██[38;2;255;243;174m██[38;2;255;244;175m██[38;2;255;244;174m██[38;2;255;248;181m██[38;2;255;252;199m██[38;2;254;254;212m██[38;2;252;254;209m██[38;2;248;250;203m██[38;2;217;223;186m██
[38;2;249;176;77m██[38;2;250;172;75m██[38;2;239;158;72m██[38;2;239;149;65m██[38;2;249;200;98m██[38;2;254;235;123m██[38;2;255;234;123m██[38;2;255;226;120m██[38;2;255;225;119m██[38;2;252;237;126m██[38;2;204;145;66m██[38;2;188;126;78m██[38;2;245;232;170m██[38;2;255;253;187m██[38;2;255;245;177m████[38;2;255;247;177m██[38;2;255;248;179m██[38;2;255;244;176m██[38;2;255;245;176m██████████[38;2;255;244;175m██[38;2;255;243;172m████[38;2;255;246;180m██[38;2;255;252;198m██[38;2;255;255;208m██
[38;2;239;166;79m██[38;2;238;163;76m██[38;2;215;125;56m██[38;2;157;63;30m██[38;2;194;96;42m██[38;2;243;165;77m██[38;2;177;82;35m██[38;2;244;192;96m██[38;2;251;217;110m██[38;2;181;100;39m██[38;2;231;194;144m██[38;2;254;253;192m██[38;2;255;247;179m██[38;2;255;244;175m██[38;2;255;243;175m██[38;2;255;244;175m██[38;2;255;244;176m██[38;2;255;245;176m██████████████████[38;2;255;244;175m██[38;2;255;243;174m██[38;2;255;243;172m██[38;2;255;244;175m██
[38;2;223;139;64m██[38;2;212;121;54m██[38;2;178;83;38m██[38;2;252;242;130m██[38;2;179;100;49m██[38;2;168;76;35m██[38;2;219;181;98m██[38;2;193;102;46m██[38;2;236;163;76m██[38;2;201;111;61m██[38;2;248;197;132m██[38;2;255;255;195m██[38;2;255;252;182m██[38;2;255;248;178m██[38;2;255;246;177m████████[38;2;255;246;176m██[38;2;255;246;177m████████████[38;2;255;245;176m████[38;2;255;244;175m██[38;2;255;243;175m██[38;2;255;241;169m██
[38;2;190;83;37m██[38;2;207;161;92m██[38;2;168;85;42m██[38;2;255;247;133m██[38;2;215;160;83m██[38;2;235;205;107m██[38;2;252;240;133m██[38;2;180;99;52m██[38;2;240;184;89m██[38;2;206;120;69m██[38;2;238;157;97m██[38;2;244;190;127m██[38;2;251;228;164m██[38;2;252;238;173m██[38;2;253;243;177m██[38;2;254;248;181m██[38;2;255;253;182m██[38;2;255;252;185m██[38;2;255;251;182m██[38;2;255;249;179m██[38;2;255;247;178m██[38;2;255;247;177m████[38;2;255;246;177m██████[38;2;255;246;176m██[38;2;255;245;176m██[38;2;255;243;173m██[38;2;255;247;187m██
[38;2;33;23;11m██[38;2;249;245;136m██[38;2;239;198;104m██[38;2;255;241;126m██[38;2;254;227;119m██[38;2;255;233;123m██[38;2;255;242;137m██[38;2;176;100;55m██[38;2;250;203;100m██[38;2;169;82;25m██[38;2;230;166;104m██[38;2;250;183;119m██[38;2;244;173;109m██[38;2;238;170;107m██[38;2;239;172;109m██[38;2;239;174;112m██[38;2;241;185;122m██[38;2;245;206;141m██[38;2;252;237;171m██[38;2;254;250;188m██[38;2;255;255;185m██[38;2;255;252;183m██[38;2;255;251;180m██[38;2;255;250;179m██[38;2;255;249;179m██[38;2;255;248;178m██[38;2;255;247;177m██[38;2;255;247;178m██[38;2;255;251;189m██[38;2;254;246;190m██
[38;2;4;5;3m  [38;2;219;204;107m██[38;2;255;231;121m██[38;2;255;230;120m██[38;2;255;228;120m██[38;2;255;236;124m██[38;2;253;243;137m██[38;2;168;82;44m██[38;2;250;192;93m██[38;2;245;180;88m██[38;2;195;112;44m██[38;2;173;86;37m██[38;2;185;98;55m██[38;2;193;107;67m██[38;2;211;136;91m██[38;2;242;186;122m██[38;2;249;201;131m██[38;2;241;181;117m██[38;2;236;169;106m██[38;2;235;165;103m██[38;2;241;187;124m██[38;2;249;223;158m██[38;2;254;249;181m██[38;2;255;255;191m██[38;2;255;255;190m██[38;2;255;253;185m██[38;2;252;240;171m██[38;2;248;224;157m██[38;2;246;193;125m██[38;2;253;192;129m██
[38;2;0;0;0m  [38;2;74;64;34m  [38;2;255;233;123m██[38;2;255;225;119m██████[38;2;253;240;135m██[38;2;154;56;30m██[38;2;250;189;90m██[38;2;238;163;75m██[38;2;241;163;74m██[38;2;235;154;68m██[38;2;229;149;65m██[38;2;225;147;65m██[38;2;215;135;61m██[38;2;191;103;49m██[38;2;175;81;45m██[38;2;192;108;70m██[38;2;221;152;99m██[38;2;242;179;114m██[38;2;242;176;111m██[38;2;240;171;107m██[38;2;240;175;111m██[38;2;244;188;122m██[38;2;246;195;128m██[38;2;249;198;128m██[38;2;249;199;129m██[38;2;233;182;123m██[38;2;153;130;96m██[38;2;51;48;40m██
[38;2;0;0;0m  [38;2;117;104;55m  [38;2;255;233;122m██[38;2;255;225;118m██████[38;2;255;241;131m██[38;2;180;106;61m██[38;2;190;94;41m██[38;2;231;148;65m██[38;2;237;154;68m██[38;2;239;158;71m██[38;2;239;162;74m██[38;2;238;164;76m██[38;2;239;168;79m██[38;2;245;181;86m██[38;2;245;185;89m██[38;2;220;147;69m██[38;2;189;99;46m██[38;2;176;78;41m██[38;2;179;83;49m██[38;2;188;98;60m██[38;2;195;110;69m██[38;2;195;110;70m██[38;2;189;98;61m██[38;2;114;83;54m██[38;2;66;56;39m  [38;2;15;16;14m  [38;2;0;0;0m    
[38;2;22;19;9m██[38;2;242;236;129m██[38;2;255;224;118m██[38;2;255;227;119m██[38;2;255;226;118m██[38;2;255;225;118m██[38;2;255;235;122m██[38;2;223;171;97m██[38;2;147;29;9m██[38;2;174;70;28m██[38;2;183;87;36m██[38;2;202;116;51m██[38;2;217;135;61m██[38;2;238;164;77m██[38;2;239;169;80m██[38;2;240;173;83m██[38;2;240;175;85m██[38;2;240;175;84m██[38;2;241;173;81m██[38;2;247;178;82m██[38;2;246;174;80m██[38;2;234;160;73m██[38;2;223;149;68m██[38;2;184;102;55m██[38;2;138;30;19m██[38;2;61;67;52m██[38;2;7;8;6m  [38;2;0;0;0m      
[38;2;165;116;54m██[38;2;255;240;125m██[38;2;255;231;121m██[38;2;255;241;126m██[38;2;255;237;123m██[38;2;255;225;118m██[38;2;254;235;122m██[38;2;240;178;92m██[38;2;163;63;33m██[38;2;242;158;69m██[38;2;240;162;74m██[38;2;240;166;77m██[38;2;240;167;78m██[38;2;239;168;79m██[38;2;239;172;83m██[38;2;240;173;83m████[38;2;238;164;77m██[38;2;238;161;74m██[38;2;240;170;78m██[38;2;244;178;84m██[38;2;244;183;87m██[38;2;242;174;82m██[38;2;243;167;76m██[38;2;225;168;102m██[38;2;177;72;34m██[38;2;204;192;129m██[38;2;43;46;39m  [38;2;0;0;0m  [38;2;1;1;1m  [0m
