
[38;2;0;0;0m                [38;2;128;128;106m  [38;2;83;82;72m  [38;2;205;197;205m  [38;2;121;111;124m  [38;2;119;108;132m██[38;2;81;74;112m██[38;2;152;144;171m██[38;2;241;235;250m██[38;2;244;238;250m██[38;2;193;188;204m██[38;2;134;127;155m██[38;2;179;170;181m  [38;2;173;165;156m  [38;2;118;115;108m  [38;2;64;64;64m  [38;2;0;0;0m            
[38;2;0;0;0m            [38;2;64;48;48m  [38;2;120;114;110m  [38;2;212;202;210m  [38;2;221;210;222m██[38;2;241;235;251m██[38;2;241;236;252m████[38;2;242;235;251m██[38;2;242;237;253m██[38;2;241;236;252m██[38;2;241;237;250m████[38;2;246;239;253m██[38;2;243;238;253m██[38;2;241;236;252m██[38;2;244;238;253m██[38;2;223;215;217m  [38;2;124;122;120m  [38;2;0;0;0m          
[38;2;0;0;0m          [38;2;128;112;112m  [38;2;254;245;247m  [38;2;222;213;227m██[38;2;242;236;252m██[38;2;241;236;252m██████[38;2;241;236;253m██[38;2;242;237;254m██[38;2;242;237;253m██[38;2;241;236;252m████████[38;2;225;216;230m██[38;2;241;236;252m██████[38;2;243;236;252m  [38;2;181;176;176m  [38;2;0;0;0m        
[38;2;0;0;0m        [38;2;191;191;191m  [38;2;248;240;252m  [38;2;244;236;252m██[38;2;242;236;252m██[38;2;220;209;223m██[38;2;242;235;252m██[38;2;241;236;252m██████[38;2;240;235;251m██[38;2;241;236;253m██[38;2;241;236;252m████████[38;2;221;213;227m██[38;2;241;236;252m██[38;2;242;236;252m████[38;2;241;236;252m██[38;2;230;223;235m  [38;2;173;169;162m  [38;2;0;0;0m      
[38;2;0;0;0m      [38;2;170;90;154m  [38;2;247;241;253m  [38;2;224;214;230m██[38;2;243;236;252m██[38;2;242;234;247m██[38;2;229;218;232m██[38;2;242;236;252m██[38;2;241;236;252m██[38;2;237;231;247m██[38;2;242;236;252m██[38;2;229;221;233m██[38;2;240;236;253m██[38;2;241;236;252m██████[38;2;242;237;253m██[38;2;246;238;253m██[38;2;243;238;253m██[38;2;241;236;252m██[38;2;237;229;244m██[38;2;241;236;252m████[38;2;227;219;231m  [38;2;124;123;122m  [38;2;0;0;0m    
[38;2;0;0;0m    [38;2;64;64;64m  [38;2;253;238;243m  [38;2;244;235;252m██[38;2;240;230;246m██[38;2;243;236;252m██[38;2;221;209;223m██[38;2;244;236;252m██[38;2;241;236;252m████[38;2;237;231;246m██[38;2;241;236;252m██[38;2;209;192;206m██[38;2;242;235;250m██[38;2;241;236;252m██████[38;2;225;220;234m██[38;2;240;236;250m██[38;2;235;228;241m██[38;2;242;236;252m██[38;2;212;203;219m██[38;2;241;236;252m██[38;2;243;237;253m██[38;2;229;222;234m██[38;2;247;239;248m  [38;2;191;191;191m  [38;2;0;0;0m  
[38;2;0;0;0m    [38;2;189;183;175m  [38;2;242;235;251m  [38;2;237;226;242m██[38;2;241;236;252m████[38;2;195;183;198m██[38;2;241;236;252m████[38;2;245;239;253m██[38;2;243;238;253m██[38;2;243;236;252m██[38;2;199;176;185m██[38;2;241;238;250m██[38;2;242;237;253m██[38;2;241;236;252m████[38;2;242;237;252m██[38;2;243;239;252m██[38;2;186;173;184m██[38;2;242;236;252m██[38;2;229;221;233m██[38;2;240;236;251m██[38;2;241;236;252m██[38;2;244;237;253m██[38;2;246;237;250m██[38;2;177;173;166m  [38;2;0;0;0m  
[38;2;0;0;0m  [38;2;64;64;64m  [38;2;247;236;236m  [38;2;243;236;252m██[38;2;223;212;226m██[38;2;241;236;252m██[38;2;242;236;252m██[38;2;232;224;237m██[38;2;241;236;252m██[38;2;243;236;252m██[38;2;192;178;191m██[38;2;232;225;239m██[38;2;243;237;247m██[38;2;217;188;196m██[38;2;243;237;253m██[38;2;244;239;253m██[38;2;241;236;252m████[38;2;244;238;253m██[38;2;246;240;251m██[38;2;199;181;189m██[38;2;230;221;235m██[38;2;217;209;222m██[38;2;248;240;253m██[38;2;242;237;253m██[38;2;244;237;253m██[38;2;218;207;222m██[38;2;238;230;235m  [38;2;191;170;170m  
[38;2;0;0;0m  [38;2;106;106;85m  [38;2;243;236;253m  [38;2;243;236;252m██[38;2;242;234;248m██[38;2;241;236;252m██[38;2;245;238;252m██[38;2;241;234;248m██[38;2;241;236;252m████[38;2;187;169;178m██[38;2;242;236;252m██[38;2;243;236;248m██[38;2;221;192;194m██[38;2;244;237;253m██[38;2;247;239;253m██[38;2;241;236;252m██████[38;2;223;210;221m██[38;2;220;202;215m██[38;2;247;237;249m██[38;2;241;236;252m██[38;2;225;212;221m██[38;2;241;235;252m██[38;2;231;222;235m██[38;2;229;218;232m██[38;2;216;206;219m██[38;2;227;220;209m  
[38;2;0;0;0m  [38;2;128;120;125m  [38;2;241;236;252m██[38;2;244;237;252m██[38;2;242;237;253m██[38;2;241;236;252m██[38;2;230;222;235m██[38;2;225;220;233m██[38;2;241;236;252m██[38;2;242;236;252m██[38;2;209;192;202m██[38;2;242;236;252m██[38;2;230;214;224m██[38;2;234;210;211m██[38;2;242;237;253m██[38;2;243;235;247m██[38;2;242;236;252m██[38;2;241;236;252m██[38;2;240;235;251m██[38;2;200;179;191m██[38;2;234;221;232m██[38;2;224;206;215m██[38;2;240;236;252m██[38;2;189;170;176m██[38;2;241;236;252m██[38;2;213;204;216m██[38;2;245;236;251m██[38;2;223;212;225m██[38;2;246;237;250m  
[38;2;0;0;0m  [38;2;230;219;229m  [38;2;241;236;252m██[38;2;225;216;230m██[38;2;241;236;252m████[38;2;222;214;228m██[38;2;219;210;226m██[38;2;241;236;252m██[38;2;246;236;250m██[38;2;231;216;227m██[38;2;241;236;252m██[38;2;209;186;192m██[38;2;232;211;210m██[38;2;245;237;252m██[38;2;236;223;233m██[38;2;243;236;252m████[38;2;241;236;254m██[38;2;211;194;196m██[38;2;244;236;250m██[38;2;207;178;181m██[38;2;241;236;252m██[38;2;200;177;178m██[38;2;242;235;251m██[38;2;221;213;225m██[38;2;243;237;253m██[38;2;241;230;241m██[38;2;202;188;187m  
[38;2;85;64;85m  [38;2;241;233;247m  [38;2;241;236;252m██[38;2;216;209;222m██[38;2;241;236;252m████[38;2;221;211;226m██[38;2;215;205;220m██[38;2;243;236;252m██[38;2;228;214;225m██[38;2;243;231;244m██[38;2;241;236;252m██[38;2;222;201;198m██[38;2;223;208;200m██[38;2;247;238;251m██[38;2;227;215;218m██[38;2;243;236;252m██[38;2;242;236;252m██[38;2;243;236;252m██[38;2;219;203;200m██[38;2;248;238;253m██[38;2;232;206;203m██[38;2;240;236;251m██[38;2;208;189;192m██[38;2;248;237;251m██[38;2;242;233;247m██[38;2;240;234;250m██[38;2;241;231;242m██[38;2;249;235;230m  
[38;2;64;64;64m  [38;2;247;242;253m  [38;2;241;236;252m██[38;2;224;218;232m██[38;2;242;236;252m██[38;2;242;235;251m██[38;2;226;219;233m██[38;2;217;209;224m██[38;2;243;235;254m██[38;2;216;196;204m██[38;2;246;238;251m██[38;2;244;236;253m██[38;2;254;238;230m██[38;2;222;206;204m██[38;2;240;234;244m██[38;2;222;208;214m██[38;2;243;236;252m██████[38;2;229;217;212m██[38;2;245;237;254m██[38;2;255;236;227m██[38;2;243;240;251m██[38;2;221;203;208m██[38;2;227;211;222m██[38;2;246;239;253m██[38;2;245;238;253m██[38;2;232;222;233m██[38;2;252;236;244m  
[38;2;64;0;64m  [38;2;245;239;253m  [38;2;241;235;251m██[38;2;239;227;244m██[38;2;243;234;253m██[38;2;242;233;251m██[38;2;239;229;244m██[38;2;225;216;229m██[38;2;243;236;252m██[38;2;223;207;205m██[38;2;247;238;251m██[38;2;243;234;246m██[38;2;254;236;227m██[38;2;221;205;205m██[38;2;232;225;233m██[38;2;220;206;209m██[38;2;243;235;251m██████[38;2;230;218;213m██[38;2;246;241;254m██[38;2;254;237;225m██[38;2;236;227;234m██[38;2;228;212;221m██[38;2;218;199;203m██[38;2;243;236;252m██[38;2;242;233;246m██[38;2;232;219;231m██[38;2;252;242;251m  
[38;2;149;85;85m  [38;2;243;237;251m  [38;2;243;237;253m██[38;2;247;235;253m██[38;2;244;231;250m██[38;2;244;231;252m██[38;2;243;230;247m██[38;2;227;216;227m██[38;2;237;228;236m██[38;2;240;229;218m██[38;2;236;223;217m██[38;2;250;236;229m██[38;2;254;237;227m██[38;2;246;232;222m██[38;2;250;239;224m██[38;2;253;237;227m██[38;2;250;235;227m██[38;2;250;234;226m██[38;2;250;233;225m██[38;2;252;237;229m██[38;2;254;236;226m██[38;2;253;236;226m██[38;2;239;225;214m██[38;2;225;208;201m██[38;2;239;224;219m██[38;2;221;206;213m██[38;2;234;224;236m██[38;2;232;217;229m██[38;2;248;232;245m  
[38;2;164;133;123m  [38;2;244;239;253m  [38;2;245;238;253m██[38;2;247;227;250m██[38;2;244;224;249m██[38;2;245;225;249m██[38;2;248;230;244m██[38;2;226;213;208m██[38;2;254;234;226m██[38;2;254;235;227m██[38;2;253;239;227m██[38;2;227;206;194m██[38;2;221;198;187m██[38;2;217;200;185m██[38;2;253;238;220m██[38;2;254;237;227m██[38;2;252;238;227m██[38;2;253;238;227m██[38;2;254;238;227m██[38;2;201;175;155m██[38;2;179;156;154m██[38;2;171;147;148m██[38;2;198;181;177m██[38;2;224;212;202m██[38;2;254;236;221m██[38;2;214;192;193m██[38;2;221;207;224m██[38;2;235;216;230m██[38;2;241;225;238m  
[38;2;85;85;85m  [38;2;244;238;253m  [38;2;245;238;253m██[38;2;247;221;247m██[38;2;244;216;248m██[38;2;243;216;247m██[38;2;233;198;200m██[38;2;252;236;225m██[38;2;130;102;87m██[38;2;101;65;90m██[38;2;103;73;105m██[38;2;104;69;104m██[38;2;101;69;95m██[38;2;99;51;36m██[38;2;253;239;224m██[38;2;253;237;227m██[38;2;254;237;227m██[38;2;252;238;225m██[38;2;253;239;227m██[38;2;128;91;73m██[38;2;143;111;123m██[38;2;142;110;124m██[38;2;141;109;118m██[38;2;128;92;96m██[38;2;185;153;142m██[38;2;225;202;205m██[38;2;231;199;240m██[38;2;244;213;245m██[38;2;239;223;237m  
[38;2;175;175;112m  [38;2;243;237;252m  [38;2;245;237;253m██[38;2;247;215;247m██[38;2;246;206;244m██[38;2;244;205;243m██[38;2;237;207;207m██[38;2;252;232;223m██[38;2;224;200;190m██[38;2;253;226;225m██[38;2;253;225;220m██[38;2;249;224;220m██[38;2;247;227;219m██[38;2;253;228;222m██[38;2;255;237;225m██[38;2;252;238;225m████████[38;2;253;235;224m██[38;2;253;228;221m██[38;2;253;226;221m██[38;2;249;222;219m██[38;2;250;221;218m██[38;2;252;222;220m██[38;2;244;218;219m██[38;2;230;193;232m██[38;2;244;200;242m  [38;2;206;195;170m  
[38;2;184;166;165m  [38;2;243;237;253m████[38;2;244;197;240m██[38;2;247;196;242m██[38;2;248;194;243m██[38;2;238;213;214m██[38;2;254;227;224m██[38;2;251;219;219m██[38;2;248;226;224m██[38;2;245;203;208m██[38;2;252;212;216m██[38;2;254;219;219m██[38;2;253;230;222m██[38;2;252;235;225m██[38;2;252;238;225m██████[38;2;253;238;225m██[38;2;253;232;223m██[38;2;254;226;222m██[38;2;249;207;212m██[38;2;246;204;208m██[38;2;253;239;235m██[38;2;252;218;218m██[38;2;254;223;223m██[38;2;229;184;222m██[38;2;245;193;239m██[38;2;136;126;107m  
[38;2;247;240;253m  [38;2;241;233;248m██[38;2;246;237;253m██[38;2;239;186;225m██[38;2;246;185;240m██[38;2;248;186;241m██[38;2;234;203;209m██[38;2;252;226;223m██[38;2;246;209;214m██[38;2;249;210;214m██[38;2;252;209;214m██[38;2;248;205;211m██[38;2;244;209;209m██[38;2;255;229;223m██[38;2;254;234;225m██[38;2;252;238;225m██████[38;2;252;237;224m██[38;2;253;233;223m██[38;2;253;225;221m██[38;2;246;209;210m██[38;2;251;211;214m██[38;2;248;203;210m██[38;2;253;215;218m██[38;2;253;223;220m██[38;2;228;179;206m██[38;2;234;172;221m██[38;2;68;44;35m  
[38;2;244;236;253m██[38;2;242;236;252m██[38;2;243;234;251m██[38;2;217;160;204m██[38;2;247;180;238m██[38;2;225;158;215m██[38;2;228;189;203m██[38;2;253;227;222m██[38;2;254;221;222m██[38;2;251;217;215m██[38;2;250;212;213m██[38;2;252;217;219m██[38;2;251;223;219m██[38;2;253;229;223m██[38;2;253;234;225m██[38;2;252;238;225m██████[38;2;252;238;224m██[38;2;252;235;224m██[38;2;253;232;223m██[38;2;254;226;221m██[38;2;254;221;220m██[38;2;252;223;221m██[38;2;254;225;222m██[38;2;252;230;224m██[38;2;231;174;210m██[38;2;241;176;231m██[38;2;60;35;25m  
[38;2;242;234;250m██[38;2;244;237;252m██[38;2;243;236;252m██[38;2;217;175;208m██[38;2;246;177;236m██[38;2;224;156;211m██[38;2;225;179;203m██[38;2;253;234;225m██[38;2;254;229;224m██[38;2;254;225;222m██[38;2;254;225;221m██[38;2;253;226;221m██[38;2;253;230;222m██[38;2;254;233;225m██[38;2;252;237;226m██[38;2;252;238;225m██████████[38;2;254;234;225m██[38;2;254;233;224m██[38;2;253;232;223m████[38;2;253;234;223m██[38;2;253;236;228m██[38;2;248;182;238m██[38;2;242;178;231m██[38;2;145;58;44m  
[38;2;207;198;212m██[38;2;242;236;251m██[38;2;243;236;252m██[38;2;208;181;212m██[38;2;243;173;237m██[38;2;228;160;217m██[38;2;225;168;203m██[38;2;252;236;224m██[38;2;253;235;225m██[38;2;253;234;225m██[38;2;254;233;225m██[38;2;253;234;224m██[38;2;254;235;225m██[38;2;253;237;226m██[38;2;252;238;225m████████████████[38;2;252;237;224m██[38;2;253;237;225m██[38;2;253;236;226m██[38;2;197;131;183m██[38;2;242;174;235m██[38;2;219;152;211m██[38;2;238;216;213m  
[38;2;161;158;163m  [38;2;200;185;211m██[38;2;245;236;254m██[38;2;231;217;239m██[38;2;235;168;236m██[38;2;234;166;230m██[38;2;226;164;217m██[38;2;195;171;188m██[38;2;253;237;229m██[38;2;253;237;224m██[38;2;253;238;223m██[38;2;253;237;224m██[38;2;253;238;225m██[38;2;252;238;225m██████[38;2;240;227;213m██[38;2;252;238;225m██████████[38;2;253;238;226m██[38;2;224;208;208m██[38;2;194;166;203m██[38;2;208;131;209m██[38;2;236;169;235m██[38;2;224;157;217m██[38;2;248;229;245m██
[38;2;32;32;32m  [38;2;83;84;82m  [38;2;182;166;191m  [38;2;228;211;240m██[38;2;225;160;236m██[38;2;225;159;236m██[38;2;238;171;233m██[38;2;196;174;214m██[38;2;199;176;214m██[38;2;190;167;187m██[38;2;229;213;210m██[38;2;254;241;227m██[38;2;252;237;224m██[38;2;253;238;225m██[38;2;254;237;225m████[38;2;254;237;226m████[38;2;252;237;223m██[38;2;253;240;227m██[38;2;241;227;218m██[38;2;199;179;192m██[38;2;197;174;209m██[38;2;196;174;215m██[38;2;183;154;196m██[38;2;208;134;211m██[38;2;229;162;234m██[38;2;220;154;233m██[38;2;248;231;239m  
[38;2;0;0;0m    [38;2;32;32;32m  [38;2;59;66;46m  [38;2;178;133;189m  [38;2;213;148;235m██[38;2;203;141;204m██[38;2;198;176;216m██[38;2;196;173;215m██[38;2;170;146;180m██[38;2;184;161;193m██[38;2;250;246;240m██[38;2;227;216;212m██[38;2;216;177;170m██[38;2;215;184;170m██[38;2;215;184;172m██[38;2;205;178;174m██[38;2;186;170;167m██[38;2;196;172;198m██[38;2;199;178;219m██[38;2;193;172;209m██[38;2;198;177;220m██[38;2;196;176;215m██[38;2;194;175;214m██[38;2;170;136;176m██[38;2;206;139;223m██[38;2;217;154;227m██[38;2;215;148;239m  [38;2;106;85;96m  
[38;2;0;0;0m    [38;2;94;117;80m  [38;2;82;78;112m  [38;2;95;79;114m██[38;2;195;137;231m██[38;2;151;99;152m██[38;2;191;154;191m  [38;2;195;173;211m██[38;2;175;152;187m██[38;2;185;162;190m██[38;2;247;246;247m██[38;2;252;248;249m██[38;2;213;191;184m██[38;2;232;193;187m██[38;2;233;193;188m██[38;2;200;189;192m██[38;2;245;244;245m██[38;2;191;169;195m██[38;2;197;177;212m██[38;2;196;173;217m██[38;2;191;169;205m██[38;2;196;176;216m██[38;2;194;173;214m██[38;2;162;119;171m██[38;2;200;136;231m██[38;2;199;143;209m  [38;2;202;140;228m  [38;2;32;32;32m  
[38;2;0;0;0m  [38;2;40;44;28m  [38;2;107;107;147m██[38;2;98;99;135m██[38;2;88;81;112m██[38;2;192;134;229m██[38;2;155;109;174m██[38;2;144;99;139m  [38;2;112;98;93m  [38;2;218;175;183m██[38;2;250;197;208m██[38;2;226;183;190m██[38;2;250;249;248m██[38;2;250;247;244m██[38;2;227;192;186m██[38;2;228;194;190m██[38;2;246;250;248m██[38;2;242;234;233m██[38;2;252;200;209m██[38;2;198;166;191m██[38;2;185;161;196m██[38;2;152;132;164m██[38;2;94;79;106m██[38;2;91;77;106m██[38;2;149;108;171m██[38;2;192;130;232m██[38;2;83;59;77m  [38;2;178;123;171m  [38;2;0;0;0m  [0m
