
[38;2;0;0;0m                  [38;2;31;18;20m  [38;2;116;123;105m██[38;2;62;74;70m██[38;2;29;37;53m██[38;2;40;42;58m██[38;2;42;46;62m██[38;2;48;54;68m██[38;2;49;57;70m██[38;2;56;62;82m██[38;2;61;68;88m██[38;2;62;68;83m██[38;2;97;112;99m██[38;2;97;88;76m██[38;2;161;111;122m██[38;2;29;20;21m  [38;2;0;0;0m            
[38;2;0;0;0m              [38;2;27;18;20m  [38;2;147;154;132m██[38;2;34;42;49m██[38;2;34;40;58m██[38;2;33;40;56m██[38;2;35;41;58m██[38;2;37;43;59m██[38;2;39;45;61m██[38;2;40;45;60m██[38;2;40;37;54m██[38;2;54;52;70m██[38;2;64;70;83m██[38;2;59;67;80m██[38;2;64;68;77m██[38;2;122;49;76m██[38;2;140;85;100m██[38;2;103;43;54m██[38;2;244;193;205m██[38;2;0;0;0m          
[38;2;0;0;0m            [38;2;13;9;10m  [38;2;140;122;119m██[38;2;208;103;134m██[38;2;41;37;51m██[38;2;38;37;52m██[38;2;39;34;51m██[38;2;39;32;53m██[38;2;36;38;56m██[38;2;36;40;57m██[38;2;62;67;82m██[38;2;92;73;93m██[38;2;97;75;91m██[38;2;96;76;92m██[38;2;94;75;90m██[38;2;85;72;86m██[38;2;223;102;145m██[38;2;128;60;81m██[38;2;165;73;99m██[38;2;217;165;178m██[38;2;8;4;5m  [38;2;0;0;0m        
[38;2;0;0;0m            [38;2;62;34;41m██[38;2;138;80;103m██[38;2;139;69;95m██[38;2;186;91;131m██[38;2;67;66;85m██[38;2;63;68;82m██[38;2;58;71;85m██[38;2;57;70;84m██[38;2;66;68;81m██[38;2;102;77;89m██[38;2;106;72;84m██[38;2;104;66;77m██[38;2;113;63;74m██[38;2;107;51;57m██[38;2;98;49;52m██[38;2;72;58;70m██[38;2;80;66;86m██[38;2;68;66;74m██[38;2;71;32;47m██[38;2;0;0;0m          
[38;2;0;0;0m          [38;2;6;3;3m  [38;2;137;107;113m██[38;2;126;75;99m██[38;2;104;49;74m██[38;2;152;81;112m██[38;2;146;85;111m██[38;2;178;85;119m██[38;2;184;80;110m██[38;2;141;114;118m██[38;2;250;245;233m██[38;2;252;247;233m██[38;2;253;249;232m██[38;2;253;248;236m██[38;2;251;249;231m██[38;2;253;248;234m██[38;2;255;245;234m██[38;2;254;235;217m██[38;2;131;92;98m██[38;2;66;67;87m██[38;2;86;67;84m██[38;2;51;22;32m██[38;2;0;0;0m        
[38;2;0;0;0m          [38;2;36;15;22m██[38;2;85;77;76m██[38;2;98;63;84m██[38;2;111;68;92m██[38;2;138;79;106m██[38;2;124;81;103m██[38;2;112;33;38m██[38;2;255;238;221m██[38;2;250;248;233m██[38;2;253;248;234m██[38;2;253;247;234m██[38;2;254;247;234m████████[38;2;253;248;234m████[38;2;254;248;235m██[38;2;159;120;127m██[38;2;66;68;88m██[38;2;95;67;84m██[38;2;0;0;0m        
[38;2;0;0;0m          [38;2;46;24;29m██[38;2;58;56;56m██[38;2;84;61;79m██[38;2;84;63;80m██[38;2;127;76;102m██[38;2;156;75;103m██[38;2;253;222;205m██[38;2;253;248;235m██[38;2;253;249;236m██[38;2;254;247;234m████████████[38;2;253;248;234m████[38;2;252;248;236m██[38;2;246;243;232m██[38;2;74;62;73m██[38;2;62;69;85m██[38;2;50;25;41m██[38;2;0;0;0m      
[38;2;0;0;0m          [38;2;43;22;27m██[38;2;38;36;49m██[38;2;76;56;72m██[38;2;75;62;81m██[38;2;106;73;98m██[38;2;113;55;61m██[38;2;252;246;238m██[38;2;241;236;224m██[38;2;253;248;236m██[38;2;254;247;234m████████████[38;2;253;248;234m██[38;2;252;246;234m██[38;2;237;221;214m██[38;2;250;245;231m██[38;2;90;47;58m██[38;2;70;68;87m██[38;2;66;55;70m██[38;2;0;0;0m      
[38;2;0;0;0m          [38;2;50;33;40m██[38;2;36;41;53m██[38;2;45;35;48m██[38;2;69;69;86m██[38;2;84;71;87m██[38;2;240;220;215m██[38;2;253;248;236m████[38;2;254;249;238m██[38;2;116;111;99m██[38;2;238;230;218m██[38;2;252;248;234m██[38;2;254;247;234m██████[38;2;255;249;234m██[38;2;250;232;220m██[38;2;253;248;232m██[38;2;251;247;233m██[38;2;104;64;74m██[38;2;69;68;89m██[38;2;72;68;83m██[38;2;0;0;0m      
[38;2;0;0;0m          [38;2;45;31;31m██[38;2;34;38;49m██[38;2;42;30;47m██[38;2;65;71;86m██[38;2;71;68;81m██[38;2;251;248;234m██[38;2;253;248;234m████[38;2;253;249;232m██[38;2;248;232;219m██[38;2;251;231;219m██[38;2;253;243;231m██[38;2;254;247;234m██████[38;2;255;247;232m██[38;2;70;55;48m██[38;2;238;218;215m██[38;2;250;248;238m██[38;2;96;53;64m██[38;2;68;69;89m██[38;2;71;68;85m██[38;2;0;0;0m    [38;2;220;116;42m  
[38;2;0;0;0m          [38;2;68;66;49m██[38;2;33;41;53m██[38;2;38;30;48m██[38;2;61;70;83m██[38;2;67;67;85m██[38;2;252;228;221m██[38;2;253;248;234m████[38;2;253;248;235m██[38;2;60;30;37m██[38;2;127;90;94m██[38;2;251;249;236m██[38;2;254;247;234m██████[38;2;251;247;233m██[38;2;136;95;94m██[38;2;149;117;119m██[38;2;254;248;238m██[38;2;95;41;54m██[38;2;69;69;85m██[38;2;73;67;83m██[38;2;0;0;0m  [38;2;211;122;45m  [38;2;253;221;18m██
[38;2;0;0;0m          [38;2;159;165;148m██[38;2;43;49;65m██[38;2;43;41;61m██[38;2;62;68;84m██[38;2;64;68;79m██[38;2;236;182;158m██[38;2;253;247;231m██[38;2;253;247;234m██[38;2;254;247;234m██[38;2;241;211;207m██[38;2;205;163;154m██[38;2;252;245;233m██[38;2;253;246;233m██[38;2;254;247;234m██[38;2;253;247;234m██[38;2;254;246;233m██[38;2;249;238;226m██[38;2;249;237;223m██[38;2;254;235;222m██[38;2;198;169;167m██[38;2;71;69;82m██[38;2;52;43;56m██[38;2;0;0;0m    [38;2;216;112;40m  
[38;2;0;0;0m        [38;2;44;21;28m██[38;2;74;90;78m██[38;2;47;54;70m██[38;2;46;53;69m██[38;2;59;66;79m██[38;2;56;66;86m██[38;2;209;132;113m██[38;2;252;245;235m██[38;2;251;241;226m██[38;2;250;238;225m██[38;2;251;239;222m██[38;2;252;244;226m██[38;2;251;245;227m██[38;2;254;250;242m██[38;2;230;227;215m██[38;2;176;176;161m██[38;2;109;109;88m██[38;2;133;138;109m██[38;2;157;171;133m██[38;2;91;106;78m██[38;2;246;240;236m██[38;2;82;60;72m██[38;2;43;20;28m██[38;2;0;0;0m      
[38;2;0;0;0m        [38;2;45;34;28m██[38;2;59;67;89m██[38;2;51;55;72m██[38;2;50;50;69m██[38;2;60;64;80m██[38;2;58;67;81m██[38;2;143;77;85m██[38;2;255;232;202m██[38;2;252;241;231m██[38;2;167;178;147m██[38;2;164;183;139m██[38;2;177;212;157m██[38;2;151;180;124m██[38;2;168;215;145m██[38;2;169;216;151m██[38;2;174;213;151m██[38;2;148;192;138m██[38;2;122;168;116m██[38;2;77;91;60m██[38;2;117;144;106m██[38;2;84;27;41m██[38;2;61;38;53m██[38;2;33;27;42m██[38;2;44;22;33m██[38;2;0;0;0m    
[38;2;0;0;0m      [38;2;6;4;4m  [38;2;150;158;145m██[38;2;66;69;81m██[38;2;56;53;62m██[38;2;53;54;73m██[38;2;56;64;77m██[38;2;57;67;79m██[38;2;63;53;69m██[38;2;115;27;45m██[38;2;190;44;81m██[38;2;179;53;76m██[38;2;86;97;77m██[38;2;109;142;108m██[38;2;99;129;97m██[38;2;127;151;121m██[38;2;147;150;129m██[38;2;167;139;129m██[38;2;139;101;96m██[38;2;173;120;119m██[38;2;214;164;164m██[38;2;97;24;40m██[38;2;79;39;53m██[38;2;44;25;42m██[38;2;32;30;47m██[38;2;59;67;79m██[38;2;54;29;42m██[38;2;0;0;0m  
[38;2;0;0;0m      [38;2;45;21;24m██[38;2;57;69;78m██[38;2;14;9;14m  [38;2;47;34;44m██[38;2;49;53;71m██[38;2;39;32;48m██[38;2;55;68;78m██[38;2;62;65;79m██[38;2;80;47;59m██[38;2;93;37;52m██[38;2;121;68;78m██[38;2;231;194;193m██[38;2;247;220;211m██[38;2;245;220;209m██[38;2;252;230;219m██[38;2;253;229;219m██[38;2;253;232;224m██[38;2;159;112;113m██[38;2;101;44;48m██[38;2;103;58;67m██[38;2;88;51;61m██[38;2;76;46;58m██[38;2;61;50;56m██[38;2;34;31;38m██[38;2;63;69;84m██[38;2;62;70;85m██[38;2;17;8;16m  
[38;2;0;0;0m      [38;2;138;139;125m██[38;2;63;69;83m██[38;2;0;0;0m  [38;2;8;4;7m  [38;2;42;45;56m██[38;2;51;45;58m██[38;2;56;39;51m██[38;2;62;70;82m██[38;2;67;67;81m██[38;2;94;58;67m██[38;2;78;46;51m██[38;2;223;136;120m██[38;2;203;132;128m██[38;2;239;135;110m██[38;2;116;31;35m██[38;2;118;55;70m██[38;2;103;60;65m██[38;2;100;60;67m██[38;2;85;52;65m██[38;2;82;52;62m██[38;2;67;44;50m██[38;2;252;241;235m██[38;2;253;249;230m██[38;2;253;249;232m██[38;2;49;39;48m██[38;2;59;70;87m██[38;2;56;41;57m██
[38;2;0;0;0m    [38;2;5;3;3m  [38;2;120;138;115m██[38;2;62;67;83m██[38;2;0;0;0m    [38;2;106;107;108m██[38;2;60;47;59m██[38;2;66;47;60m██[38;2;44;34;45m██[38;2;61;70;83m██[38;2;64;69;82m██[38;2;139;124;135m██[38;2;138;90;91m██[38;2;217;131;119m██[38;2;248;132;86m██[38;2;204;178;181m██[38;2;126;77;84m██[38;2;72;40;52m██[38;2;63;32;40m██[38;2;68;48;55m██[38;2;63;47;59m██[38;2;64;42;50m██[38;2;255;249;235m██[38;2;253;249;234m██[38;2;253;246;233m██[38;2;72;40;47m██[38;2;69;63;78m██[38;2;65;71;83m██
[38;2;0;0;0m    [38;2;27;10;13m██[38;2;54;68;68m██[38;2;62;66;80m██[38;2;0;0;0m    [38;2;44;34;36m██[38;2;49;44;42m██[38;2;75;47;61m██[38;2;76;46;61m██[38;2;68;69;83m██[38;2;61;70;85m██[38;2;71;68;82m██[38;2;204;189;201m██[38;2;181;137;150m██[38;2;230;137;111m██[38;2;193;148;151m██[38;2;208;181;179m██[38;2;246;177;193m██[38;2;92;37;56m██[38;2;95;69;81m██[38;2;53;37;47m██[38;2;54;29;39m██[38;2;251;241;226m██[38;2;248;227;207m██[38;2;250;208;201m██[38;2;0;0;0m  [38;2;55;35;45m██[38;2;66;68;79m██
[38;2;0;0;0m    [38;2;5;4;3m  [38;2;78;92;86m██[38;2;58;68;90m██[38;2;55;54;64m██[38;2;0;0;0m    [38;2;111;136;108m██[38;2;72;44;61m██[38;2;76;48;64m██[38;2;62;59;74m██[38;2;61;70;84m██[38;2;57;56;71m██[38;2;44;26;33m██[38;2;230;187;179m██[38;2;234;192;178m██[38;2;245;223;229m██[38;2;237;220;225m██[38;2;216;152;164m██[38;2;229;167;178m██[38;2;83;52;60m██[38;2;107;82;94m██[38;2;46;37;49m██[38;2;49;34;43m██[38;2;253;192;163m██[38;2;255;208;202m██[38;2;5;3;4m  [38;2;20;10;16m  [38;2;65;56;70m██
[38;2;0;0;0m      [38;2;5;3;5m  [38;2;64;63;75m██[38;2;63;66;84m██[38;2;56;50;57m██[38;2;50;38;39m██[38;2;36;34;47m██[38;2;118;94;104m██[38;2;100;75;86m██[38;2;63;58;76m██[38;2;79;57;62m██[38;2;251;250;234m██[38;2;253;248;235m██[38;2;244;239;229m██[38;2;169;141;141m██[38;2;252;247;251m██[38;2;214;196;202m██[38;2;232;167;179m██[38;2;213;152;162m██[38;2;251;188;200m██[38;2;106;74;86m██[38;2;40;22;33m██[38;2;61;39;49m██[38;2;238;138;80m██[38;2;255;204;196m██[38;2;5;3;3m  [38;2;37;35;51m██[38;2;23;9;19m  
[38;2;0;0;0m        [38;2;41;18;30m██[38;2;56;70;83m██[38;2;61;67;85m██[38;2;62;60;68m██[38;2;34;32;48m██[38;2;122;95;105m██[38;2;117;91;101m██[38;2;62;68;83m██[38;2;119;89;92m██[38;2;253;233;220m██[38;2;255;246;231m██[38;2;253;247;232m██[38;2;95;68;71m██[38;2;206;152;165m██[38;2;145;119;121m██[38;2;242;178;189m██[38;2;244;185;191m██[38;2;254;190;201m██[38;2;79;26;46m██[38;2;98;65;79m██[38;2;126;100;109m██[38;2;207;139;137m██[38;2;219;128;98m██[38;2;35;31;46m██[38;2;49;32;40m██[38;2;0;0;0m  
[38;2;0;0;0m        [38;2;67;68;80m██[38;2;61;68;82m██[38;2;65;72;85m██[38;2;36;31;48m██[38;2;37;33;48m██[38;2;114;88;95m██[38;2;52;39;49m██[38;2;59;59;69m██[38;2;80;56;65m██[38;2;254;206;195m██[38;2;254;227;215m██[38;2;252;249;232m██[38;2;242;238;230m██[38;2;249;190;197m██[38;2;163;97;105m██[38;2;251;188;201m██[38;2;226;161;171m██[38;2;251;189;200m██[38;2;204;134;156m██[38;2;96;71;82m██[38;2;121;94;106m██[38;2;66;22;29m██[38;2;65;26;35m██[38;2;39;25;34m██[38;2;0;0;0m    
[38;2;0;0;0m    [38;2;42;31;28m██[38;2;68;73;88m██[38;2;65;62;77m██[38;2;42;33;51m██[38;2;33;36;53m██[38;2;32;37;52m██[38;2;30;38;51m██[38;2;82;54;70m██[38;2;63;66;81m██[38;2;96;72;86m██[38;2;109;83;91m██[38;2;225;147;113m██[38;2;254;208;180m██[38;2;246;210;197m██[38;2;158;139;139m██[38;2;250;189;198m██[38;2;211;144;155m██[38;2;251;188;197m██[38;2;250;189;198m██[38;2;251;180;197m██[38;2;192;110;135m██[38;2;75;55;64m██[38;2;118;96;106m██[38;2;113;85;95m██[38;2;78;50;67m██[38;2;49;24;35m██[38;2;0;0;0m    
[38;2;0;0;0m  [38;2;103;115;88m██[38;2;73;67;71m██[38;2;3;2;3m  [38;2;41;32;44m██[38;2;29;39;51m██[38;2;59;66;82m██[38;2;38;42;56m██[38;2;32;34;47m██[38;2;42;21;38m██[38;2;61;71;84m██[38;2;99;70;85m██[38;2;75;39;51m██[38;2;214;138;124m██[38;2;252;132;81m██[38;2;205;158;163m██[38;2;209;141;154m██[38;2;185;106;123m██[38;2;220;157;167m██[38;2;245;183;190m██[38;2;251;189;198m██[38;2;212;132;154m██[38;2;45;12;23m██[38;2;35;20;25m  [38;2;119;93;102m██[38;2;120;95;104m██[38;2;65;40;53m██[38;2;34;12;22m██[38;2;0;0;0m    
[38;2;129;129;107m██[38;2;44;23;28m  [38;2;0;0;0m  [38;2;4;2;3m  [38;2;61;70;83m██[38;2;59;71;83m██[38;2;62;69;85m██[38;2;42;29;40m██[38;2;0;0;0m  [38;2;50;24;42m██[38;2;64;69;82m██[38;2;67;36;52m██[38;2;102;66;67m██[38;2;218;138;133m██[38;2;234;136;110m██[38;2;176;119;125m██[38;2;204;144;158m██[38;2;228;143;163m██[38;2;236;173;182m██[38;2;144;107;104m██[38;2;154;142;121m██[38;2;15;6;8m  [38;2;0;0;0m    [38;2;33;19;26m  [38;2;122;90;104m██[38;2;113;86;100m██[38;2;60;28;41m██[38;2;0;0;0m    
[38;2;204;115;31m██[38;2;43;19;20m  [38;2;0;0;0m  [38;2;105;59;46m██[38;2;82;64;67m██[38;2;61;68;86m██[38;2;55;49;64m██[38;2;0;0;0m    [38;2;44;27;40m██[38;2;53;38;51m██[38;2;115;93;103m██[38;2;95;56;61m██[38;2;217;139;132m██[38;2;214;141;137m██[38;2;67;58;57m██[38;2;141;153;121m██[38;2;122;142;106m██[38;2;132;169;123m██[38;2;71;62;53m██[38;2;3;2;2m  [38;2;0;0;0m          [38;2;8;4;5m  [38;2;50;30;36m██[38;2;0;0;0m    
[38;2;217;113;4m██[38;2;133;71;31m██[38;2;0;0;0m  [38;2;198;113;35m██[38;2;206;107;12m██[38;2;191;108;46m██[38;2;57;30;27m██[38;2;0;0;0m      [38;2;88;59;69m██[38;2;118;96;104m██[38;2;116;95;102m██[38;2;222;146;146m██[38;2;65;27;34m██[38;2;50;17;31m██[38;2;69;31;40m██[38;2;157;53;82m██[38;2;91;20;40m██[38;2;0;0;0m                      
[38;2;216;109;4m██[38;2;216;105;10m██[38;2;43;11;15m  [38;2;205;100;14m██[38;2;198;107;10m██[38;2;198;110;38m██[38;2;104;53;31m██[38;2;0;0;0m        [38;2;90;55;66m██[38;2;118;93;100m██[38;2;59;28;40m██[38;2;74;48;59m██[38;2;24;12;17m  [38;2;0;0;0m                            
[38;2;213;112;13m██[38;2;219;112;1m██[38;2;212;113;4m██[38;2;123;56;21m██[38;2;0;0;0m                  [38;2;28;12;17m  [38;2;44;24;32m██[38;2;0;0;0m                              [0m
