
[38;2;0;0;0m                                    [38;2;50;44;41m  [38;2;98;81;117m██[38;2;142;135;131m  [38;2;0;0;0m                
[38;2;0;0;0m                                    [38;2;9;2;0m  [38;2;99;81;119m██[38;2;89;74;77m  [38;2;64;64;64m  [38;2;0;0;0m              
[38;2;0;0;0m                                    [38;2;62;60;55m  [38;2;98;82;119m██[38;2;89;72;101m  [38;2;32;21;21m  [38;2;32;32;32m  [38;2;48;16;16m  [38;2;0;0;0m          
[38;2;0;0;0m          [38;2;21;21;21m  [38;2;99;92;90m  [38;2;68;53;51m  [38;2;72;58;56m  [38;2;45;39;38m  [38;2;21;21;21m  [38;2;0;0;0m            [38;2;32;32;32m  [38;2;74;58;61m  [38;2;94;77;109m██[38;2;100;83;120m██[38;2;100;83;121m  [38;2;97;79;113m  [38;2;98;70;83m  [38;2;75;54;52m  [38;2;21;21;21m  [38;2;0;0;0m      
[38;2;0;0;0m      [38;2;16;16;16m  [38;2;60;46;46m  [38;2;57;75;93m  [38;2;62;102;134m██[38;2;61;108;144m██[38;2;60;107;143m██[38;2;94;133;162m██[38;2;117;122;130m  [38;2;42;29;27m  [38;2;64;64;64m  [38;2;0;0;0m      [38;2;102;98;97m  [38;2;81;64;85m  [38;2;90;73;101m██[38;2;100;82;120m██[38;2;97;81;117m██[38;2;101;76;93m██[38;2;146;106;90m██[38;2;224;169;117m██[38;2;98;76;100m██[38;2;92;66;76m  [38;2;128;128;128m  [38;2;0;0;0m    
[38;2;0;0;0m      [38;2;48;43;46m  [38;2;144;169;187m██[38;2;243;244;245m██[38;2;214;215;218m██[38;2;198;201;205m██[38;2;199;200;203m██[38;2;246;245;244m██[38;2;197;208;217m██[38;2;61;106;140m██[38;2;58;69;82m  [38;2;53;37;37m  [38;2;0;0;0m  [38;2;89;68;2m  [38;2;73;56;68m  [38;2;94;77;109m██[38;2;100;83;120m████[38;2;97;78;101m██[38;2;203;178;165m██[38;2;91;73;103m██[38;2;128;95;94m██[38;2;236;179;118m██[38;2;97;76;105m██[38;2;99;76;100m  [38;2;170;149;149m  [38;2;0;0;0m  
[38;2;0;0;0m    [38;2;32;21;19m  [38;2;136;163;184m██[38;2;189;191;195m██[38;2;234;234;235m██[38;2;200;216;230m██[38;2;186;190;195m██[38;2;207;209;212m██[38;2;185;201;215m██[38;2;184;184;187m██[38;2;210;207;207m██[38;2;139;165;185m██[38;2;58;75;93m  [38;2;49;58;58m  [38;2;59;43;44m  [38;2;100;83;119m██[38;2;98;80;116m██[38;2;99;82;119m██[38;2;100;82;121m██[38;2;254;243;240m██[38;2;242;230;225m██[38;2;97;81;115m██[38;2;98;81;117m██[38;2;143;102;83m██[38;2;225;169;114m██[38;2;95;77;109m██[38;2;100;75;81m  [38;2;115;102;102m  
[38;2;0;0;0m  [38;2;21;21;21m  [38;2;56;82;106m  [38;2;192;194;198m██[38;2;213;216;219m██[38;2;239;239;242m██[38;2;190;211;228m██[38;2;134;145;158m██[38;2;214;215;218m██[38;2;169;165;166m██[38;2;184;185;188m██[38;2;238;238;241m██[38;2;142;134;133m██[38;2;100;135;162m██[38;2;61;86;108m  [38;2;99;82;119m██[38;2;91;74;102m██[38;2;99;82;119m██[38;2;98;82;118m██[38;2;149;126;123m██[38;2;176;145;138m██[38;2;158;131;129m██[38;2;95;73;96m██[38;2;99;82;119m██[38;2;98;81;117m██[38;2;128;95;93m██[38;2;201;149;102m██[38;2;99;82;118m██[38;2;88;73;79m  
[38;2;0;0;0m  [38;2;89;80;77m  [38;2;183;198;210m██[38;2;186;190;195m██[38;2;239;239;243m████[38;2;179;204;225m██[38;2;142;184;219m██[38;2;219;216;214m██[38;2;175;159;156m██[38;2;234;226;222m██[38;2;208;206;208m██[38;2;238;238;242m██[38;2;192;188;187m██[38;2;63;108;142m██[38;2;60;76;92m██[38;2;96;79;113m██[38;2;97;80;116m██[38;2;98;80;116m██[38;2;162;122;113m██[38;2;230;211;205m██[38;2;169;142;140m██[38;2;98;79;109m██[38;2;101;83;121m██[38;2;98;81;118m██[38;2;99;82;120m██[38;2;113;89;90m██[38;2;101;84;122m██[38;2;99;82;120m██
[38;2;16;0;0m  [38;2;107;104;107m  [38;2;181;186;193m██[38;2;152;152;156m██[38;2;236;236;238m██[38;2;239;239;243m██[38;2;222;230;236m██[38;2;221;220;220m██[38;2;255;240;236m██[38;2;210;193;189m██[38;2;199;172;165m██[38;2;187;182;183m██[38;2;239;239;243m██[38;2;241;241;245m██[38;2;209;218;224m██[38;2;63;107;141m██[38;2;70;59;71m██[38;2;99;82;119m██[38;2;110;82;94m██[38;2;238;238;242m██[38;2;181;142;132m██[38;2;247;236;232m██[38;2;97;80;115m██[38;2;99;82;119m██[38;2;99;82;118m██[38;2;84;66;87m██[38;2;203;195;191m██[38;2;100;82;121m██[38;2;91;74;102m██
[38;2;43;43;52m  [38;2;120;151;176m  [38;2;185;193;201m██[38;2;139;136;140m██[38;2;194;196;200m██[38;2;191;193;196m██[38;2;244;238;234m██[38;2;255;240;236m██[38;2;252;240;235m██[38;2;241;241;242m██[38;2;239;239;241m██[38;2;239;229;224m██[38;2;241;241;245m██[38;2;239;239;242m██[38;2;213;210;210m██[38;2;64;108;142m██[38;2;66;112;147m██[38;2;99;82;118m██[38;2;159;132;128m██[38;2;239;239;241m██[38;2;189;157;149m██[38;2;255;242;237m██[38;2;249;241;237m██[38;2;85;67;91m██[38;2;99;82;118m██[38;2;78;58;60m██[38;2;253;239;235m██[38;2;97;79;116m██[38;2;98;81;118m  
[38;2;65;56;55m  [38;2;217;223;227m██[38;2;179;187;195m██[38;2;192;190;191m██[38;2;236;228;224m██[38;2;254;241;237m██[38;2;255;239;235m████[38;2;255;240;236m██[38;2;238;236;238m██[38;2;240;240;243m██[38;2;230;211;204m██[38;2;234;232;234m██[38;2;228;227;228m██[38;2;239;239;240m██[38;2;92;131;160m██[38;2;64;103;135m██[38;2;83;59;68m██[38;2;207;188;183m██[38;2;239;239;243m██[38;2;230;209;203m██[38;2;255;242;238m██[38;2;255;239;235m██[38;2;255;239;234m██[38;2;207;199;200m██[38;2;234;224;221m██[38;2;159;132;125m██[38;2;99;81;110m██[38;2;99;82;119m██
[38;2;62;64;73m  [38;2;201;204;208m██[38;2;127;125;129m██[38;2;211;200;196m██[38;2;255;241;236m██[38;2;255;241;237m██[38;2;255;239;235m██[38;2;255;240;236m██[38;2;255;239;235m██[38;2;220;203;198m██[38;2;239;239;240m██[38;2;217;193;187m██[38;2;218;216;216m██[38;2;218;217;217m██[38;2;238;237;238m██[38;2;234;232;232m██[38;2;74;58;71m██[38;2;100;80;103m██[38;2;197;169;162m██[38;2;223;212;209m██[38;2;255;243;239m██[38;2;255;240;236m██[38;2;255;239;235m██[38;2;255;240;236m██[38;2;255;239;235m██[38;2;201;174;167m██[38;2;230;212;206m██[38;2;99;77;100m██[38;2;98;82;118m██
[38;2;57;86;110m  [38;2;183;184;189m██[38;2;207;202;200m██[38;2;179;159;155m██[38;2;171;136;128m██[38;2;255;240;236m██████[38;2;255;239;235m██[38;2;233;214;208m██[38;2;221;208;204m██[38;2;246;192;182m██[38;2;201;192;193m██[38;2;234;234;236m██[38;2;242;242;245m██[38;2;97;105;117m██[38;2;115;92;112m██[38;2;170;152;153m██[38;2;242;169;158m██[38;2;246;233;228m██[38;2;255;240;236m██████[38;2;255;241;237m██[38;2;249;238;234m██[38;2;241;242;244m██[38;2;209;193;190m██[38;2;97;78;108m██[38;2;101;83;121m██
[38;2;60;105;139m  [38;2;203;202;204m██[38;2;240;234;230m██[38;2;243;245;247m██[38;2;239;238;240m██[38;2;255;243;239m██[38;2;255;240;236m██[38;2;255;239;235m██[38;2;217;190;182m██[38;2;255;241;236m██[38;2;255;238;234m██[38;2;244;186;176m██[38;2;210;209;211m██[38;2;237;238;241m██[38;2;239;239;243m██[38;2;97;117;134m██[38;2;157;122;115m██[38;2;240;231;227m██[38;2;249;207;199m██[38;2;239;222;216m██[38;2;255;241;237m██[38;2;255;239;235m████[38;2;255;240;236m██[38;2;192;162;154m██[38;2;239;239;242m██[38;2;226;216;214m██[38;2;94;75;110m██[38;2;100;83;121m██
[38;2;69;115;149m██[38;2;243;243;244m██[38;2;223;215;212m██[38;2;243;244;247m██[38;2;240;241;245m██[38;2;254;241;237m██[38;2;255;239;234m██[38;2;209;165;155m██[38;2;241;166;155m██[38;2;206;149;138m██[38;2;255;239;235m██[38;2;254;238;234m██[38;2;207;205;205m██[38;2;199;216;229m██[38;2;241;241;245m██[38;2;101;91;91m██[38;2;199;149;120m██[38;2;254;245;240m██[38;2;255;241;238m██[38;2;239;165;153m██[38;2;237;164;152m██[38;2;214;191;185m██[38;2;248;236;231m██[38;2;255;240;236m██[38;2;196;163;154m██[38;2;239;239;242m██[38;2;211;187;180m██[38;2;100;82;120m██[38;2;102;84;123m██
[38;2;71;114;146m██[38;2;242;243;245m██[38;2;207;196;193m██[38;2;230;226;226m██[38;2;240;242;245m██[38;2;252;240;235m██[38;2;224;199;192m██[38;2;243;169;157m██[38;2;242;167;156m██[38;2;243;169;157m██[38;2;251;240;236m██[38;2;255;239;235m██[38;2;254;238;234m██[38;2;177;197;215m██[38;2;239;241;244m██[38;2;178;134;98m██[38;2;208;155;111m██[38;2;254;238;234m██[38;2;212;175;167m██[38;2;243;168;157m██[38;2;242;167;156m██[38;2;242;166;156m██[38;2;236;162;150m██[38;2;213;180;172m██[38;2;246;232;228m██[38;2;241;242;244m██[38;2;236;222;217m██[38;2;100;82;120m██[38;2;98;81;117m██
[38;2;70;113;146m██[38;2;242;242;245m██[38;2;215;208;206m██[38;2;209;185;178m██[38;2;212;196;192m██[38;2;254;241;237m██[38;2;227;155;144m██[38;2;242;167;156m██[38;2;242;166;155m██[38;2;242;169;157m██[38;2;223;155;143m██[38;2;255;240;236m██[38;2;254;239;235m██[38;2;169;189;206m██[38;2;162;156;156m██[38;2;233;175;116m██[38;2;197;149;110m██[38;2;254;238;234m██[38;2;227;158;147m██[38;2;243;168;157m██[38;2;242;168;156m██[38;2;243;168;157m██[38;2;241;165;154m██[38;2;228;153;142m██[38;2;254;242;238m██[38;2;242;244;246m██[38;2;200;183;180m██[38;2;115;93;116m██[38;2;104;85;111m██
[38;2;59;104;139m██[38;2;238;238;240m██[38;2;207;204;204m██[38;2;214;201;198m██[38;2;219;200;194m██[38;2;255;238;234m██[38;2;230;157;145m██[38;2;243;167;156m██[38;2;242;169;157m██[38;2;242;167;156m██[38;2;243;169;158m██[38;2;229;213;206m██[38;2;254;238;234m██[38;2;155;179;201m██[38;2;103;92;93m██[38;2;231;174;116m██[38;2;197;159;131m██[38;2;255;239;235m██[38;2;215;149;138m██[38;2;243;168;157m██[38;2;243;168;156m██[38;2;241;166;155m██[38;2;243;169;158m██[38;2;220;152;140m██[38;2;255;239;235m██[38;2;207;144;133m██[38;2;155;124;117m██[38;2;155;120;116m██[38;2;123;95;101m  
[38;2;58;104;138m██[38;2;217;214;215m██[38;2;241;241;244m██[38;2;252;244;240m██[38;2;244;174;164m██[38;2;255;239;235m██[38;2;206;166;157m██[38;2;243;167;156m██[38;2;243;169;158m██[38;2;243;167;157m██[38;2;241;167;156m██[38;2;202;137;126m██[38;2;254;237;233m██[38;2;143;179;208m██[38;2;117;101;101m██[38;2;237;180;119m██[38;2;137;104;98m██[38;2;255;240;236m██[38;2;255;242;238m██[38;2;205;162;152m██[38;2;242;167;156m██[38;2;243;167;157m██[38;2;242;167;156m██[38;2;230;201;193m██[38;2;255;240;236m██[38;2;254;239;235m██[38;2;187;136;105m██[38;2;196;146;117m██[38;2;147;120;115m██
[38;2;64;109;143m██[38;2;242;242;243m██[38;2;204;201;201m██[38;2;210;203;201m██[38;2;254;241;237m██[38;2;255;239;235m██[38;2;250;240;235m██[38;2;243;169;158m██[38;2;243;170;158m████[38;2;238;166;154m██[38;2;255;242;239m██[38;2;244;237;233m██[38;2;121;140;159m██[38;2;93;71;97m██[38;2;215;159;109m██[38;2;111;70;60m██[38;2;189;177;175m██[38;2;255;240;236m██[38;2;255;241;237m██[38;2;195;152;142m██[38;2;208;147;135m██[38;2;244;170;158m██[38;2;255;242;238m██[38;2;255;239;235m██[38;2;252;242;237m██[38;2;230;175;118m██[38;2;214;161;117m██[38;2;115;75;67m  
[38;2;66;112;146m██[38;2;246;247;247m██[38;2;245;245;247m██[38;2;172;169;172m██[38;2;178;171;171m██[38;2;255;239;235m██[38;2;255;239;234m██[38;2;234;161;150m██[38;2;243;169;157m██[38;2;190;124;112m██[38;2;255;242;238m██[38;2;254;243;239m██[38;2;179;192;204m██[38;2;189;186;187m██[38;2;221;212;208m██[38;2;175;132;105m██[38;2;133;104;99m██[38;2;125;110;109m██[38;2;245;239;236m██[38;2;255;240;236m████[38;2;255;242;238m██[38;2;238;223;218m██[38;2;255;240;235m██[38;2;255;240;236m██[38;2;169;140;127m██[38;2;229;173;116m██[38;2;129;91;71m  [38;2;32;0;0m  
[38;2;62;93;118m██[38;2;75;61;59m██[38;2;238;238;242m██[38;2;199;216;230m██[38;2;222;218;216m██[38;2;255;239;235m██[38;2;255;240;236m██[38;2;207;173;164m██[38;2;193;162;154m██[38;2;255;239;235m██[38;2;255;243;238m██[38;2;136;144;153m██[38;2;243;243;245m██[38;2;61;104;138m██[38;2;255;240;236m██[38;2;194;162;146m██[38;2;253;243;238m██[38;2;148;139;139m██[38;2;238;238;238m██[38;2;246;238;234m██[38;2;255;241;237m██[38;2;255;240;236m██████[38;2;254;241;238m██[38;2;227;171;115m██[38;2;228;172;116m██[38;2;91;62;56m  [38;2;0;0;0m  
[38;2;92;84;84m  [38;2;121;121;121m  [38;2;108;97;95m  [38;2;183;206;225m██[38;2;214;226;235m██[38;2;212;207;205m██[38;2;255;239;235m██[38;2;245;235;231m██[38;2;206;199;199m██[38;2;222;218;217m██[38;2;109;103;105m██[38;2;214;211;211m██[38;2;70;74;84m██[38;2;65;96;123m██[38;2;190;168;162m██[38;2;162;129;120m██[38;2;139;107;99m██[38;2;94;68;62m██[38;2;67;52;55m██[38;2;197;193;194m██[38;2;175;166;165m██[38;2;254;246;242m████[38;2;185;173;168m██[38;2;101;67;62m██[38;2;227;171;117m██[38;2;99;75;98m██[38;2;55;45;44m  [38;2;0;0;0m  
[38;2;0;0;0m    [38;2;93;89;89m  [38;2;71;57;55m  [38;2;162;175;189m██[38;2;200;215;229m██[38;2;57;64;78m██[38;2;69;105;132m██[38;2;84;123;153m██[38;2;101;139;166m██[38;2;125;157;180m██[38;2;164;185;202m██[38;2;202;213;222m██[38;2;237;233;231m██[38;2;196;175;169m██[38;2;142;96;86m██[38;2;253;239;235m██[38;2;254;240;236m██[38;2;254;240;235m██[38;2;253;242;238m██[38;2;251;243;240m██[38;2;119;106;103m██[38;2;65;49;52m██[38;2;103;86;125m██[38;2;219;164;113m██[38;2;99;79;107m██[38;2;91;71;93m  [38;2;53;37;37m  [38;2;0;0;0m  
[38;2;0;0;0m      [38;2;96;96;96m  [38;2;59;53;52m  [38;2;55;67;82m  [38;2;70;87;105m██[38;2;74;116;148m██[38;2;84;124;155m██[38;2;102;138;165m██[38;2;135;163;183m██[38;2;179;195;207m██[38;2;217;224;229m██[38;2;225;217;213m██[38;2;255;239;235m██[38;2;254;240;236m██[38;2;193;162;154m██[38;2;255;239;235m██[38;2;255;241;237m██[38;2;255;240;236m██████[38;2;227;221;216m██[38;2;92;69;86m██[38;2;99;75;98m██[38;2;100;83;120m██[38;2;73;48;45m  [38;2;16;16;16m  [38;2;0;0;0m  
[38;2;0;0;0m        [38;2;48;48;48m  [38;2;61;87;110m  [38;2;65;109;143m██[38;2;73;117;150m██[38;2;87;126;156m██[38;2;107;142;167m██[38;2;141;166;185m██[38;2;185;200;210m██[38;2;222;227;232m██[38;2;222;215;210m██[38;2;255;241;237m██[38;2;247;238;233m██[38;2;251;240;236m██[38;2;255;240;236m██[38;2;255;242;238m██[38;2;255;241;237m██[38;2;255;239;235m██[38;2;255;240;236m██[38;2;235;227;223m██[38;2;100;83;121m██[38;2;101;84;121m██[38;2;102;84;123m██[38;2;68;50;47m  [38;2;0;0;0m    
[38;2;0;0;0m          [38;2;62;101;132m  [38;2;62;95;122m██[38;2;71;115;148m██[38;2;83;124;155m██[38;2;105;140;166m██[38;2;145;169;187m██[38;2;191;204;213m██[38;2;225;230;233m██[38;2;231;223;218m██[38;2;209;195;191m██[38;2;192;170;165m██[38;2;227;217;214m██[38;2;255;239;235m██[38;2;255;240;236m████[38;2;255;239;235m████[38;2;207;201;196m██[38;2;100;83;120m██[38;2;98;81;118m██[38;2;102;84;122m██[38;2;42;34;33m  [38;2;0;0;0m    [0m
