
[38;2;0;0;0m    [38;2;163;150;147m██[38;2;16;1;39m  [38;2;20;3;41m██[38;2;255;245;214m██[38;2;255;243;213m██[38;2;252;252;223m██[38;2;0;0;0m        [38;2;21;2;43m  [38;2;39;32;58m██[38;2;20;2;41m██[38;2;0;0;0m                      [38;2;20;2;42m  [38;2;0;0;0m      
[38;2;0;0;0m  [38;2;36;33;43m██[38;2;254;253;230m██[38;2;248;246;223m██[38;2;255;243;213m██████[38;2;12;1;34m██[38;2;0;0;0m      [38;2;9;1;18m  [38;2;108;100;135m██[38;2;38;31;57m██[38;2;21;2;42m  [38;2;21;2;44m  [38;2;20;1;43m██[38;2;19;2;38m  [38;2;0;0;0m              [38;2;20;2;41m    [38;2;0;0;0m      
[38;2;139;132;132m  [38;2;255;243;213m██[38;2;30;26;36m██[38;2;255;243;213m██████[38;2;138;129;132m██[38;2;0;0;0m        [38;2;15;2;36m██[38;2;40;33;59m██[38;2;23;15;43m██[38;2;25;17;45m██[38;2;21;7;41m██[38;2;0;0;0m              [38;2;20;2;41m  [38;2;19;1;40m  [38;2;255;244;213m██[38;2;20;2;42m  [38;2;0;0;0m      
[38;2;255;243;213m████████[38;2;255;243;212m██[38;2;12;1;37m██[38;2;0;0;0m  [38;2;16;4;32m  [38;2;23;3;43m  [38;2;21;3;42m  [38;2;0;0;0m  [38;2;1;0;1m  [38;2;21;2;43m██[38;2;23;15;43m██[38;2;21;6;41m  [38;2;8;1;16m  [38;2;1;0;18m██[38;2;144;136;135m██[38;2;210;205;186m██[38;2;83;70;88m██[38;2;16;0;39m██[38;2;24;6;43m  [38;2;179;165;157m██[38;2;255;246;215m██[38;2;255;243;213m████[38;2;20;2;41m  [38;2;0;0;0m      
[38;2;255;242;212m██[38;2;255;249;217m██[38;2;219;187;170m██[38;2;34;26;41m██[38;2;153;147;145m██[38;2;88;76;92m██[38;2;255;243;215m██[38;2;255;242;212m██[38;2;255;243;213m████[38;2;220;188;170m██[38;2;124;99;106m██[38;2;20;2;42m  [38;2;23;15;43m██[38;2;20;1;41m  [38;2;235;213;190m██[38;2;209;172;158m██[38;2;208;171;157m██[38;2;212;175;158m██[38;2;234;211;188m██[38;2;255;243;213m██████  ██[38;2;52;34;65m  [38;2;0;0;0m        
[38;2;211;175;160m██[38;2;219;182;165m██[38;2;168;163;156m██[38;2;255;243;213m██████████████[38;2;255;245;215m██[38;2;218;187;169m██[38;2;210;174;159m██[38;2;17;1;38m██[38;2;212;176;160m██[38;2;211;175;160m██[38;2;244;231;204m██[38;2;255;249;218m██[38;2;255;243;213m██[38;2;255;242;212m██[38;2;255;246;215m██[38;2;30;12;48m██[38;2;240;229;203m██[38;2;255;243;213m██[38;2;135;120;125m██[38;2;20;2;41m  [38;2;13;1;27m  [38;2;0;0;0m    [38;2;49;41;76m  
[38;2;210;174;159m██[38;2;138;132;133m  [38;2;255;243;213m████████████████████[38;2;240;225;199m██[38;2;210;175;160m██[38;2;15;9;35m██[38;2;210;174;160m████[38;2;220;183;166m██[38;2;80;63;78m██[38;2;25;10;44m██[38;2;178;146;140m██[38;2;209;172;158m████[38;2;143;113;117m██[38;2;189;155;146m██[38;2;20;2;41m  [38;2;0;0;0m    [38;2;19;1;41m██[38;2;19;1;40m██
[38;2;0;0;20m██[38;2;255;243;213m████████████████████████[38;2;255;244;213m██[38;2;207;171;157m██[38;2;20;2;42m  [38;2;21;2;42m  [38;2;22;2;46m  [38;2;6;2;30m██[38;2;219;182;165m██[38;2;213;177;161m██[38;2;211;176;161m██[38;2;149;121;123m  [38;2;22;4;42m  [38;2;20;2;41m  [38;2;0;0;0m    [38;2;20;2;42m██[38;2;20;1;40m██[38;2;45;36;71m██
[38;2;255;252;240m██[38;2;255;243;213m██████████████████[38;2;69;64;71m██[38;2;252;252;234m██[38;2;255;243;213m████[38;2;255;249;221m██[38;2;56;35;62m  [38;2;0;0;1m  [38;2;0;0;0m      [38;2;19;2;40m    [38;2;0;0;0m      [38;2;3;3;3m  [38;2;21;2;44m██[38;2;74;75;106m██[38;2;111;106;136m██[38;2;116;107;137m  
[38;2;255;245;215m██[38;2;255;243;213m████████████[38;2;255;255;255m██[38;2;255;252;243m██[38;2;255;243;213m████[38;2;255;244;214m██[38;2;5;1;29m██[38;2;225;187;168m██[38;2;211;174;160m██[38;2;210;174;159m██[38;2;10;0;35m██[38;2;16;2;33m  [38;2;0;0;0m              [38;2;20;2;42m  [38;2;196;171;206m██[38;2;121;113;142m██[38;2;124;116;145m██[38;2;26;9;47m  
[38;2;111;97;106m██[38;2;255;248;233m██[38;2;255;242;210m██[38;2;255;243;213m██████[38;2;207;203;184m██[38;2;255;242;211m██[38;2;255;255;255m██[38;2;255;243;213m██[38;2;240;224;198m██[38;2;208;170;156m██[38;2;211;174;159m██[38;2;211;176;161m██[38;2;63;48;67m██[38;2;209;174;159m██[38;2;210;174;159m██[38;2;210;176;161m██[38;2;21;2;44m  [38;2;0;0;0m          [38;2;20;2;42m██[38;2;225;192;217m██[38;2;194;170;205m██[38;2;122;113;143m██[38;2;121;113;142m██[38;2;25;7;46m██
[38;2;255;241;210m██[38;2;255;255;255m██[38;2;255;252;246m██[38;2;255;243;213m██[38;2;239;238;216m██[38;2;255;243;213m██[38;2;255;252;221m██[38;2;255;243;213m████[38;2;255;243;212m██[38;2;255;243;213m██████[38;2;255;244;214m██[38;2;233;211;188m██[38;2;171;140;135m██[38;2;126;99;107m██[38;2;210;174;160m██[38;2;13;7;37m██[38;2;0;0;0m      [38;2;13;1;35m  [38;2;20;2;41m██[38;2;226;193;218m██[38;2;221;189;215m██[38;2;183;160;195m██[38;2;106;96;126m██[38;2;21;3;42m██[38;2;0;0;0m  
[38;2;255;243;213m████████[38;2;246;244;219m██[38;2;255;243;213m██[38;2;255;241;211m██[38;2;225;187;169m██[38;2;247;246;223m██[38;2;255;242;213m██[38;2;255;243;213m██[38;2;255;242;213m██[38;2;255;243;213m██[38;2;255;248;217m██[38;2;234;213;189m██[38;2;209;172;158m██[38;2;211;175;160m██[38;2;221;184;166m██[38;2;33;24;48m  [38;2;17;1;39m██[38;2;0;0;0m  [38;2;20;2;41m  [38;2;55;36;72m  [38;2;224;191;216m████[38;2;192;168;203m██[38;2;19;2;40m██[38;2;0;0;0m      
[38;2;251;248;217m██[38;2;255;243;213m██████[38;2;187;153;145m██[38;2;255;243;213m██[38;2;255;242;212m██[38;2;192;157;148m██[38;2;210;175;159m██[38;2;21;2;41m██[38;2;106;86;94m██[38;2;215;178;163m██[38;2;210;175;160m██[38;2;211;175;160m████[38;2;211;176;160m██[38;2;149;121;121m██[38;2;20;3;41m██[38;2;221;184;167m██[38;2;224;187;168m██[38;2;19;2;40m██[38;2;228;195;220m  [38;2;224;191;216m████[38;2;215;184;213m██[38;2;193;169;204m██[38;2;12;1;26m  [38;2;0;0;0m      
[38;2;57;53;65m██[38;2;196;189;180m██[38;2;254;252;221m██[38;2;211;175;160m██[38;2;62;47;64m██[38;2;228;202;181m██[38;2;208;170;156m██[38;2;126;96;109m██[38;2;6;4;32m██[38;2;52;43;60m██[38;2;20;2;41m██[38;2;31;24;51m██[38;2;240;236;238m██[38;2;185;174;174m██[38;2;17;1;38m██[38;2;242;204;180m██[38;2;211;175;160m██[38;2;230;192;171m██[38;2;20;2;41m██[38;2;7;5;29m██[38;2;90;74;101m██[38;2;224;191;216m██████[38;2;196;172;207m██[38;2;20;2;41m  [38;2;0;0;0m        [0m
