
[38;2;0;0;0m          [38;2;91;66;76m  [38;2;250;246;253m██[38;2;152;143;156m██[38;2;244;238;252m██[38;2;241;236;252m██████[38;2;245;241;253m██[38;2;244;239;253m██[38;2;241;236;252m████████[38;2;241;235;247m██[38;2;245;237;251m██[38;2;242;236;252m██[38;2;246;239;253m██[38;2;149;141;149m██[38;2;221;216;220m  [38;2;118;88;98m  [38;2;0;0;0m          
[38;2;0;0;0m        [38;2;164;144;152m  [38;2;246;239;253m  [38;2;194;188;201m██[38;2;242;235;252m██[38;2;241;236;252m████████[38;2;243;238;253m██[38;2;242;237;253m██[38;2;241;236;252m████████[38;2;239;236;251m██[38;2;221;215;225m██[38;2;241;236;252m██████[38;2;233;225;235m██[38;2;228;224;227m  [38;2;149;118;120m  [38;2;0;0;0m        
[38;2;0;0;0m      [38;2;121;116;119m  [38;2;247;238;252m  [38;2;211;205;218m██[38;2;242;237;252m██[38;2;238;233;246m██[38;2;241;236;252m████████[38;2;236;231;243m██[38;2;240;235;252m██[38;2;241;236;252m████████[38;2;239;237;252m██[38;2;203;197;208m██[38;2;241;236;252m██████[38;2;227;223;234m██[38;2;239;233;241m██[38;2;247;242;246m  [38;2;0;0;0m        
[38;2;0;0;0m    [38;2;128;128;128m  [38;2;253;251;254m  [38;2;243;236;252m██[38;2;244;237;253m██[38;2;220;215;227m██[38;2;241;236;252m████[38;2;239;234;248m██[38;2;241;236;252m████[38;2;227;222;234m██[38;2;240;235;251m██[38;2;241;236;252m████████[38;2;217;212;226m██[38;2;235;225;237m██[38;2;242;235;251m██[38;2;241;236;252m████[38;2;241;236;251m██[38;2;235;230;242m██[38;2;199;192;205m██[38;2;131;100;109m  [38;2;0;0;0m      
[38;2;0;0;0m    [38;2;222;202;210m  [38;2;242;236;252m██[38;2;222;216;229m██[38;2;240;235;251m██[38;2;220;214;226m██[38;2;241;236;252m████[38;2;198;193;207m██[38;2;241;236;252m████[38;2;171;165;180m██[38;2;241;236;252m██████████[38;2;208;203;216m██[38;2;249;240;253m██[38;2;246;239;252m██[38;2;241;236;252m████[38;2;241;237;249m██[38;2;200;196;206m██[38;2;241;236;252m██[38;2;253;251;253m  [38;2;128;128;128m  [38;2;0;0;0m    
[38;2;0;0;0m  [38;2;64;64;64m  [38;2;253;249;255m  [38;2;240;235;253m██[38;2;231;226;238m██[38;2;244;239;253m██[38;2;244;238;252m██[38;2;241;236;252m████[38;2;216;212;224m██[38;2;241;236;250m██[38;2;205;196;210m██[38;2;153;137;149m██[38;2;241;236;252m██[38;2;242;236;252m██[38;2;241;236;252m██████[38;2;202;197;210m██[38;2;210;202;214m██[38;2;182;175;188m██[38;2;242;236;252m██[38;2;241;236;252m████[38;2;231;224;237m██[38;2;240;235;251m██[38;2;248;236;253m  [38;2;68;48;57m  [38;2;0;0;0m    
[38;2;0;0;0m  [38;2;111;99;104m  [38;2;244;238;254m██[38;2;242;237;251m██[38;2;243;237;251m██[38;2;218;210;224m██[38;2;242;236;252m██[38;2;241;236;252m██[38;2;242;237;253m██[38;2;199;194;207m██[38;2;244;238;251m██[38;2;246;237;251m██[38;2;190;173;180m██[38;2;243;235;251m██[38;2;231;227;242m██[38;2;241;236;252m██████[38;2;200;196;210m██[38;2;244;235;251m██[38;2;176;156;166m██[38;2;237;228;241m██[38;2;225;217;229m██[38;2;241;236;252m██[38;2;244;238;253m██[38;2;245;239;252m██[38;2;240;229;242m██[38;2;224;209;216m  [38;2;0;0;0m    
[38;2;64;64;64m  [38;2;244;238;241m  [38;2;241;237;252m██[38;2;212;205;220m██[38;2;241;236;252m██[38;2;208;201;216m██[38;2;241;236;252m████[38;2;246;241;253m██[38;2;245;238;253m██[38;2;241;236;252m██[38;2;246;238;251m██[38;2;210;196;202m██[38;2;241;236;251m██[38;2;199;194;209m██[38;2;241;236;252m██████[38;2;201;196;210m██[38;2;241;236;251m██[38;2;202;179;184m██[38;2;244;235;248m██[38;2;206;197;211m██[38;2;241;236;252m██[38;2;241;236;251m██[38;2;227;220;231m██[38;2;207;198;211m██[38;2;252;250;252m  [38;2;128;128;128m  [38;2;0;0;0m  
[38;2;128;128;128m  [38;2;254;253;255m  [38;2;241;236;252m██[38;2;211;204;218m██[38;2;241;235;251m██[38;2;227;220;234m██[38;2;243;235;252m██[38;2;241;236;252m██[38;2;240;233;247m██[38;2;243;235;251m██[38;2;241;236;252m██[38;2;230;220;228m██[38;2;205;195;197m██[38;2;241;235;252m██[38;2;211;200;215m██[38;2;242;236;252m██[38;2;243;236;252m██[38;2;242;236;252m██[38;2;203;196;208m██[38;2;241;236;250m██[38;2;211;199;204m██[38;2;243;237;250m██[38;2;202;192;206m██[38;2;242;236;252m██[38;2;241;236;252m██[38;2;205;196;210m██[38;2;203;195;207m██[38;2;210;205;210m  [38;2;128;128;128m  [38;2;0;0;0m  
[38;2;96;96;96m  [38;2;249;246;254m  [38;2;243;235;252m██[38;2;232;225;238m██[38;2;245;235;253m██[38;2;240;234;249m██[38;2;240;235;250m██[38;2;241;237;252m██[38;2;207;198;210m██[38;2;242;234;250m██[38;2;241;236;252m██[38;2;211;203;205m██[38;2;211;200;201m██[38;2;246;237;253m██[38;2;219;206;219m██[38;2;243;236;252m██████[38;2;209;197;209m██[38;2;242;237;252m██[38;2;216;204;202m██[38;2;247;238;252m██[38;2;214;204;218m██[38;2;241;236;252m████[38;2;201;191;205m██[38;2;216;205;220m██[38;2;211;204;212m  [38;2;128;128;128m  [38;2;0;0;0m  
[38;2;128;128;128m  [38;2;250;247;254m  [38;2;245;236;253m██[38;2;241;234;249m██[38;2;247;238;253m██[38;2;244;238;252m██[38;2;238;230;244m██[38;2;242;237;252m██[38;2;188;174;188m██[38;2;241;235;252m██[38;2;241;236;252m██[38;2;210;199;196m██[38;2;215;204;205m██[38;2;249;239;252m██[38;2;220;213;212m██[38;2;243;236;252m██████[38;2;217;206;215m██[38;2;246;237;254m██[38;2;215;199;194m██[38;2;249;240;250m██[38;2;212;202;212m██[38;2;241;235;251m██[38;2;241;236;252m██[38;2;205;195;210m██[38;2;227;220;232m██[38;2;221;212;221m  [38;2;134;116;121m  [38;2;0;0;0m  
[38;2;128;128;128m  [38;2;251;247;254m  [38;2;243;237;253m██[38;2;243;236;252m██[38;2;245;238;253m██[38;2;247;240;255m██[38;2;246;237;253m██[38;2;242;236;252m██[38;2;195;185;189m██[38;2;241;234;251m██[38;2;243;235;251m██[38;2;226;215;211m██[38;2;224;212;212m██[38;2;238;231;231m██[38;2;222;209;209m██[38;2;248;234;244m██[38;2;238;226;234m██[38;2;244;233;246m██[38;2;207;194;199m██[38;2;249;239;250m██[38;2;219;205;200m██[38;2;246;236;247m██[38;2;221;209;220m██[38;2;243;236;251m██[38;2;241;236;252m██[38;2;212;204;217m██[38;2;231;223;236m██[38;2;244;237;246m██[38;2;144;107;121m  [38;2;0;0;0m  
[38;2;128;128;128m  [38;2;251;248;254m  [38;2;242;237;253m██[38;2;243;237;252m██[38;2;243;236;252m██[38;2;246;239;253m██[38;2;248;237;253m██[38;2;242;236;251m██[38;2;209;201;204m██[38;2;243;234;247m██[38;2;231;219;226m██[38;2;249;239;231m██[38;2;250;237;225m██[38;2;251;237;226m██[38;2;254;236;228m██[38;2;253;237;231m██[38;2;254;235;226m██[38;2;254;237;226m████[38;2;252;237;226m██[38;2;248;234;223m██[38;2;217;205;199m██[38;2;220;206;209m██[38;2;248;239;250m██[38;2;242;236;252m██[38;2;213;208;221m██[38;2;227;218;232m██[38;2;248;242;253m██[38;2;116;107;111m  [38;2;0;0;0m  
[38;2;0;0;0m  [38;2;248;248;254m  [38;2;243;238;253m██[38;2;244;236;251m██[38;2;243;235;251m██[38;2;246;238;253m██[38;2;245;237;253m██[38;2;248;236;251m██[38;2;240;228;215m██[38;2;243;228;213m██[38;2;236;220;206m██[38;2;229;214;208m██[38;2;241;225;218m██[38;2;252;238;227m██[38;2;254;237;227m██[38;2;253;238;227m██[38;2;252;238;227m████[38;2;240;225;215m██[38;2;186;164;163m██[38;2;201;183;181m██[38;2;241;222;211m██[38;2;254;238;224m██[38;2;205;193;192m██[38;2;248;237;249m██[38;2;214;208;220m██[38;2;220;214;227m██[38;2;249;243;253m██[38;2;224;206;211m  [38;2;0;0;0m  
[38;2;0;0;0m  [38;2;250;248;254m  [38;2;244;237;253m██[38;2;243;233;249m██[38;2;244;231;252m██[38;2;249;240;255m██[38;2;229;220;226m██[38;2;248;234;231m██[38;2;141;116;123m██[38;2;97;72;95m██[38;2;99;73;96m██[38;2;96;71;92m██[38;2;113;86;101m██[38;2;250;235;225m██[38;2;254;237;227m██[38;2;252;238;227m██[38;2;254;237;227m██[38;2;252;238;227m██[38;2;208;191;180m██[38;2;156;126;142m██[38;2;124;96;114m██[38;2;101;68;94m██[38;2;105;72;99m██[38;2;235;212;212m██[38;2;245;231;226m██[38;2;188;179;185m██[38;2;210;203;212m██[38;2;246;240;250m██[38;2;238;229;232m  [38;2;0;0;0m  
[38;2;0;0;0m  [38;2;250;247;254m  [38;2;245;237;253m██[38;2;246;225;248m██[38;2;244;221;249m██[38;2;231;218;229m██[38;2;253;238;231m██[38;2;243;221;219m██[38;2;212;181;189m██[38;2;251;216;219m██[38;2;252;218;217m██[38;2;251;223;216m██[38;2;253;231;222m██[38;2;252;236;225m██[38;2;253;237;227m██[38;2;253;238;226m██[38;2;253;238;227m██[38;2;252;238;226m██[38;2;253;235;223m██[38;2;252;225;220m██[38;2;253;215;217m██[38;2;249;209;214m██[38;2;250;218;223m██[38;2;212;179;180m██[38;2;252;230;222m██[38;2;234;220;222m██[38;2;203;187;201m██[38;2;243;231;248m██[38;2;249;247;247m  [38;2;128;128;128m  
[38;2;0;0;0m  [38;2;251;248;253m  [38;2;236;228;243m██[38;2;244;209;242m██[38;2;245;208;247m██[38;2;242;206;235m██[38;2;253;229;224m██[38;2;251;217;218m██[38;2;252;227;229m██[38;2;250;205;213m██[38;2;246;194;205m██[38;2;244;199;205m██[38;2;253;222;220m██[38;2;254;234;225m██[38;2;252;238;225m██████[38;2;254;237;225m██[38;2;255;234;225m██[38;2;254;219;218m██[38;2;246;195;206m██[38;2;247;192;205m██[38;2;255;229;235m██[38;2;250;208;215m██[38;2;255;218;220m██[38;2;186;162;163m██[38;2;243;213;239m██[38;2;236;215;240m██[38;2;255;252;253m  [38;2;128;128;128m  
[38;2;0;0;0m  [38;2;248;243;253m  [38;2;230;222;237m██[38;2;243;203;241m██[38;2;245;197;244m██[38;2;247;201;238m██[38;2;254;225;222m██[38;2;250;207;214m██[38;2;252;195;207m██[38;2;253;195;208m██[38;2;249;192;204m██[38;2;247;196;205m██[38;2;252;215;215m██[38;2;255;231;224m██[38;2;253;238;225m██[38;2;252;238;225m████[38;2;253;238;225m██[38;2;255;234;225m██[38;2;254;222;219m██[38;2;253;206;214m██[38;2;250;193;207m██[38;2;249;192;206m██[38;2;248;191;205m██[38;2;254;213;217m██[38;2;212;177;190m██[38;2;241;204;246m██[38;2;219;190;219m██[38;2;254;251;254m  [38;2;64;64;64m  
[38;2;48;16;24m  [38;2;246;242;254m  [38;2;235;227;243m██[38;2;238;189;233m██[38;2;245;189;241m██[38;2;247;192;234m██[38;2;255;226;225m██[38;2;254;216;220m██[38;2;251;207;215m██[38;2;252;202;212m██[38;2;250;202;210m██[38;2;252;208;214m██[38;2;255;221;220m██[38;2;254;233;224m██[38;2;252;238;225m██████[38;2;254;238;225m██[38;2;254;235;224m██[38;2;255;230;223m██[38;2;255;221;221m██[38;2;254;213;219m██[38;2;252;207;215m██[38;2;252;209;216m██[38;2;252;221;218m██[38;2;220;178;201m██[38;2;242;196;241m██[38;2;215;176;206m██[38;2;249;241;253m██[38;2;78;64;71m  
[38;2;102;88;91m  [38;2;242;238;253m██[38;2;228;222;238m██[38;2;234;181;228m██[38;2;246;183;238m██[38;2;245;187;235m██[38;2;255;230;228m██[38;2;253;229;224m██[38;2;253;224;221m██[38;2;252;219;218m██[38;2;254;220;219m██[38;2;254;223;222m██[38;2;254;231;224m██[38;2;255;237;226m██[38;2;252;238;225m██[38;2;253;241;227m██[38;2;254;239;227m██[38;2;255;236;224m██[38;2;252;238;225m██[38;2;254;237;227m██[38;2;255;233;226m██[38;2;255;227;225m██[38;2;254;226;225m██[38;2;255;228;224m██[38;2;254;229;222m██[38;2;238;187;227m██[38;2;246;190;240m██[38;2;203;164;195m██[38;2;245;237;254m██[38;2;113;105;109m  
[38;2;114;102;107m  [38;2;242;236;252m██[38;2;225;219;234m██[38;2;230;175;223m██[38;2;244;178;235m██[38;2;246;181;238m██[38;2;254;236;228m██[38;2;254;235;225m██[38;2;255;235;226m██[38;2;255;234;225m██[38;2;254;234;226m██[38;2;253;235;225m██[38;2;254;237;226m██[38;2;254;237;225m██[38;2;254;241;228m██[38;2;217;129;145m██[38;2;218;121;138m██[38;2;204;173;161m██[38;2;252;238;225m██[38;2;252;238;226m██[38;2;255;237;227m██[38;2;255;236;226m████[38;2;253;236;224m██[38;2;254;236;228m██[38;2;248;187;236m██[38;2;245;182;236m██[38;2;202;173;197m██[38;2;242;237;254m██[38;2;232;223;228m  
[38;2;216;187;197m  [38;2;242;239;253m██[38;2;243;236;251m██[38;2;216;165;206m██[38;2;240;173;236m██[38;2;244;177;238m██[38;2;208;171;162m██[38;2;255;237;225m██[38;2;253;238;225m██[38;2;252;238;225m██[38;2;254;237;225m██[38;2;254;237;227m██[38;2;252;238;225m████[38;2;253;237;225m██[38;2;200;122;131m██[38;2;214;126;141m██[38;2;253;236;227m██[38;2;252;238;225m██████[38;2;254;237;225m██[38;2;253;238;225m████[38;2;217;193;191m██[38;2;242;176;236m██[38;2;242;176;233m██[38;2;217;190;213m██[38;2;244;237;252m██[38;2;253;250;254m  
[38;2;253;251;252m  [38;2;242;240;251m██[38;2;244;238;253m██[38;2;205;165;194m██[38;2;236;169;235m██[38;2;238;172;236m██[38;2;233;193;193m██[38;2;241;225;216m██[38;2;252;238;225m████[38;2;253;238;225m██[38;2;252;238;225m██████[38;2;251;239;225m██[38;2;253;237;224m██[38;2;253;237;225m██[38;2;253;238;225m██[38;2;254;238;225m██[38;2;254;237;225m████[38;2;252;238;225m██[38;2;253;238;225m██[38;2;254;238;223m██[38;2;223;177;179m██[38;2;236;170;235m██[38;2;238;171;234m██[38;2;241;221;242m██[38;2;224;220;231m██[38;2;245;239;254m  
[38;2;249;241;253m  [38;2;233;230;240m██[38;2;240;233;251m██[38;2;210;178;204m██[38;2;228;162;236m██[38;2;229;164;238m██[38;2;195;159;187m██[38;2;198;170;196m██[38;2;238;222;218m██[38;2;253;238;225m██[38;2;252;238;225m████████████████[38;2;253;238;225m██[38;2;254;237;225m██[38;2;252;238;225m████[38;2;253;236;226m██[38;2;183;161;167m██[38;2;196;154;187m██[38;2;230;164;236m██[38;2;234;168;236m██[38;2;249;234;251m██[38;2;222;217;229m██[38;2;242;237;250m██
[38;2;197;188;218m  [38;2;235;227;250m██[38;2;193;178;210m██[38;2;207;187;217m██[38;2;214;153;232m██[38;2;213;152;235m██[38;2;204;172;216m██[38;2;193;175;216m██[38;2;197;177;211m██[38;2;194;174;183m██[38;2;255;237;228m██[38;2;252;238;225m████[38;2;253;238;225m██[38;2;254;237;225m██[38;2;252;238;225m████████████[38;2;253;239;227m██[38;2;180;161;174m██[38;2;196;174;218m██[38;2;180;141;189m██[38;2;220;156;230m██[38;2;218;154;225m██[38;2;242;229;251m██[38;2;221;210;227m██[38;2;207;195;225m██
[38;2;175;145;173m  [38;2;186;171;203m██[38;2;182;166;200m██[38;2;195;175;213m██[38;2;205;148;231m██[38;2;206;143;237m██[38;2;193;162;206m██[38;2;194;175;216m██[38;2;193;175;215m██[38;2;166;144;180m██[38;2;181;156;183m██[38;2;208;190;194m██[38;2;254;240;232m██[38;2;252;237;224m██[38;2;252;238;225m██[38;2;253;238;225m██[38;2;254;238;225m██[38;2;252;238;225m██[38;2;252;237;224m██[38;2;254;240;229m██[38;2;200;181;186m██[38;2;198;176;199m██[38;2;199;174;218m██[38;2;193;175;215m██[38;2;169;126;182m██[38;2;210;147;235m██[38;2;190;137;200m██[38;2;188;172;205m██[38;2;189;175;214m██[38;2;206;183;218m  
[38;2;121;103;104m  [38;2;216;206;214m██[38;2;193;164;189m██[38;2;169;154;186m██[38;2;186;138;217m██[38;2;196;137;233m██[38;2;162;127;168m██[38;2;191;175;217m██[38;2;192;176;216m██[38;2;184;166;194m██[38;2;190;170;204m██[38;2;173;151;173m██[38;2;218;196;209m██[38;2;205;180;177m██[38;2;208;178;164m██[38;2;209;185;172m██[38;2;218;192;179m██[38;2;194;172;157m██[38;2;195;174;175m██[38;2;173;151;164m██[38;2;195;175;213m██[38;2;166;143;179m██[38;2;174;156;190m██[38;2;192;176;215m██[38;2;171;130;195m██[38;2;196;139;234m██[38;2;169;129;172m██[38;2;183;167;206m██[38;2;206;182;222m  [38;2;29;19;21m  
[38;2;250;249;248m  [38;2;222;209;206m  [38;2;157;76;85m  [38;2;119;70;80m  [38;2;148;111;157m██[38;2;190;134;232m██[38;2;159;125;170m██[38;2;190;177;216m██[38;2;172;157;188m██[38;2;178;160;191m██[38;2;183;165;193m██[38;2;245;236;241m██[38;2;211;195;211m██[38;2;216;198;212m██[38;2;190;161;159m██[38;2;208;176;174m██[38;2;203;166;167m██[38;2;202;180;185m██[38;2;213;194;209m██[38;2;211;197;206m██[38;2;203;189;204m██[38;2;194;175;210m██[38;2;187;170;199m██[38;2;193;174;208m██[38;2;184;134;221m██[38;2;172;121;202m██[38;2;153;125;159m██[38;2;209;185;221m  [38;2;29;17;23m  [38;2;0;0;0m  
[38;2;207;211;210m██[38;2;174;161;161m  [38;2;77;78;98m  [38;2;60;64;92m██[38;2;55;49;77m██[38;2;198;139;247m██[38;2;147;107;158m  [38;2;136;114;140m  [38;2;147;107;122m  [38;2;125;71;79m  [38;2;226;221;221m██[38;2;248;247;248m██[38;2;250;248;251m██[38;2;232;222;231m██[38;2;214;200;213m██[38;2;214;197;211m██[38;2;214;198;212m██[38;2;212;199;212m██[38;2;229;220;230m██[38;2;251;247;249m██[38;2;235;232;232m██[38;2;167;152;166m██[38;2;190;172;210m██[38;2;184;166;206m██[38;2;189;135;238m██[38;2;140;105;150m  [38;2;118;98;121m  [38;2;159;145;162m  [38;2;46;35;41m  [38;2;0;0;0m  
[38;2;162;154;150m  [38;2;147;89;102m  [38;2;80;83;102m  [38;2;149;154;192m██[38;2;77;74;105m██[38;2;197;149;240m  [38;2;114;86;124m██[38;2;85;56;71m  [38;2;151;94;92m  [38;2;252;251;252m██[38;2;249;248;246m██[38;2;213;212;210m██[38;2;247;247;247m██[38;2;248;247;249m██[38;2;250;242;251m██[38;2;252;245;252m██[38;2;251;248;250m██[38;2;250;243;248m██[38;2;251;245;249m██[38;2;250;245;249m██[38;2;227;224;220m██[38;2;247;245;244m██[38;2;167;151;155m██[38;2;126;64;74m  [38;2;57;49;79m██[38;2;55;49;77m  [38;2;87;68;97m  [38;2;179;157;185m  [38;2;165;145;161m  [38;2;0;0;0m  [0m
