
[38;2;28;25;26m                      [38;2;31;28;29m  [38;2;63;59;64m  [38;2;59;58;63m██[38;2;61;60;65m██████[38;2;60;60;65m██[38;2;61;60;65m████████████████[38;2;62;61;66m██[38;2;73;72;76m██[38;2;237;237;237m  [38;2;16;14;13m  
[38;2;28;25;26m                    [38;2;29;25;26m  [38;2;62;62;67m  [38;2;197;170;173m  [38;2;55;54;58m██[38;2;60;59;64m██[38;2;58;58;64m██[38;2;90;68;68m██[38;2;163;108;101m██[38;2;57;58;64m██[38;2;61;60;65m████████████████[38;2;52;51;57m██[38;2;218;217;218m██[38;2;239;239;240m  
[38;2;7;7;6m                  [38;2;8;7;6m  [38;2;58;54;57m  [38;2;187;165;168m██[38;2;53;53;58m██[38;2;72;63;65m██[38;2;126;87;83m██[38;2;177;118;109m██[38;2;171;115;107m██[38;2;142;103;98m██[38;2;59;58;63m██[38;2;61;60;65m████████[38;2;67;66;70m██[38;2;61;60;65m████████[38;2;60;59;64m██[38;2;55;54;59m██
[38;2;18;15;16m                    [38;2;61;61;66m██[38;2;100;88;89m██[38;2;73;61;61m  [38;2;174;117;108m██[38;2;171;115;107m██████[38;2;164;137;134m██[38;2;53;52;57m██[38;2;60;59;64m██[38;2;61;60;65m██████[38;2;72;70;76m██[38;2;61;60;65m████████████
[38;2;20;18;18m                  [38;2;43;42;44m  [38;2;56;56;60m██[38;2;60;53;55m██[38;2;177;118;110m██[38;2;171;115;107m████████[38;2;184;164;161m  [38;2;68;67;72m██[38;2;61;60;64m██[38;2;60;59;64m██[38;2;65;63;68m██[38;2;61;60;65m██[38;2;75;73;78m██[38;2;61;60;65m████████████
[38;2;12;10;10m  [38;2;24;22;21m  [38;2;23;21;21m            [38;2;22;21;20m  [38;2;59;59;64m  [38;2;43;46;51m██[38;2;175;117;108m██[38;2;171;115;107m██████████[38;2;189;173;170m██[38;2;61;59;64m██[38;2;59;57;63m██[38;2;62;63;66m██[38;2;85;84;89m██[38;2;52;51;55m██[38;2;75;74;79m██[38;2;60;59;64m██[38;2;61;60;65m██████████
[38;2;12;10;10m  [38;2;14;13;14m  [38;2;19;18;19m              [38;2;52;51;56m██[38;2;77;59;58m██[38;2;172;116;108m██[38;2;171;115;107m██████████[38;2;161;142;139m██[38;2;39;38;42m██[38;2;41;41;44m██[38;2;49;50;53m██[38;2;52;55;59m██[38;2;72;60;61m██[38;2;74;73;78m██[38;2;59;58;63m██[38;2;61;60;65m██████████
[38;2;12;10;10m  [38;2;14;13;13m  [38;2;23;21;21m  [38;2;22;20;21m          [38;2;22;21;22m  [38;2;39;41;44m██[38;2;128;88;83m██[38;2;171;115;107m████████████[38;2;126;99;97m██[38;2;33;33;36m██[38;2;57;46;47m  [38;2;35;36;40m██[38;2;40;43;47m██[38;2;94;72;69m  [38;2;47;45;48m██[38;2;62;61;66m██[38;2;61;60;65m██[38;2;60;59;64m██[38;2;61;60;65m██████
[38;2;12;10;10m  [38;2;14;13;13m  [38;2;20;18;19m  [38;2;21;21;22m          [38;2;29;29;31m  [38;2;28;30;34m██[38;2;154;105;97m██[38;2;170;115;107m██[38;2;171;115;107m██████████[38;2;121;84;78m██[38;2;29;30;32m██[38;2;99;70;66m██[38;2;26;28;31m██[38;2;36;36;38m██[38;2;121;85;81m██[38;2;99;71;69m██[38;2;54;57;63m██[38;2;60;59;64m██[38;2;73;72;77m██[38;2;60;59;64m██[38;2;61;60;65m████
[38;2;12;10;10m  [38;2;14;13;13m  [38;2;21;19;19m  [38;2;14;13;13m  [38;2;15;14;15m        [38;2;33;33;36m  [38;2;20;26;28m██[38;2;173;116;107m██[38;2;171;115;107m██████[38;2;132;90;84m██[38;2;141;95;89m██[38;2;171;115;107m██[38;2;158;107;99m██[38;2;21;25;27m██[38;2;146;99;92m██[38;2;41;35;36m██[38;2;64;50;48m██[38;2;104;72;67m██[38;2;121;86;81m██[38;2;54;51;55m██[38;2;60;59;63m██[38;2;71;71;75m██[38;2;57;56;61m██[38;2;59;58;63m████
[38;2;12;10;10m  [38;2;14;13;13m  [38;2;21;19;19m  [38;2;14;12;11m  [38;2;17;15;16m  [38;2;15;14;15m      [38;2;37;37;39m  [38;2;20;25;27m██[38;2;177;119;110m██[38;2;171;115;107m████[38;2;171;113;105m██[38;2;172;116;107m██[38;2;171;115;107m████[38;2;176;117;109m██[38;2;12;17;21m██[38;2;173;116;108m██[38;2;104;73;69m██[38;2;122;83;78m██[38;2;178;118;110m██[38;2;123;83;78m██[38;2;132;91;85m██[38;2;58;55;58m██[38;2;65;64;68m██[38;2;54;53;57m██[38;2;54;53;58m██[38;2;55;54;58m██
[38;2;12;10;10m  [38;2;14;13;13m  [38;2;21;19;19m  [38;2;14;12;11m  [38;2;27;24;24m  [38;2;15;15;15m      [38;2;35;35;37m  [38;2;23;27;30m██[38;2;175;117;109m██[38;2;172;114;106m██[38;2;169;145;143m██[38;2;207;204;203m██[38;2;208;203;202m██[38;2;156;105;97m██[38;2;172;116;108m██[38;2;175;118;110m██[38;2;37;32;32m██[38;2;179;120;112m██[38;2;168;113;105m██[38;2;146;103;96m██[38;2;198;196;195m██[38;2;158;159;161m██[38;2;218;214;214m██[38;2;124;94;89m██[38;2;50;51;56m██[38;2;47;47;51m████[38;2;48;48;53m██
[38;2;12;10;10m  [38;2;14;13;13m  [38;2;21;19;19m  [38;2;14;12;11m  [38;2;26;24;24m  [38;2;23;21;22m  [38;2;13;13;13m    [38;2;33;32;35m  [38;2;15;20;23m██[38;2;170;114;106m██[38;2;177;159;157m██[38;2;222;222;223m██[38;2;15;15;15m██[38;2;29;29;29m██[38;2;251;251;251m██[38;2;147;97;90m██[38;2;171;115;107m██[38;2;154;104;97m██[38;2;175;117;109m██[38;2;143;121;118m██[38;2;250;250;250m██[38;2;31;31;31m██[38;2;30;29;29m██[38;2;132;131;131m██[38;2;253;253;253m██[38;2;58;48;47m██[38;2;39;39;42m████[38;2;41;41;44m██
[38;2;28;25;25m  [38;2;33;29;30m  [38;2;20;18;19m  [38;2;14;12;11m  [38;2;26;24;24m  [38;2;30;28;29m  [38;2;17;17;17m  [38;2;17;16;17m  [38;2;22;23;27m  [38;2;217;187;154m██[38;2;147;95;88m  [38;2;251;252;252m██[38;2;210;210;210m██[38;2;36;36;37m██[38;2;9;9;9m██[38;2;247;247;248m██[38;2;157;125;119m██[38;2;171;115;107m████[38;2;172;113;105m██[38;2;207;202;201m██[38;2;250;250;250m██[38;2;20;19;20m██[38;2;77;76;78m██[38;2;41;40;41m██[38;2;255;255;255m██[38;2;138;139;139m██[38;2;28;29;31m████[38;2;32;32;34m██
[38;2;41;36;37m██[38;2;45;40;41m██[38;2;47;42;44m██[38;2;39;34;35m  [38;2;26;24;24m  [38;2;30;28;29m  [38;2;34;31;32m  [38;2;22;20;22m  [38;2;117;106;109m  [38;2;167;128;120m██[38;2;144;100;92m██[38;2;150;102;95m██[38;2;218;218;219m██[38;2;176;178;178m██[38;2;225;231;232m██[38;2;153;123;120m██[38;2;173;116;108m██[38;2;171;115;107m████[38;2;170;115;107m██[38;2;170;111;102m██[38;2;185;179;178m██[38;2;191;192;192m██[38;2;35;34;35m██[38;2;218;218;218m██[38;2;227;226;226m██[38;2;69;45;44m  [38;2;22;23;23m██[38;2;31;31;33m██[38;2;24;23;25m██
[38;2;43;37;37m██[38;2;39;32;33m██[38;2;44;39;40m██[38;2;47;42;43m██[38;2;50;44;45m██[38;2;60;54;57m  [38;2;35;32;32m  [38;2;50;44;45m  [38;2;153;139;142m  [38;2;147;114;105m██[38;2;151;107;97m██[38;2;167;111;104m██[38;2;170;112;105m██[38;2;169;107;100m██[38;2;172;111;104m██[38;2;166;111;103m██[38;2;174;118;109m██[38;2;171;115;107m██[38;2;167;112;104m██[38;2;166;110;104m██[38;2;168;111;105m██[38;2;172;116;108m██[38;2;165;104;95m██[38;2;154;101;95m██[38;2;156;99;91m██[38;2;176;116;108m██[38;2;55;42;41m██[38;2;20;21;21m██[38;2;42;42;44m██[38;2;23;24;25m██
[38;2;33;27;27m██[38;2;27;21;21m██[38;2;30;25;25m██[38;2;50;44;45m██[38;2;49;43;45m██[38;2;67;60;63m██[38;2;70;62;65m██[38;2;77;69;71m  [38;2;155;139;143m  [38;2;149;113;102m██[38;2;154;115;101m██[38;2;238;192;162m██[38;2;232;188;158m████[38;2;232;187;158m██[38;2;230;185;157m██[38;2;228;183;155m██[38;2;214;173;147m██[38;2;233;190;159m██[38;2;230;186;157m██[38;2;232;188;158m██[38;2;219;173;147m██[38;2;198;148;130m██[38;2;210;161;139m██[38;2;222;176;150m██[38;2;238;192;162m██[38;2;50;43;39m██[38;2;20;20;21m██[38;2;50;49;53m██[38;2;21;23;23m██
[38;2;32;26;27m██[38;2;27;22;22m██[38;2;24;21;21m██[38;2;50;44;45m██[38;2;49;42;44m██[38;2;62;56;58m██[38;2;67;60;64m██[38;2;70;63;66m██[38;2;65;59;62m██[38;2;94;76;72m  [38;2;119;89;79m  [38;2;198;159;135m██[38;2;228;183;155m██████████████████████████[38;2;238;191;161m██[38;2;37;32;31m██[38;2;20;21;21m██[38;2;56;56;60m██[38;2;21;22;23m██
[38;2;48;45;44m██[38;2;36;31;32m██[38;2;45;40;40m██[38;2;53;48;50m██[38;2;42;37;38m██[38;2;54;49;52m██[38;2;64;57;59m██[38;2;66;59;63m██[38;2;72;64;69m██[38;2;75;68;73m██[38;2;72;66;70m██[38;2;123;102;92m██[38;2;230;185;157m██[38;2;228;183;155m████████████████████████[38;2;240;193;163m██[38;2;26;24;24m██[38;2;19;20;21m██[38;2;59;59;63m██[38;2;21;22;23m██
[38;2;46;40;40m██[38;2;53;47;47m██[38;2;53;46;47m██[38;2;49;43;46m██[38;2;60;54;54m██[38;2;58;52;53m██[38;2;48;43;45m██[38;2;63;56;60m██[38;2;64;57;60m██[38;2;68;61;65m██[38;2;72;65;71m██[38;2;71;65;72m██[38;2;187;149;128m██[38;2;228;183;155m████████[38;2;217;175;148m██[38;2;207;166;140m██[38;2;218;175;148m██[38;2;228;183;155m██████████[38;2;242;194;163m██[38;2;18;19;21m██[38;2;20;21;22m██[38;2;59;59;64m██[38;2;23;24;24m██
[38;2;27;25;25m██[38;2;25;22;22m██[38;2;45;40;41m██[38;2;54;48;50m██[38;2;60;53;55m██[38;2;59;52;53m██[38;2;49;44;46m██[38;2;59;53;56m██[38;2;60;54;56m██[38;2;60;54;57m██[38;2;64;57;61m██[38;2;66;59;63m██[38;2;94;79;73m██[38;2;228;184;156m██[38;2;228;183;155m████████[38;2;229;184;156m██[38;2;229;183;155m██[38;2;228;183;155m██████████[38;2;242;194;165m██[38;2;12;15;17m██[38;2;22;24;24m██[38;2;59;59;63m██[38;2;25;25;26m██
[38;2;28;23;23m██[38;2;29;26;26m██[38;2;38;33;34m██[38;2;49;43;45m██[38;2;54;49;50m██[38;2;54;48;49m██[38;2;52;47;50m██[38;2;58;53;57m██[38;2;49;45;48m██[38;2;52;48;49m██[38;2;61;55;56m██[38;2;60;54;57m██[38;2;66;55;55m██[38;2;236;189;160m██[38;2;228;183;155m████████████████████[38;2;228;182;154m██[38;2;245;199;168m██[38;2;9;12;14m██[38;2;30;30;32m██[38;2;58;59;63m██[38;2;21;23;23m██
[38;2;28;25;25m██[38;2;30;27;27m██[38;2;46;41;41m██[38;2;50;45;44m██[38;2;54;47;48m██[38;2;53;46;46m██[38;2;57;51;54m██[38;2;63;57;63m██[38;2;60;56;61m██[38;2;59;54;59m██[38;2;56;51;55m██[38;2;30;28;30m██[38;2;75;63;58m██[38;2;15;17;20m██[38;2;246;197;165m██[38;2;228;183;155m████████████████[38;2;239;192;163m██[38;2;138;112;96m  [38;2;38;40;45m██[38;2;20;21;22m██[38;2;45;45;48m██[38;2;61;61;66m██[38;2;20;21;21m██
[38;2;29;25;25m██[38;2;46;40;40m██[38;2;44;39;40m██[38;2;66;59;59m██[38;2;48;42;42m██[38;2;45;40;40m██[38;2;42;37;39m██[38;2;60;54;58m██[38;2;53;48;53m██[38;2;43;38;42m██[38;2;27;22;23m██[38;2;212;169;143m██[38;2;218;175;149m██[38;2;230;184;155m██[38;2;54;55;61m██[38;2;88;71;63m██[38;2;241;193;163m██[38;2;228;183;155m██████[38;2;227;182;155m██[38;2;237;191;161m██[38;2;157;121;104m██[38;2;160;110;100m██[38;2;94;68;63m██[38;2;46;45;49m██[38;2;19;20;21m██[38;2;75;75;79m██[38;2;52;52;57m██[38;2;19;19;20m██[0m
