
[38;2;254;254;254m  [38;2;211;211;211m  [38;2;28;28;26m██[38;2;228;228;228m  [38;2;254;254;254m  [38;2;255;255;255m                                              
[38;2;3;3;3m██[38;2;226;224;234m██[38;2;165;165;165m  [38;2;238;234;249m██[38;2;251;251;251m  [38;2;255;255;255m                                              
[38;2;238;234;248m██[38;2;159;157;160m██[38;2;254;254;254m  [38;2;238;234;249m██[38;2;10;10;10m██[38;2;255;255;255m                                              
[38;2;147;147;147m  [38;2;14;14;14m██[38;2;8;8;8m██[38;2;238;234;249m██[38;2;254;254;254m  [38;2;255;255;255m                                      [38;2;254;254;254m  [38;2;134;133;136m  [38;2;238;234;247m██[38;2;230;230;230m  
[38;2;254;254;254m    [38;2;237;233;248m██[38;2;254;254;254m    [38;2;255;255;255m                                      [38;2;238;234;249m██[38;2;3;3;3m██[38;2;221;221;221m  [38;2;238;234;249m██
[38;2;254;254;254m    [38;2;0;0;0m██[38;2;73;73;73m  [38;2;254;254;254m  [38;2;255;255;255m                                      [38;2;1;1;1m██[38;2;135;135;135m  [38;2;222;222;222m  [38;2;238;234;249m██
[38;2;254;254;254m    [38;2;83;82;84m██[38;2;238;234;249m██[38;2;254;254;254m      [38;2;255;253;254m  [38;2;254;254;254m  [38;2;255;253;254m  [38;2;254;254;254m        [38;2;247;249;248m  [38;2;240;243;242m  [38;2;254;254;254m  [38;2;255;253;254m  [38;2;254;254;254m            [38;2;220;220;220m  [38;2;195;194;199m  [38;2;238;234;249m████
[38;2;255;255;255m    [38;2;254;254;254m          [38;2;255;253;254m  [38;2;254;254;254m  [38;2;206;202;196m██[38;2;239;234;252m██[38;2;238;233;238m██[38;2;91;80;96m██[38;2;79;77;74m██[38;2;74;83;109m██[38;2;95;84;64m██[38;2;168;156;144m██[38;2;86;81;87m██[38;2;92;83;77m██[38;2;84;82;75m██[38;2;254;254;254m        [38;2;226;226;226m  [38;2;231;227;240m  [38;2;242;242;242m  [38;2;230;230;230m  
[38;2;255;255;255m    [38;2;254;254;254m          [38;2;251;237;234m██[38;2;237;235;249m██[38;2;236;233;250m██[38;2;82;72;70m██[38;2;87;81;86m██[38;2;241;231;241m██[38;2;236;235;250m██[38;2;238;234;248m██[38;2;237;235;246m██[38;2;238;236;245m██[38;2;238;234;249m██[38;2;239;237;247m██[38;2;237;234;253m██[38;2;243;238;237m██[38;2;254;254;254m  [38;2;254;254;252m  [38;2;254;254;254m  [38;2;238;234;249m██[38;2;208;208;208m  [38;2;221;221;221m  [38;2;209;209;209m  
[38;2;255;255;255m    [38;2;254;254;254m        [38;2;237;238;249m██[38;2;238;234;249m██[38;2;239;236;253m██[38;2;85;80;88m██[38;2;198;183;168m██[38;2;238;233;252m██[38;2;238;234;249m██[38;2;236;232;247m██[38;2;238;234;249m██[38;2;239;235;250m██[38;2;238;234;249m████[38;2;238;235;252m██[38;2;238;235;241m██[38;2;239;235;250m██[38;2;242;232;254m██[38;2;254;254;252m  [38;2;254;254;254m  [38;2;227;225;234m  [38;2;230;230;230m  [38;2;212;212;212m  [38;2;173;173;173m  
[38;2;255;255;255m    [38;2;254;254;254m      [38;2;239;236;251m██[38;2;238;234;249m██[38;2;239;234;254m██[38;2;86;83;66m██[38;2;207;202;199m██[38;2;238;236;249m██[38;2;238;235;246m██[38;2;241;234;244m██[38;2;243;235;234m██[38;2;238;233;253m██[38;2;238;234;249m██[38;2;239;235;250m██[38;2;238;234;249m██[38;2;237;236;244m██[38;2;180;174;167m██[38;2;238;234;249m████[38;2;241;241;253m██[38;2;253;253;253m      [38;2;255;255;255m    
[38;2;255;255;255m    [38;2;254;254;254m    [38;2;138;154;144m  [38;2;241;235;249m██[38;2;239;235;250m██[38;2;242;235;246m██[38;2;88;84;96m██[38;2;237;235;249m██[38;2;239;233;243m██[38;2;239;235;250m██[38;2;238;235;249m██[38;2;237;234;243m██[38;2;238;234;248m██[38;2;238;234;249m██[38;2;239;236;246m██[38;2;238;234;249m██[38;2;240;233;251m██[38;2;242;232;224m██[38;2;238;235;246m██[38;2;238;234;249m██[38;2;233;219;216m██[38;2;237;228;232m  [38;2;253;253;253m    [38;2;255;255;255m    
[38;2;255;255;255m    [38;2;254;254;254m    [38;2;238;234;249m██[38;2;238;234;250m██[38;2;238;234;249m██[38;2;82;76;67m██[38;2;240;232;246m██[38;2;240;234;232m██[38;2;239;234;244m██[38;2;242;233;247m██[38;2;135;127;111m██[38;2;232;223;222m██[38;2;238;236;249m██[38;2;240;233;248m██[38;2;237;234;251m██[38;2;239;235;250m██[38;2;241;234;251m██[38;2;240;234;240m██[38;2;229;225;224m██[38;2;235;228;237m██[38;2;236;226;225m██[38;2;238;233;246m██[38;2;255;254;255m    [38;2;255;255;255m    
[38;2;255;255;255m        [38;2;238;234;249m████[38;2;239;235;250m██[38;2;90;86;92m██[38;2;237;233;249m██[38;2;231;220;222m██[38;2;238;232;247m██[38;2;237;236;247m██[38;2;232;223;245m██[38;2;237;233;247m██[38;2;239;235;252m██[38;2;242;236;245m██[38;2;238;235;252m██[38;2;239;235;250m██[38;2;238;234;249m██[38;2;238;234;248m██[38;2;240;235;248m██[38;2;238;234;249m██[38;2;236;236;246m██[38;2;241;234;250m██[38;2;243;246;243m  [38;2;254;254;254m  [38;2;255;255;255m    
[38;2;255;255;255m    [38;2;254;254;254m  [38;2;254;254;255m  [38;2;238;234;249m██████[38;2;178;170;163m██[38;2;238;234;249m██[38;2;221;206;207m██[38;2;237;234;244m██[38;2;238;234;249m██[38;2;195;180;199m██[38;2;238;234;249m████[38;2;239;237;238m██[38;2;233;231;252m██[38;2;239;235;250m██[38;2;238;235;246m██[38;2;226;216;219m██[38;2;201;193;210m██[38;2;238;234;249m██[38;2;237;235;248m██[38;2;237;236;246m██[38;2;222;212;202m██[38;2;254;254;254m  [38;2;255;255;255m    
[38;2;255;255;255m    [38;2;253;254;254m  [38;2;137;147;135m  [38;2;238;234;249m██████[38;2;240;232;247m██[38;2;238;234;249m██[38;2;203;194;183m██[38;2;238;236;249m██[38;2;238;234;249m██[38;2;156;137;127m██[38;2;238;234;249m████[38;2;244;234;227m██[38;2;237;237;252m██[38;2;238;234;249m██[38;2;243;231;253m██[38;2;209;198;186m██[38;2;153;131;135m██[38;2;239;235;250m██[38;2;238;235;242m██[38;2;239;234;241m██[38;2;237;231;242m██[38;2;254;254;254m  [38;2;255;255;255m    
[38;2;255;255;255m    [38;2;254;254;254m  [38;2;146;138;128m██[38;2;240;236;251m██[38;2;239;235;250m██[38;2;239;235;249m██[38;2;239;232;252m██[38;2;238;234;249m██[38;2;208;191;183m██[38;2;239;231;252m██[38;2;238;234;249m██[38;2;114;95;65m██[38;2;238;235;244m██[38;2;239;235;249m██[38;2;227;212;205m██[38;2;238;236;250m██[38;2;238;235;247m██[38;2;241;235;248m██[38;2;182;173;149m██[38;2;153;121;92m██[38;2;238;235;243m██[38;2;240;233;254m██[38;2;212;200;189m██[38;2;238;234;250m██[38;2;254;254;254m  [38;2;255;255;255m    
[38;2;255;255;255m    [38;2;254;254;254m  [38;2;224;222;223m██[38;2;233;229;248m██[38;2;239;235;253m██[38;2;237;232;251m██[38;2;241;232;253m██[38;2;238;234;249m██[38;2;212;203;195m██[38;2;238;235;246m██[38;2;237;236;250m██[38;2;103;78;54m██[38;2;247;229;222m██[38;2;242;233;254m██[38;2;168;152;136m██[38;2;236;233;251m██[38;2;242;230;248m██[38;2;249;231;249m██[38;2;149;136;130m██[38;2;229;185;175m██[38;2;237;239;255m██[38;2;231;227;251m██[38;2;142;118;105m██[38;2;243;232;238m██[38;2;224;231;231m  [38;2;255;255;255m    
[38;2;255;255;255m    [38;2;254;254;252m  [38;2;241;231;241m██[38;2;245;242;252m██[38;2;238;233;255m██[38;2;194;181;202m██[38;2;241;231;254m██[38;2;239;235;250m██[38;2;223;218;210m██[38;2;116;96;77m██[38;2;95;83;58m██[38;2;72;60;46m██[38;2;87;81;64m██[38;2;96;87;72m██[38;2;233;213;189m██[38;2;131;113;99m██[38;2;251;231;218m██[38;2;248;231;216m██[38;2;86;77;71m██[38;2;81;75;81m██[38;2;86;75;65m██[38;2;94;78;75m██[38;2;224;208;203m██[38;2;239;236;246m██[38;2;249;244;231m██[38;2;255;255;255m    
[38;2;255;255;255m    [38;2;254;254;254m  [38;2;237;234;251m██[38;2;234;226;238m██[38;2;238;234;249m██[38;2;180;166;180m██[38;2;241;234;252m██[38;2;242;236;248m██[38;2;248;238;239m██[38;2;90;70;25m██[38;2;63;61;106m██[38;2;57;63;135m██[38;2;57;62;125m██[38;2;234;234;199m██[38;2;252;234;218m██[38;2;252;236;221m██[38;2;251;235;220m██[38;2;251;239;210m██[38;2;56;64;131m██[38;2;130;133;201m██[38;2;70;70;131m██[38;2;248;251;234m██[38;2;238;233;254m██[38;2;239;233;243m██[38;2;254;254;254m  [38;2;255;255;255m    
[38;2;255;255;255m    [38;2;242;244;244m  [38;2;237;235;249m██[38;2;240;236;251m██[38;2;239;235;249m██[38;2;182;169;183m██[38;2;239;235;234m██[38;2;240;235;237m██[38;2;241;230;246m██[38;2;254;240;224m██[38;2;57;65;141m██[38;2;56;60;134m██[38;2;60;60;140m██[38;2;67;71;93m██[38;2;251;236;220m██[38;2;252;236;221m██[38;2;253;237;222m██[38;2;253;236;229m██[38;2;103;98;166m██[38;2;77;80;154m██[38;2;68;70;147m██[38;2;242;235;223m██[38;2;240;237;253m██[38;2;241;223;243m██[38;2;254;254;254m  [38;2;255;255;255m    
[38;2;255;255;255m    [38;2;215;221;208m██[38;2;240;232;255m██[38;2;238;234;249m██[38;2;240;233;252m██[38;2;176;160;162m██[38;2;234;220;215m██[38;2;171;157;173m██[38;2;241;234;241m██[38;2;251;231;223m██[38;2;231;218;202m██[38;2;90;199;230m██[38;2;88;217;242m██[38;2;253;237;222m██[38;2;250;234;219m██[38;2;252;236;221m████[38;2;249;233;218m██[38;2;252;230;215m██[38;2;90;124;100m██[38;2;252;219;212m██[38;2;254;228;215m██[38;2;238;230;243m██[38;2;250;209;238m██[38;2;254;254;254m  [38;2;255;255;255m    
[38;2;255;255;255m    [38;2;246;229;245m██[38;2;209;196;228m██[38;2;234;230;246m██[38;2;237;232;252m██[38;2;236;217;201m██[38;2;129;100;89m██[38;2;243;206;241m██[38;2;233;214;234m██[38;2;252;221;221m██[38;2;247;218;216m██[38;2;248;234;225m██[38;2;251;224;217m██[38;2;250;232;218m██[38;2;252;236;221m██████[38;2;250;234;219m██[38;2;250;229;216m██[38;2;252;219;214m██[38;2;247;213;209m██[38;2;248;218;210m██[38;2;243;211;235m██[38;2;249;194;203m██[38;2;254;254;254m  [38;2;255;255;255m    
[38;2;255;255;255m    [38;2;239;236;245m██[38;2;193;180;212m██[38;2;192;185;214m██[38;2;239;235;249m██[38;2;103;84;71m██[38;2;218;185;163m██[38;2;245;189;228m██[38;2;248;202;240m██[38;2;246;219;212m██[38;2;237;194;197m██[38;2;253;210;212m██[38;2;250;223;216m██[38;2;250;232;218m██[38;2;252;236;221m██████[38;2;250;234;219m██[38;2;250;228;215m██[38;2;250;222;216m██[38;2;252;217;211m██[38;2;251;221;218m██[38;2;246;190;225m██[38;2;155;130;108m██[38;2;254;254;254m  [38;2;255;255;255m    
[38;2;255;255;255m    [38;2;125;146;129m  [38;2;229;223;251m██[38;2;186;176;213m██[38;2;240;236;251m██[38;2;187;176;211m██[38;2;212;205;160m██[38;2;247;184;240m██[38;2;244;187;242m██[38;2;249;225;203m██[38;2;250;226;216m██[38;2;249;225;215m██[38;2;251;229;218m██[38;2;250;234;221m██[38;2;251;235;220m██[38;2;253;237;222m██[38;2;250;234;219m██[38;2;252;236;221m██[38;2;249;233;218m██[38;2;249;231;219m██[38;2;250;231;217m██[38;2;125;89;72m██[38;2;220;160;195m██[38;2;253;253;253m  [38;2;254;254;254m  [38;2;255;255;255m    
[38;2;255;255;255m    [38;2;254;254;254m  [38;2;250;229;230m██[38;2;187;174;187m██[38;2;186;177;208m██[38;2;187;177;212m██[38;2;182;175;213m██[38;2;242;177;221m██[38;2;237;181;218m██[38;2;142;103;88m██[38;2;251;231;221m██[38;2;251;233;219m██[38;2;250;234;219m██[38;2;252;236;221m██████[38;2;253;237;222m██[38;2;252;236;221m██[38;2;254;236;229m██[38;2;254;237;212m██[38;2;199;179;181m██[38;2;240;181;232m██[38;2;168;119;130m██[38;2;254;254;254m    [38;2;255;255;255m    
[38;2;255;255;255m    [38;2;254;254;254m    [38;2;181;170;172m██[38;2;186;172;196m██[38;2;186;177;208m██[38;2;93;78;81m██[38;2;138;112;120m██[38;2;161;116;144m██[38;2;233;174;231m██[38;2;199;178;197m██[38;2;151;125;99m██[38;2;175;150;119m██[38;2;252;236;211m██[38;2;252;238;212m██[38;2;254;238;209m██[38;2;221;200;169m██[38;2;155;143;154m██[38;2;185;174;216m██[38;2;184;175;227m██[38;2;254;254;254m  [38;2;224;166;243m██[38;2;129;86;106m██[38;2;254;254;254m    [38;2;255;255;255m    
[38;2;255;255;255m    [38;2;254;254;254m    [38;2;141;163;206m██[38;2;85;83;100m██[38;2;71;68;67m██[38;2;191;172;182m██[38;2;194;177;201m██[38;2;181;143;221m██[38;2;209;154;234m██[38;2;209;194;204m██[38;2;206;194;206m████[38;2;205;193;205m██[38;2;206;194;203m██[38;2;212;195;209m██[38;2;188;179;187m██[38;2;187;182;232m██[38;2;151;128;114m██[38;2;229;231;232m  [38;2;254;254;254m  [38;2;194;144;240m██[38;2;180;133;217m██[38;2;254;254;254m    [38;2;255;255;255m    
[38;2;255;255;255m    [38;2;254;254;254m    [38;2;81;82;109m██[38;2;54;55;85m██[38;2;56;57;85m██[38;2;54;59;87m██[38;2;254;254;252m  [38;2;123;98;142m██[38;2;152;115;147m██[38;2;136;113;110m██[38;2;206;194;206m██████[38;2;206;194;208m██[38;2;218;210;224m██[38;2;241;240;229m██[38;2;52;58;84m██[38;2;80;85;119m██[38;2;254;254;254m    [38;2;180;136;225m██[38;2;161;123;179m██[38;2;254;254;254m    [38;2;255;255;255m    
[38;2;255;255;255m      [38;2;254;254;254m  [38;2;81;80;90m██[38;2;56;60;89m██[38;2;56;57;85m██[38;2;54;66;67m██[38;2;254;254;254m    [38;2;175;139;205m██[38;2;181;133;239m██[38;2;249;238;223m██[38;2;125;113;82m██[38;2;253;243;238m██[38;2;246;241;229m██[38;2;223;220;209m██[38;2;251;251;218m██[38;2;64;62;104m██[38;2;83;80;62m██[38;2;254;254;254m    [38;2;161;118;147m██[38;2;254;254;254m      [38;2;255;255;255m    [0m
