
[38;2;19;18;19m  [38;2;71;72;76m██[38;2;73;73;78m██[38;2;72;72;77m██[38;2;59;55;60m██[38;2;31;24;32m██[38;2;30;23;31m████[38;2;34;26;34m██[38;2;30;23;30m██[38;2;34;26;32m██[38;2;33;25;31m██[38;2;28;21;28m██[38;2;27;20;26m██[38;2;26;20;24m██[38;2;27;20;25m██[38;2;26;20;24m██[38;2;30;23;28m██[38;2;26;18;24m██[38;2;29;22;27m██[38;2;24;18;24m██[38;2;30;24;29m██[38;2;69;68;73m██[38;2;66;66;72m██[38;2;68;68;73m██[38;2;29;29;33m  [38;2;0;0;0m  
[38;2;71;71;76m  [38;2;89;90;95m████[38;2;87;88;92m██[38;2;34;26;34m████[38;2;34;25;33m██[38;2;32;24;32m██[38;2;40;30;38m██[38;2;32;24;32m██[38;2;38;29;37m██[38;2;31;24;32m██[38;2;30;23;31m██[38;2;29;22;29m██[38;2;28;21;28m██[38;2;29;22;27m████[38;2;31;24;28m██[38;2;28;21;26m██[38;2;30;24;27m██[38;2;28;21;26m██[38;2;38;30;35m██[38;2;52;48;54m██[38;2;84;86;91m██[38;2;57;63;74m██[38;2;83;84;89m██[38;2;0;0;0m  
[38;2;98;98;103m  [38;2;110;112;119m██[38;2;109;111;118m██[38;2;65;58;67m██[38;2;38;28;36m████[38;2;44;34;42m██[38;2;36;26;34m██[38;2;37;28;36m██[38;2;36;26;34m████[38;2;35;25;33m██[38;2;33;25;33m██[38;2;28;22;30m██[38;2;33;24;31m██[38;2;31;24;31m██[38;2;31;24;32m██[38;2;31;23;31m██[38;2;31;24;32m██[38;2;31;24;31m██[38;2;31;24;30m██[38;2;35;27;34m██[38;2;42;33;41m██[38;2;103;104;109m██[38;2;62;69;81m██[38;2;92;95;103m██[38;2;77;74;81m  
[38;2;125;126;131m██[38;2;131;134;141m██[38;2;131;132;140m██[38;2;51;39;49m██[38;2;51;39;48m██[38;2;44;33;41m██[38;2;40;30;38m██[38;2;38;28;36m██[38;2;39;29;37m██[38;2;38;28;36m██[38;2;39;29;37m██[38;2;38;28;37m██[38;2;38;28;36m██[38;2;27;21;30m██[38;2;37;27;35m██[38;2;29;23;32m██[38;2;37;27;35m██[38;2;37;26;35m██[38;2;37;27;36m██[38;2;36;27;34m██[38;2;34;25;33m██[38;2;37;27;35m██[38;2;47;35;44m██[38;2;120;121;126m██[38;2;49;54;67m██[38;2;27;28;43m██[38;2;79;77;85m██
[38;2;149;152;158m██[38;2;140;145;154m██[38;2;153;154;158m██[38;2;57;44;54m██[38;2;46;34;44m██[38;2;42;31;40m██[38;2;43;32;41m██[38;2;42;30;40m██[38;2;43;31;41m██[38;2;38;28;38m██[38;2;43;31;41m██[38;2;44;32;41m██[38;2;43;32;42m██[38;2;22;18;30m██[38;2;41;29;38m██[38;2;28;22;34m██[38;2;43;31;41m██[38;2;43;30;40m██[38;2;43;31;41m██[38;2;40;30;40m██[38;2;37;27;36m██[38;2;42;31;40m██[38;2;42;32;41m██[38;2;125;125;131m██[38;2;15;16;27m  [38;2;68;73;87m  [38;2;122;125;134m██
[38;2;172;174;179m██[38;2;127;138;154m██[38;2;175;176;179m██[38;2;52;40;50m██[38;2;48;36;46m██[38;2;37;27;39m██[38;2;49;36;46m██[38;2;47;32;42m██[38;2;48;36;46m██[38;2;37;27;39m██[38;2;48;35;45m██[38;2;49;37;47m██[38;2;49;36;47m██[38;2;20;17;30m██[38;2;50;36;46m██[38;2;28;22;36m██[38;2;49;36;46m██[38;2;52;37;46m██[38;2;48;36;46m██[38;2;41;31;42m██[38;2;43;31;42m██[38;2;48;35;45m██[38;2;48;36;46m██[38;2;63;60;71m██[38;2;13;16;26m  [38;2;0;0;0m    
[38;2;182;188;194m██[38;2;122;138;160m██[38;2;195;196;197m██[38;2;54;41;52m██[38;2;52;40;51m██[38;2;31;24;39m██[38;2;52;40;51m██[38;2;55;37;49m██[38;2;53;38;50m██[38;2;38;28;42m██[38;2;56;40;52m██[38;2;54;41;53m██[38;2;52;40;52m██[38;2;30;22;37m██[38;2;58;41;54m██[38;2;34;26;41m██[38;2;56;40;52m██[38;2;71;50;60m██[38;2;56;40;53m██[38;2;40;31;44m██[38;2;51;38;50m██[38;2;51;39;51m██[38;2;54;41;51m██[38;2;45;34;47m██[38;2;19;15;21m  [38;2;0;0;0m    
[38;2;179;187;197m██[38;2;107;120;144m██[38;2;206;207;207m██[38;2;59;45;58m██[38;2;57;43;57m██[38;2;33;25;41m██[38;2;58;43;56m██[38;2;66;44;57m██[38;2;60;44;57m██[38;2;41;30;48m██[38;2;74;53;65m██[38;2;62;46;59m██[38;2;80;58;71m██[38;2;102;75;86m██[38;2;109;80;91m██[38;2;109;82;92m██[38;2;67;47;64m██[38;2;40;24;47m██[38;2;52;36;54m██[38;2;88;56;64m██[38;2;58;44;57m██[38;2;57;43;56m██[38;2;56;42;54m██[38;2;56;42;55m██[38;2;20;16;23m  [38;2;0;0;0m    
[38;2;69;70;95m██[38;2;121;138;161m██[38;2;157;161;172m██[38;2;61;47;61m██[38;2;61;47;60m██[38;2;46;32;48m██[38;2;62;47;60m██[38;2;91;64;76m██[38;2;79;55;69m██[38;2;75;53;68m██[38;2;123;92;103m██[38;2;128;98;111m██[38;2;129;101;115m██[38;2;127;101;117m██[38;2;137;107;120m██[38;2;115;109;126m██[38;2;50;38;87m██[38;2;68;48;100m██[38;2;143;130;146m██[38;2;145;122;131m██[38;2;62;47;60m██[38;2;61;47;60m██[38;2;60;46;59m██[38;2;52;39;54m██[38;2;21;17;25m  [38;2;0;0;0m    
[38;2;148;167;189m██[38;2;47;48;68m██[38;2;25;23;40m██[38;2;61;46;60m██[38;2;62;48;61m██[38;2;83;60;73m██[38;2;75;53;69m██[38;2;103;76;90m██[38;2;72;50;69m██[38;2;67;47;67m██[38;2;114;86;105m██[38;2;132;107;126m██[38;2;114;97;120m██[38;2;121;103;125m██[38;2;144;117;135m██[38;2;190;172;179m██[38;2;120;90;122m██[38;2;136;104;123m██[38;2;156;124;138m██[38;2;123;96;110m██[38;2;67;49;66m██[38;2;65;48;62m██[38;2;63;48;62m██[38;2;48;37;54m██[38;2;31;26;36m  [38;2;0;0;0m    
[38;2;70;73;85m  [38;2;20;16;24m  [38;2;61;47;60m██[38;2;61;46;60m██[38;2;65;48;63m██[38;2;86;62;78m██[38;2;84;50;64m██[38;2;59;44;80m██[38;2;55;39;89m██[38;2;71;51;105m██[38;2;197;189;194m██[38;2;136;114;134m██[38;2;132;112;135m██[38;2;134;115;137m██[38;2;148;124;144m██[38;2;162;134;149m██[38;2;172;141;152m██[38;2;172;138;149m██[38;2;168;135;146m██[38;2;81;59;76m██[38;2;68;51;66m██[38;2;67;49;65m██[38;2;66;48;63m██[38;2;47;36;53m██[38;2;58;45;60m  [38;2;0;0;0m    
[38;2;0;0;0m  [38;2;19;14;24m  [38;2;62;48;61m██[38;2;64;47;61m██[38;2;66;49;63m██[38;2;75;54;70m██[38;2;137;109;121m██[38;2;208;198;205m██[38;2;111;79;114m██[38;2;158;126;142m██[38;2;147;123;142m██[38;2;161;135;151m██[38;2;230;210;206m██[38;2;251;234;224m██[38;2;251;234;225m██[38;2;250;234;224m██[38;2;244;226;217m██[38;2;233;212;206m██[38;2;239;217;205m██[38;2;71;50;68m██[38;2;68;51;67m██[38;2;67;49;65m██[38;2;56;42;59m██[38;2;48;36;53m██[38;2;64;49;62m██[38;2;0;0;0m    
[38;2;0;0;0m  [38;2;0;7;7m  [38;2;63;48;61m██[38;2;63;48;62m██[38;2;67;49;63m██[38;2;83;61;78m██[38;2;161;129;142m██[38;2;169;137;148m██[38;2;172;140;151m██[38;2;176;146;156m██[38;2;200;172;177m██[38;2;250;234;224m██[38;2;250;235;226m██[38;2;251;234;226m██[38;2;250;235;226m██[38;2;251;234;226m██[38;2;250;234;225m██[38;2;250;233;223m██[38;2;204;181;178m██[38;2;129;102;113m██[38;2;66;48;64m████[38;2;46;35;53m██[38;2;60;45;60m██[38;2;61;46;62m██[38;2;35;28;40m  [38;2;0;0;0m  
[38;2;0;0;0m    [38;2;65;48;61m██[38;2;64;48;61m██[38;2;67;50;64m██[38;2;109;79;95m██[38;2;169;135;147m██[38;2;176;144;155m██[38;2;190;161;168m██[38;2;246;227;218m██[38;2;251;234;226m██[38;2;250;236;227m████████[38;2;251;234;226m████[38;2;250;233;223m██[38;2;106;82;96m██[38;2;183;158;156m██[38;2;66;48;64m██[38;2;64;49;64m██[38;2;48;36;53m██[38;2;61;47;60m██[38;2;57;44;59m██[38;2;61;47;61m██[38;2;0;0;0m  
[38;2;0;0;0m  [38;2;25;19;27m  [38;2;62;47;62m██[38;2;60;46;60m██[38;2;66;49;64m██[38;2;141;104;115m██[38;2;194;157;161m██[38;2;250;232;222m██[38;2;251;234;224m██[38;2;251;234;226m██[38;2;250;235;226m██[38;2;250;236;227m████[38;2;251;236;227m██[38;2;250;235;226m██[38;2;247;229;220m██[38;2;251;234;226m██[38;2;251;233;222m██[38;2;129;105;114m██[38;2;244;222;208m██[38;2;67;49;65m██[38;2;66;49;63m██[38;2;54;40;55m██[38;2;59;45;59m██[38;2;58;43;58m██[38;2;23;25;41m██[38;2;13;11;20m  
[38;2;0;0;0m  [38;2;41;32;53m  [38;2;61;45;59m██[38;2;53;42;57m██[38;2;65;48;62m██[38;2;62;47;64m██[38;2;186;144;149m██[38;2;235;214;206m██[38;2;251;234;226m██[38;2;250;235;227m██[38;2;249;235;226m██[38;2;250;236;227m██[38;2;248;231;223m██[38;2;245;227;220m██[38;2;251;235;227m██[38;2;251;234;226m████[38;2;242;222;212m██[38;2;188;163;160m██[38;2;75;63;78m██[38;2;67;49;63m██[38;2;64;48;62m██[38;2;58;44;58m██[38;2;50;38;53m██[38;2;60;45;59m██[38;2;25;27;43m██[38;2;23;18;26m  
[38;2;0;0;0m  [38;2;56;43;59m  [38;2;61;45;60m██[38;2;36;29;46m██[38;2;61;47;60m██[38;2;54;41;56m██[38;2;38;32;52m██[38;2;37;30;51m██[38;2;250;233;222m██[38;2;251;235;226m██[38;2;250;235;226m██[38;2;250;236;227m████[38;2;250;235;226m██[38;2;251;234;226m████[38;2;251;234;225m██[38;2;239;219;209m██[38;2;85;67;85m██[38;2;28;24;44m██[38;2;59;45;61m██[38;2;63;49;62m██[38;2;54;41;56m██[38;2;43;33;49m██[38;2;49;36;52m██[38;2;30;27;43m██[38;2;0;0;0m  
[38;2;0;0;0m  [38;2;59;46;60m██[38;2;59;43;57m██[38;2;27;23;40m██[38;2;60;47;59m██[38;2;63;49;64m██[38;2;50;38;56m██[38;2;50;56;80m██[38;2;192;226;236m██[38;2;201;236;245m██[38;2;202;234;244m██[38;2;237;229;225m██[38;2;251;234;226m████████[38;2;251;234;224m██[38;2;196;163;167m██[38;2;70;69;91m██[38;2;120;149;166m██[38;2;126;154;170m██[38;2;71;63;81m██[38;2;28;25;42m██[38;2;26;24;41m██[38;2;59;45;59m██[38;2;13;10;14m  [38;2;0;0;0m  
[38;2;0;0;0m  [38;2;59;45;59m██[38;2;53;38;55m██[38;2;36;27;44m██[38;2;31;26;43m██[38;2;62;48;63m██[38;2;69;56;75m██[38;2;193;232;241m██[38;2;198;235;244m██[38;2;201;235;245m██[38;2;199;236;245m██[38;2;201;236;245m██[38;2;246;228;221m██[38;2;251;234;223m██[38;2;251;234;224m██[38;2;250;232;221m██[38;2;200;163;167m██[38;2;184;181;192m██[38;2;196;235;242m██[38;2;195;233;244m██[38;2;192;232;242m██[38;2;186;229;239m██[38;2;61;77;98m██[38;2;33;29;47m  [38;2;0;0;0m      
[38;2;0;0;0m  [38;2;20;18;32m  [38;2;25;26;45m██[38;2;58;44;58m██[38;2;27;22;40m██[38;2;26;23;41m██[38;2;64;75;97m██[38;2;195;232;243m██[38;2;199;235;244m██[38;2;199;236;245m████[38;2;189;226;239m██[38;2;167;161;178m██[38;2;202;161;165m██[38;2;200;159;163m██[38;2;202;160;164m██[38;2;200;160;165m██[38;2;196;230;240m██[38;2;197;234;242m██[38;2;196;234;244m██[38;2;194;233;243m██[38;2;191;231;243m██[38;2;175;221;232m██[38;2;0;0;0m        
[38;2;0;0;0m    [38;2;21;19;33m  [38;2;29;25;43m██[38;2;43;32;49m██[38;2;52;36;54m██[38;2;116;94;117m██[38;2;135;180;208m██[38;2;168;210;229m██[38;2;165;209;228m██[38;2;138;184;212m██[38;2;113;161;195m██[38;2;134;161;189m██[38;2;188;151;161m██[38;2;199;156;161m██[38;2;200;155;161m██[38;2;197;157;163m██[38;2;140;183;210m██[38;2;169;212;230m██[38;2;191;231;242m██[38;2;192;232;243m██[38;2;172;217;234m██[38;2;108;157;190m██[38;2;0;0;0m        
[38;2;0;0;0m        [38;2;183;119;130m  [38;2;245;173;180m██[38;2;247;178;186m██[38;2;120;158;193m██[38;2;113;159;195m██[38;2;111;159;194m██[38;2;110;158;194m██[38;2;112;158;194m██[38;2;155;176;201m██[38;2;156;176;200m██[38;2;153;158;181m██[38;2;185;146;156m██[38;2;150;148;170m██[38;2;116;155;190m██[38;2;109;157;193m██[38;2;109;158;193m██[38;2;108;158;193m██[38;2;110;157;193m██[38;2;105;146;181m  [38;2;0;0;0m        
[38;2;0;0;0m      [38;2;89;57;77m  [38;2;248;176;184m██[38;2;249;179;187m████[38;2;240;178;189m██[38;2;138;157;187m██[38;2;121;156;191m██[38;2;122;141;173m██[38;2;96;92;111m██[38;2;197;208;218m██[38;2;158;179;201m██[38;2;154;174;198m██[38;2;144;93;129m██[38;2;152;89;125m██[38;2;155;174;197m██[38;2;114;157;193m██[38;2;109;155;191m██[38;2;109;154;190m██[38;2;118;154;189m██[38;2;205;141;156m  [38;2;105;70;75m  [38;2;0;0;0m      
[38;2;0;0;0m      [38;2;237;163;170m  [38;2;249;179;186m██[38;2;250;180;188m██[38;2;248;183;189m████[38;2;248;178;187m██[38;2;239;168;180m██[38;2;247;174;181m██[38;2;49;36;56m██[38;2;192;186;194m██[38;2;240;241;241m██[38;2;186;197;211m██[38;2;148;85;120m██[38;2;95;60;83m██[38;2;227;216;219m██[38;2;176;170;183m██[38;2;229;172;183m██[38;2;51;46;70m██[38;2;241;168;177m██[38;2;246;179;188m██[38;2;248;179;188m██[38;2;248;176;181m██[38;2;37;18;27m  [38;2;0;0;0m  
[38;2;0;0;0m      [38;2;249;178;184m██[38;2;249;181;189m██[38;2;248;183;189m██████[38;2;250;180;188m██[38;2;171;98;132m██[38;2;248;176;184m██[38;2;98;63;81m██[38;2;155;144;155m██[38;2;223;221;223m██[38;2;235;224;225m██[38;2;203;131;151m██[38;2;233;156;170m██[38;2;164;101;126m██[38;2;131;116;134m██[38;2;247;178;187m██[38;2;86;55;73m██[38;2;178;118;131m██[38;2;247;179;188m██[38;2;233;163;176m██[38;2;247;179;188m██[38;2;240;167;175m  [38;2;0;0;0m  
[38;2;0;0;0m    [38;2;103;69;74m  [38;2;250;180;187m██[38;2;248;183;189m████████[38;2;249;180;188m██[38;2;210;137;156m██[38;2;248;174;182m██[38;2;182;119;132m██[38;2;83;58;76m██[38;2;222;218;217m██[38;2;228;159;171m██[38;2;227;150;164m██[38;2;225;148;162m██[38;2;236;161;171m██[38;2;218;175;184m██[38;2;248;178;187m██[38;2;186;122;135m██[38;2;95;60;78m██[38;2;248;177;185m██[38;2;185;113;142m██[38;2;239;170;180m██[38;2;248;179;186m██[38;2;78;51;59m  
[38;2;0;0;0m    [38;2;217;147;157m  [38;2;249;179;187m██[38;2;250;180;188m██[38;2;247;181;189m██[38;2;248;181;189m██[38;2;249;181;189m██[38;2;250;180;188m██[38;2;242;170;178m██[38;2;242;165;175m██[38;2;230;150;161m██[38;2;72;49;66m██[38;2;242;169;175m██[38;2;248;175;184m██[38;2;221;144;158m██[38;2;173;98;130m██[38;2;238;162;173m██[38;2;240;167;176m██[38;2;247;176;185m██[38;2;244;170;177m██[38;2;81;53;70m██[38;2;244;168;176m██[38;2;165;93;128m██[38;2;243;172;181m██[38;2;246;179;187m██[38;2;223;153;163m  
[38;2;0;0;0m    [38;2;243;169;176m██[38;2;247;177;185m████[38;2;249;179;187m████████[38;2;248;176;182m██[38;2;237;160;171m██[38;2;235;154;164m██[38;2;72;48;64m██[38;2;189;123;135m██[38;2;246;173;181m██[38;2;239;164;174m██[38;2;245;172;180m██[38;2;247;174;181m██[38;2;233;158;170m██[38;2;248;175;184m██[38;2;247;174;181m██[38;2;103;64;81m██[38;2;154;98;112m██[38;2;160;89;124m██[38;2;246;173;181m██[38;2;246;176;184m██[38;2;246;172;180m██
[38;2;0;0;0m  [38;2;106;62;77m  [38;2;242;169;178m██[38;2;243;171;179m██[38;2;244;171;180m██[38;2;245;172;181m██[38;2;245;173;182m██[38;2;246;175;183m██[38;2;246;174;183m██[38;2;246;173;181m██[38;2;214;135;152m██[38;2;238;158;168m██[38;2;75;49;65m██[38;2;109;68;83m██[38;2;246;169;178m██[38;2;245;169;178m██[38;2;239;163;173m██[38;2;247;171;178m██[38;2;224;148;160m██[38;2;246;173;180m██[38;2;245;171;180m██[38;2;214;137;150m██[38;2;74;50;66m██[38;2;191;115;138m██[38;2;242;169;178m██[38;2;243;171;180m██[38;2;243;171;179m██
[38;2;0;0;0m  [38;2;234;158;167m██[38;2;235;158;169m██[38;2;210;132;152m██[38;2;184;108;135m██[38;2;225;145;161m██[38;2;241;162;172m██[38;2;242;165;175m██[38;2;242;166;176m██[38;2;243;166;175m██[38;2;214;134;151m██[38;2;240;159;168m██[38;2;77;50;65m██[38;2;80;50;66m██[38;2;242;162;172m██[38;2;244;165;174m██[38;2;226;146;158m██[38;2;134;83;97m██[38;2;222;143;157m██[38;2;244;167;176m██[38;2;243;166;174m██[38;2;229;150;161m██[38;2;87;54;69m██[38;2;169;106;118m██[38;2;238;161;171m██[38;2;239;163;173m████[0m
