
[38;2;0;0;0m                [38;2;64;64;64m  [38;2;225;225;186m  [38;2;213;209;159m██[38;2;216;213;161m██[38;2;221;218;167m██[38;2;222;219;173m██[38;2;223;220;174m██[38;2;216;210;157m██[38;2;201;192;131m██[38;2;195;186;124m██[38;2;214;211;166m  [38;2;144;131;94m  [38;2;48;48;16m  [38;2;0;0;0m              
[38;2;0;0;0m        [38;2;43;43;43m    [38;2;64;64;64m  [38;2;101;98;67m  [38;2;216;215;175m  [38;2;226;227;188m██[38;2;226;226;185m██[38;2;227;227;186m██[38;2;227;226;185m██[38;2;205;196;132m██[38;2;226;227;189m██[38;2;211;205;149m██[38;2;208;202;143m██[38;2;219;216;168m██[38;2;225;226;186m██[38;2;224;226;188m██[38;2;186;170;107m  [38;2;43;43;21m  [38;2;0;0;0m            
[38;2;0;0;0m      [38;2;64;64;64m  [38;2;196;198;200m  [38;2;200;203;199m  [38;2;183;182;174m  [38;2;225;226;189m  [38;2;227;228;187m██[38;2;228;229;187m████[38;2;228;229;186m████[38;2;228;228;186m██[38;2;228;228;185m██[38;2;227;227;186m██[38;2;227;228;186m████[38;2;226;228;187m██[38;2;226;227;186m██[38;2;225;226;186m██[38;2;231;229;181m  [38;2;80;64;32m  [38;2;0;0;0m          
[38;2;0;0;0m      [38;2;128;129;133m  [38;2;197;200;198m██[38;2;136;133;141m  [38;2;225;227;190m  [38;2;227;228;188m██[38;2;228;229;187m██[38;2;229;229;187m██[38;2;229;230;187m██[38;2;229;229;187m██[38;2;229;229;186m████[38;2;228;229;186m██[38;2;227;228;186m████████████[38;2;231;229;176m██[38;2;219;197;137m  [38;2;43;43;21m  [38;2;0;0;0m        
[38;2;0;0;0m    [38;2;128;128;128m  [38;2;190;194;196m  [38;2;137;135;152m██[38;2;197;198;174m██[38;2;227;228;189m██[38;2;228;229;188m██[38;2;229;229;188m██[38;2;229;230;187m██[38;2;228;229;187m██[38;2;223;222;174m██[38;2;227;227;182m██[38;2;229;230;186m██[38;2;228;229;186m██[38;2;196;185;112m██[38;2;194;183;113m██[38;2;218;216;167m██[38;2;227;228;186m██[38;2;228;229;186m██[38;2;228;228;186m██[38;2;232;229;176m██[38;2;220;199;143m██[38;2;99;72;41m  [38;2;0;0;0m        
[38;2;0;0;0m    [38;2;112;112;112m  [38;2;176;187;189m  [38;2;142;142;155m██[38;2;227;228;194m██[38;2;228;229;190m██[38;2;229;230;189m██[38;2;229;230;188m██[38;2;229;229;187m██[38;2;191;177;96m██[38;2;223;222;175m██[38;2;230;229;187m██[38;2;230;230;185m██[38;2;229;229;185m██[38;2;228;228;187m██[38;2;222;221;175m██[38;2;199;187;120m██[38;2;221;218;170m██[38;2;228;228;186m██[38;2;232;230;180m██[38;2;233;230;176m██[38;2;223;203;152m██[38;2;194;179;142m  [38;2;74;74;21m  [38;2;0;0;0m      
[38;2;0;0;0m    [38;2;195;237;237m  [38;2;205;217;214m██[38;2;132;136;140m██[38;2;233;235;209m██[38;2;232;233;199m██[38;2;230;231;190m██[38;2;229;230;188m██[38;2;203;193;124m██[38;2;228;228;185m██[38;2;229;229;185m██[38;2;229;229;184m████████[38;2;228;228;185m██[38;2;224;222;176m██[38;2;212;204;148m██[38;2;230;229;182m██[38;2;234;231;176m██[38;2;234;229;178m██[38;2;230;210;153m██[38;2;190;175;138m██[38;2;104;83;54m  [38;2;0;0;0m      
[38;2;0;0;0m  [38;2;32;32;32m  [38;2;206;220;217m  [38;2;211;220;214m██[38;2;152;156;165m██[38;2;207;209;199m██[38;2;238;240;216m██[38;2;235;236;203m██[38;2;235;235;202m██[38;2;230;230;188m██[38;2;229;229;185m██[38;2;229;229;184m██[38;2;229;229;183m██[38;2;229;228;183m██[38;2;229;228;182m████[38;2;228;227;182m██[38;2;215;206;147m██[38;2;227;226;183m██[38;2;218;207;143m██[38;2;234;227;174m██[38;2;233;218;162m██[38;2;223;200;148m██[38;2;191;176;139m██[38;2;189;175;139m  [38;2;106;106;85m  [38;2;0;0;0m    
[38;2;0;0;0m  [38;2;106;106;106m  [38;2;206;213;211m  [38;2;197;204;202m██[38;2;201;206;203m██[38;2;207;209;190m██[38;2;228;228;191m██[38;2;236;237;207m██[38;2;228;223;183m██[38;2;232;231;190m██[38;2;235;234;196m██[38;2;230;228;182m██[38;2;229;227;181m██[38;2;229;226;180m██[38;2;229;227;181m██[38;2;229;227;180m██[38;2;228;227;180m██[38;2;228;226;183m██[38;2;233;231;181m██[38;2;233;229;173m██[38;2;231;215;154m██[38;2;225;202;152m██[38;2;206;186;141m██[38;2;187;173;138m██[38;2;172;151;115m  [38;2;88;57;47m  [38;2;0;0;0m    
[38;2;0;0;0m    [38;2;130;137;140m  [38;2;196;200;202m██[38;2;208;213;209m██[38;2;189;192;177m██[38;2;225;226;189m██[38;2;225;224;184m██[38;2;228;227;184m██[38;2;235;234;197m██[38;2;237;236;201m██[38;2;234;233;192m██[38;2;237;236;202m██[38;2;233;231;190m██[38;2;233;231;189m██[38;2;230;228;183m██[38;2;232;230;191m██[38;2;229;227;191m██[38;2;232;226;169m██[38;2;233;220;163m██[38;2;206;183;128m██[38;2;192;173;132m██[38;2;188;173;136m██[38;2;185;171;136m██[38;2;174;157;123m██[38;2;137;116;90m  [38;2;0;0;0m    
[38;2;0;0;0m    [38;2;193;200;204m  [38;2;197;203;205m██[38;2;152;174;183m██[38;2;214;222;215m██[38;2;217;221;212m██[38;2;207;201;159m██[38;2;224;219;167m██[38;2;227;223;175m██[38;2;227;223;174m████[38;2;228;224;176m██[38;2;228;225;178m██[38;2;228;225;176m██[38;2;222;214;158m██[38;2;227;223;173m██[38;2;229;223;166m██[38;2;220;196;129m██[38;2;223;197;134m██[38;2;193;173;125m██[38;2;188;172;133m██[38;2;186;170;133m██[38;2;184;168;133m██[38;2;182;167;133m██[38;2;175;158;121m  [38;2;43;43;43m  [38;2;0;0;0m  
[38;2;0;0;0m    [38;2;48;48;48m  [38;2;127;156;176m  [38;2;182;227;230m  [38;2;213;223;217m██[38;2;215;220;212m██[38;2;203;202;177m██[38;2;223;219;173m██[38;2;224;219;168m████[38;2;223;217;165m██[38;2;207;184;127m██[38;2;224;218;167m██[38;2;224;219;167m██[38;2;209;194;126m██[38;2;224;219;167m██[38;2;228;217;152m██[38;2;194;169;111m██[38;2;200;177;126m██[38;2;187;168;125m██[38;2;168;140;95m██[38;2;180;162;121m██[38;2;182;165;130m██[38;2;179;163;127m██[38;2;171;151;110m  [38;2;74;53;53m  [38;2;0;0;0m  
[38;2;0;0;0m      [38;2;43;43;106m  [38;2;155;197;208m  [38;2;169;183;183m██[38;2;208;202;157m██[38;2;208;196;143m██[38;2;222;215;168m██[38;2;223;215;165m██[38;2;222;213;162m██[38;2;192;167;99m██[38;2;225;204;171m██[38;2;223;214;163m██[38;2;222;214;161m██[38;2;201;180;110m██[38;2;224;215;159m██[38;2;218;193;125m██[38;2;209;159;123m██[38;2;180;155;102m██[38;2;184;165;120m██[38;2;164;134;85m██[38;2;175;154;110m██[38;2;180;163;124m██[38;2;178;162;124m██[38;2;162;138;99m██[38;2;55;48;13m  [38;2;0;0;0m  
[38;2;0;0;0m      [38;2;135;153;159m  [38;2;174;220;222m  [38;2;176;207;202m██[38;2;199;184;132m██[38;2;210;200;149m██[38;2;202;184;124m██[38;2;219;210;159m██[38;2;188;161;94m██[38;2;222;200;167m██[38;2;215;194;160m██[38;2;220;210;154m██[38;2;220;211;157m██[38;2;198;175;110m██[38;2;225;213;147m██[38;2;189;161;103m██[38;2;208;160;129m██[38;2;180;130;86m██[38;2;181;157;109m██[38;2;167;139;90m██[38;2;174;151;103m██[38;2;179;160;118m██[38;2;179;161;119m██[38;2;167;145;106m██[38;2;170;147;99m  [38;2;93;74;52m  
[38;2;0;0;0m    [38;2;128;128;128m  [38;2;193;183;147m  [38;2;175;210;207m██[38;2;170;212;217m██[38;2;184;165;115m██[38;2;211;199;148m██[38;2;198;178;121m██[38;2;182;147;89m██[38;2;215;184;151m██[38;2;211;177;138m██[38;2;194;165;109m██[38;2;220;210;157m██[38;2;205;186;126m██[38;2;213;198;142m██[38;2;212;185;119m██[38;2;198;161;124m██[38;2;214;170;145m██[38;2;212;162;136m██[38;2;190;137;103m██[38;2;173;145;91m██[38;2;173;150;100m██[38;2;177;158;113m██[38;2;177;158;114m██[38;2;180;161;117m  [38;2;74;74;74m  [38;2;64;64;0m  
[38;2;0;0;0m    [38;2;128;128;128m  [38;2;194;179;140m  [38;2;197;183;136m██[38;2;212;205;161m██[38;2;201;186;133m██[38;2;180;151;94m██[38;2;205;166;129m██[38;2;222;182;151m██[38;2;221;194;166m██[38;2;218;200;174m██[38;2;205;184;126m██[38;2;185;151;89m██[38;2;198;164;118m██[38;2;203;180;120m██[38;2;182;146;91m██[38;2;205;158;130m██[38;2;203;142;117m██[38;2;202;136;108m██[38;2;203;134;106m██[38;2;212;144;116m██[38;2;172;146;94m██[38;2;176;156;108m██[38;2;170;148;100m██[38;2;174;155;111m██[38;2;177;197;206m  [38;2;164;191;204m  
[38;2;0;0;0m      [38;2;75;59;43m  [38;2;189;168;119m██[38;2;206;191;137m██[38;2;218;208;159m██[38;2;222;180;147m██[38;2;118;75;45m██[38;2;109;68;37m██[38;2;107;67;27m██[38;2;125;91;53m██[38;2;222;209;186m██[38;2;221;199;169m██[38;2;186;156;95m██[38;2;183;150;92m██[38;2;213;194;168m██[38;2;125;79;44m██[38;2;148;85;30m██[38;2;165;95;43m██[38;2;152;98;85m██[38;2;211;146;119m██[38;2;175;149;98m██[38;2;176;154;106m██[38;2;154;125;78m██[38;2;174;154;110m██[38;2;119;145;189m  [38;2;119;151;196m  
[38;2;0;0;0m      [38;2;74;74;21m  [38;2;216;209;161m  [38;2;201;185;132m██[38;2;217;207;157m██[38;2;208;177;141m██[38;2;218;172;138m██[38;2;213;186;158m██[38;2;188;136;77m██[38;2;207;169;111m██[38;2;226;215;194m██[38;2;222;208;181m██[38;2;224;209;182m██[38;2;225;213;189m██[38;2;225;214;192m██[38;2;205;177;169m██[38;2;219;192;132m██[38;2;210;174;118m██[38;2;216;150;122m██[38;2;200;140;119m██[38;2;179;155;104m██[38;2;176;154;107m██[38;2;156;129;88m██[38;2;174;153;107m  [38;2;64;48;32m  [38;2;21;43;106m  
[38;2;0;0;0m      [38;2;32;32;0m  [38;2;206;193;149m  [38;2;165;131;80m██[38;2;202;186;132m██[38;2;213;197;147m██[38;2;228;205;181m██[38;2;226;198;170m██[38;2;223;189;135m██[38;2;221;202;172m██[38;2;227;217;193m██[38;2;227;217;192m██[38;2;227;215;191m██[38;2;226;216;192m██[38;2;226;215;192m██[38;2;226;213;190m██[38;2;222;205;181m██[38;2;211;160;135m██[38;2;216;164;142m██[38;2;174;126;80m  [38;2;188;164;113m  [38;2;158;129;81m██[38;2;155;127;86m██[38;2;169;144;97m  [38;2;64;64;48m  [38;2;0;0;0m  
[38;2;0;0;0m        [38;2;140;120;102m  [38;2;214;206;158m██[38;2;175;148;93m██[38;2;210;198;148m██[38;2;205;180;142m██[38;2;229;210;185m██[38;2;229;213;188m██[38;2;228;216;192m██[38;2;227;217;193m██[38;2;228;216;191m██[38;2;229;216;194m██[38;2;220;184;157m██[38;2;225;211;188m██[38;2;226;214;191m██[38;2;226;211;188m██[38;2;219;171;148m██[38;2;217;167;143m  [38;2;97;88;80m  [38;2;172;143;96m  [38;2;192;171;117m██[38;2;166;140;98m██[38;2;149;168;178m  [38;2;81;86;93m  [38;2;0;0;0m  
[38;2;0;0;0m        [38;2;43;43;21m  [38;2;209;195;149m  [38;2;203;190;140m██[38;2;173;148;100m██[38;2;171;138;81m██[38;2;223;207;180m██[38;2;228;215;190m██[38;2;227;216;192m██[38;2;228;217;192m██[38;2;228;216;190m██[38;2;228;213;187m██[38;2;220;182;156m██[38;2;219;184;157m██[38;2;225;213;192m██[38;2;222;200;178m██[38;2;215;173;153m██[38;2;134;87;77m  [38;2;80;80;53m  [38;2;107;81;70m  [38;2;211;203;161m██[38;2;187;172;138m██[38;2;155;184;204m██[38;2;157;188;206m  [38;2;77;81;88m  
[38;2;0;0;0m          [38;2;106;106;69m  [38;2;202;188;140m  [38;2;212;204;162m██[38;2;153;120;71m  [38;2;207;177;142m  [38;2;226;215;191m██[38;2;226;217;193m██[38;2;227;217;193m████[38;2;227;216;194m██[38;2;223;203;179m██[38;2;225;214;193m██[38;2;223;211;191m██[38;2;214;178;156m██[38;2;211;164;145m  [38;2;128;43;21m  [38;2;0;0;0m  [38;2;80;80;64m  [38;2;218;213;172m  [38;2;197;185;143m██[38;2;149;145;139m██[38;2;150;181;201m██[38;2;157;191;208m  
[38;2;0;0;0m          [38;2;106;74;53m  [38;2;218;213;177m██[38;2;204;194;150m██[38;2;184;164;118m  [38;2;87;68;53m  [38;2;207;179;149m██[38;2;224;215;192m██[38;2;226;217;194m████[38;2;227;212;186m██[38;2;224;210;185m██[38;2;224;214;194m██[38;2;215;180;158m██[38;2;210;168;149m  [38;2;99;57;41m  [38;2;0;0;0m    [38;2;128;128;128m  [38;2;222;217;172m  [38;2;199;184;135m██[38;2;203;186;142m  [38;2;139;164;186m  [38;2;160;194;211m  
[38;2;0;0;0m          [38;2;128;128;128m  [38;2;226;224;187m  [38;2;209;201;152m██[38;2;206;198;154m  [38;2;80;64;48m  [38;2;176;148;94m  [38;2;116;73;59m  [38;2;224;214;193m██[38;2;225;215;193m██[38;2;225;216;194m██[38;2;224;214;194m██[38;2;216;187;164m██[38;2;188;137;109m  [38;2;80;62;40m  [38;2;0;0;0m      [38;2;85;64;43m  [38;2;211;204;159m  [38;2;196;182;128m██[38;2;219;219;186m██[38;2;57;49;30m  [38;2;64;112;112m  
[38;2;0;0;0m          [38;2;85;85;43m  [38;2;221;219;180m  [38;2;205;196;146m██[38;2;226;222;187m  [38;2;117;117;90m  [38;2;31;27;33m  [38;2;185;165;165m  [38;2;216;177;153m██[38;2;209;167;141m██[38;2;224;215;194m██[38;2;220;200;179m██[38;2;210;171;151m██[38;2;130;97;96m  [38;2;0;0;0m          [38;2;199;185;139m  [38;2;185;167;108m██[38;2;219;219;184m██[38;2;175;157;108m  [38;2;43;21;21m  
[38;2;0;0;0m          [38;2;112;112;96m  [38;2;221;218;176m  [38;2;220;217;178m██[38;2;228;226;195m██[38;2;183;181;186m  [38;2;196;195;198m  [38;2;172;144;145m██[38;2;214;175;155m██[38;2;214;175;156m██[38;2;216;180;159m██[38;2;207;172;157m██[38;2;160;145;157m██[38;2;110;129;168m  [38;2;89;83;90m  [38;2;0;0;0m        [38;2;193;183;137m  [38;2;174;151;90m  [38;2;221;220;182m██[38;2;216;214;177m  [38;2;61;65;39m  
[38;2;0;0;0m          [38;2;124;101;80m  [38;2;219;215;169m██[38;2;223;220;180m██[38;2;203;192;146m██[38;2;193;184;156m██[38;2;199;199;200m██[38;2;144;130;152m██[38;2;149;143;162m██[38;2;128;143;175m██[38;2;173;176;190m██[38;2;190;188;195m██[38;2;193;191;197m██[38;2;175;170;185m██[38;2;116;112;149m  [38;2;159;159;159m  [38;2;0;0;0m    [38;2;99;99;86m  [38;2;221;216;174m  [38;2;74;60;31m  [38;2;220;219;181m██[38;2;219;218;180m██[38;2;130;116;68m  [0m
