
[38;2;0;0;0m                  [38;2;1;0;0m  [38;2;46;25;24m██[38;2;115;62;60m██[38;2;140;75;73m██[38;2;142;77;75m██[38;2;141;76;74m████[38;2;143;77;75m██[38;2;132;71;69m██[38;2;66;36;35m██[38;2;1;0;0m  [38;2;0;0;0m                    
[38;2;0;0;0m              [38;2;3;2;2m  [38;2;120;64;63m██[38;2;138;75;73m██[38;2;139;75;73m██████████████████[38;2;139;74;72m██[38;2;126;68;66m██[38;2;0;0;0m                  
[38;2;0;0;0m            [38;2;61;33;32m██[38;2;138;74;72m██[38;2;139;75;73m██████████████████[38;2;138;76;74m██[38;2;197;36;46m██[38;2;210;28;41m██[38;2;210;28;42m██[38;2;190;40;50m██[38;2;13;7;7m  [38;2;0;0;0m              
[38;2;0;0;0m          [38;2;98;54;52m██[38;2;138;74;72m██[38;2;139;75;73m████████████████████[38;2;209;28;41m██[38;2;234;153;159m██[38;2;251;250;250m██[38;2;255;253;253m██[38;2;230;134;141m██[38;2;203;31;43m██[38;2;14;8;7m██[38;2;0;0;0m            
[38;2;0;0;0m        [38;2;137;82;70m██[38;2;139;75;73m██[38;2;138;74;72m  [38;2;139;75;73m████████████████[38;2;142;77;74m██[38;2;172;86;79m██[38;2;217;72;82m██[38;2;254;254;254m██[38;2;4;4;4m██[38;2;238;238;238m██[38;2;178;178;178m██[38;2;212;49;61m██[38;2;144;72;71m██[38;2;0;0;0m            
[38;2;0;0;0m      [38;2;76;46;40m██[38;2;192;117;98m██[38;2;139;76;73m██[38;2;151;85;79m██[38;2;139;75;73m██████████████[38;2;154;87;80m██[38;2;158;90;82m██[38;2;200;66;66m██[38;2;238;172;177m██[38;2;224;224;224m██[38;2;136;136;136m██[38;2;148;148;148m██[38;2;176;176;176m██[38;2;238;172;177m██[38;2;172;53;58m██[38;2;129;70;68m██[38;2;0;0;0m          
[38;2;0;0;0m    [38;2;1;0;0m  [38;2;190;116;98m██[38;2;141;76;74m██[38;2;169;98;87m██[38;2;140;76;73m████████████████[38;2;139;75;73m████[38;2;174;65;66m██[38;2;230;134;142m██[38;2;155;155;155m██[38;2;189;189;189m██[38;2;4;4;4m██[38;2;254;254;254m██[38;2;231;140;147m██[38;2;164;58;61m██[38;2;139;75;73m██[38;2;29;16;15m██[38;2;0;0;0m        
[38;2;0;0;0m    [38;2;94;51;49m██[38;2;140;76;74m██[38;2;141;76;74m██[38;2;142;76;74m██[38;2;142;77;74m██████[38;2;140;76;74m██[38;2;131;72;70m██[38;2;142;77;75m██[38;2;142;76;74m██████[38;2;140;76;74m██[38;2;134;74;72m██[38;2;208;26;39m██[38;2;255;253;253m██[38;2;255;255;255m██[38;2;250;250;250m██[38;2;255;254;254m██[38;2;208;26;39m██[38;2;138;76;74m██[38;2;134;72;71m██[38;2;125;67;67m██[38;2;0;0;0m        
[38;2;0;0;0m    [38;2;137;74;72m██[38;2;127;68;68m██[38;2;126;68;68m██[38;2;143;78;75m██[38;2;144;78;76m████[38;2;134;73;72m██[38;2;127;69;69m██[38;2;118;64;65m██[38;2;133;72;72m██[38;2;143;78;76m██[38;2;144;78;76m██[38;2;142;77;75m██[38;2;132;71;71m██[38;2;121;65;66m██[38;2;124;53;56m██[38;2;208;26;39m██[38;2;214;55;67m██[38;2;212;47;59m██[38;2;209;28;41m██[38;2;142;66;66m██[38;2;126;68;68m██[38;2;117;63;64m████[38;2;26;14;14m  [38;2;0;0;0m      
[38;2;0;0;0m  [38;2;23;12;12m██[38;2;116;63;64m██[38;2;87;49;51m██[38;2;118;64;65m██[38;2;120;65;66m██[38;2;123;66;68m██[38;2;125;67;68m██[38;2;128;69;70m██[38;2;129;70;70m██[38;2;115;63;64m██[38;2;130;70;71m████[38;2;129;70;70m██[38;2;126;68;69m██[38;2;124;67;68m██[38;2;120;65;66m██[38;2;66;35;38m██[38;2;114;62;64m██[38;2;122;56;59m██[38;2;116;56;59m██[38;2;108;58;60m██[38;2;109;58;60m██[38;2;108;58;60m██[38;2;111;60;61m██[38;2;113;60;62m██[38;2;110;58;60m██[38;2;0;0;0m      
[38;2;0;0;0m  [38;2;94;50;52m██[38;2;117;63;65m██[38;2;97;60;62m██[38;2;119;64;66m██[38;2;122;66;68m██[38;2;126;68;69m██[38;2;129;70;71m██[38;2;131;72;72m██[38;2;134;73;73m██[38;2;116;64;64m██[38;2;136;74;74m██[38;2;135;74;74m██[38;2;134;73;73m██[38;2;132;72;71m██[38;2;128;70;70m██[38;2;124;68;68m██[38;2;177;125;124m██[38;2;116;63;64m██[38;2;99;54;55m██[38;2;108;58;60m██[38;2;106;56;58m██[38;2;105;56;58m██[38;2;84;44;49m██[38;2;107;57;59m██[38;2;110;59;60m██[38;2;113;60;62m██[38;2;0;0;0m      
[38;2;0;0;0m  [38;2;120;64;66m██[38;2;103;56;58m██[38;2;144;98;97m██[38;2;122;66;68m██[38;2;126;68;70m██[38;2;130;72;72m██[38;2;134;74;74m██[38;2;138;76;75m██[38;2;140;77;77m██[38;2;119;66;66m██[38;2;144;79;78m████[38;2;142;78;78m██[38;2;140;76;76m██[38;2;135;74;74m██[38;2;130;71;72m██[38;2;150;101;101m██[38;2;106;65;67m██[38;2;94;52;54m██[38;2;110;58;61m██[38;2;106;57;59m██[38;2;105;56;58m██[38;2;81;44;47m██[38;2;106;57;59m██[38;2;108;58;60m██[38;2;112;60;62m██[38;2;18;10;10m██[38;2;0;0;0m    
[38;2;1;0;0m  [38;2;118;64;65m██[38;2;178;128;126m██[38;2;170;122;120m██[38;2;104;57;57m██[38;2;133;72;73m██[38;2;136;74;75m██[38;2;140;77;77m██[38;2;145;80;80m██[38;2;149;82;81m██[38;2;126;69;70m██[38;2;153;85;84m██[38;2;154;85;84m██[38;2;152;84;83m██[38;2;149;82;81m██[38;2;132;72;72m██[38;2;64;35;34m██[38;2;128;79;79m██[38;2;245;188;184m██[38;2;103;56;58m██[38;2;113;61;62m██[38;2;109;58;60m██[38;2;106;57;59m██[38;2;93;50;52m██[38;2;106;56;58m██[38;2;109;59;60m██[38;2;113;60;62m██[38;2;73;39;40m██[38;2;0;0;0m    
[38;2;12;6;7m██[38;2;123;67;68m██[38;2;254;206;201m██[38;2;219;176;171m██[38;2;133;73;73m██[38;2;80;44;44m██[38;2;40;22;22m██[38;2;147;81;80m██[38;2;152;84;83m██[38;2;156;86;85m██[38;2;130;72;72m██[38;2;162;90;88m██[38;2;163;90;88m██[38;2;162;90;88m██[38;2;34;19;19m██[38;2;100;55;54m██[38;2;148;82;81m██[38;2;128;73;73m██[38;2;252;233;226m██[38;2;88;48;51m██[38;2;120;65;66m██[38;2;114;62;63m██[38;2;110;59;61m██[38;2;106;57;59m██[38;2;96;51;54m██[38;2;112;60;62m██[38;2;115;62;63m██[38;2;114;61;62m██[38;2;0;0;0m    
[38;2;40;21;22m██[38;2;119;64;64m██[38;2;254;236;228m██[38;2;191;180;175m██[38;2;8;5;5m██[38;2;28;15;15m██[38;2;118;68;68m██[38;2;23;16;16m██[38;2;130;88;86m██[38;2;184;126;123m██[38;2;186;131;128m██[38;2;198;143;139m██[38;2;204;152;148m██[38;2;29;27;26m██[38;2;148;136;132m██[38;2;84;64;63m██[38;2;19;15;15m██[38;2;53;50;48m██[38;2;139;128;124m██[38;2;224;205;199m██[38;2;128;69;70m██[38;2;120;65;66m██[38;2;116;63;64m██[38;2;116;62;64m██[38;2;86;46;50m██[38;2;116;62;63m██[38;2;119;64;64m██[38;2;126;68;68m██[38;2;1;0;0m  [38;2;0;0;0m  
[38;2;70;37;37m██[38;2;87;45;46m██[38;2;155;145;140m██[38;2;0;0;0m██[38;2;11;11;11m██[38;2;96;98;97m██[38;2;23;16;16m██[38;2;92;45;44m██[38;2;254;235;228m██[38;2;255;235;228m████████[38;2;248;231;224m██[38;2;33;12;12m██[38;2;9;9;9m██[38;2;88;88;88m██[38;2;39;39;39m██[38;2;2;2;2m██[38;2;143;136;132m██[38;2;130;70;70m██[38;2;127;69;69m██[38;2;122;66;66m██[38;2;121;65;66m██[38;2;82;43;48m██[38;2;122;66;66m██[38;2;124;66;66m██[38;2;127;68;68m██[38;2;0;0;0m    
[38;2;96;52;51m██[38;2;40;22;24m██[38;2;2;1;1m██[38;2;168;168;168m██[38;2;138;103;108m██[38;2;46;12;17m██[38;2;250;249;249m██[38;2;217;194;194m██[38;2;255;235;228m██████████[38;2;248;226;218m██[38;2;218;199;196m██[38;2;149;111;116m██[38;2;56;6;14m██[38;2;209;195;197m██[38;2;234;234;234m██[38;2;1;1;1m██[38;2;97;53;52m██[38;2;134;72;72m██[38;2;130;70;70m██[38;2;126;68;68m██[38;2;78;42;46m██[38;2;128;69;68m████[38;2;130;70;69m██[38;2;0;0;0m    
[38;2;114;61;60m██[38;2;60;33;35m██[38;2;160;148;144m██[38;2;253;251;252m██[38;2;122;24;38m██[38;2;180;67;68m██[38;2;227;202;204m██[38;2;122;33;46m██[38;2;255;234;228m██[38;2;255;235;228m██████████[38;2;246;237;238m██[38;2;101;20;31m██[38;2;94;20;28m██[38;2;244;237;238m██[38;2;173;106;116m██[38;2;70;68;68m██[38;2;117;67;67m██[38;2;139;76;74m██[38;2;135;73;72m██[38;2;133;72;71m██[38;2;28;15;17m██[38;2;13;7;7m██[38;2;7;4;4m████[38;2;2;1;1m██[38;2;2;2;2m  
[38;2;129;70;68m██[38;2;83;44;48m██[38;2;237;222;216m██[38;2;250;234;236m██[38;2;223;72;80m██[38;2;254;110;102m██[38;2;214;59;73m██[38;2;198;36;59m██[38;2;254;234;227m██[38;2;255;235;228m██████████[38;2;230;175;183m██[38;2;185;48;62m██[38;2;254;106;102m██[38;2;183;42;59m██[38;2;199;61;80m██[38;2;254;230;225m██[38;2;115;69;69m██[38;2;144;78;76m██[38;2;65;36;34m██[38;2;10;10;11m██[38;2;52;57;78m██[38;2;96;104;140m██[38;2;97;104;140m██[38;2;69;74;100m██[38;2;77;83;112m██[38;2;101;109;146m██
[38;2;137;74;72m██[38;2;70;38;41m██[38;2;255;235;228m██[38;2;255;243;240m██[38;2;255;120;106m██[38;2;255;159;114m██[38;2;255;192;131m██[38;2;252;174;171m██[38;2;255;234;227m██[38;2;255;235;228m████████[38;2;255;234;227m██[38;2;252;232;230m██[38;2;255;156;120m██[38;2;255;175;122m██[38;2;253;135;109m██[38;2;244;183;192m██[38;2;254;201;201m██[38;2;51;32;33m██[38;2;2;2;2m██[38;2;168;176;197m██[38;2;155;163;184m██[38;2;66;71;96m██[38;2;96;103;139m██[38;2;52;56;77m██[38;2;39;43;59m██[38;2;40;44;60m██[38;2;89;96;130m██
[38;2;140;76;74m██[38;2;73;39;43m██[38;2;248;226;220m██[38;2;255;219;215m██[38;2;255;219;218m██[38;2;255;210;167m██[38;2;255;209;198m██[38;2;255;214;211m██[38;2;255;230;223m██[38;2;255;235;228m██[38;2;253;231;224m██[38;2;248;216;211m██[38;2;255;235;228m██[38;2;255;232;226m██[38;2;255;226;221m██[38;2;183;155;136m██[38;2;91;74;49m██[38;2;254;206;184m██[38;2;119;88;89m██[38;2;1;1;1m██[38;2;162;170;183m██[38;2;184;194;217m██[38;2;156;164;186m██[38;2;157;164;186m██[38;2;73;78;104m██[38;2;96;103;139m██[38;2;52;56;78m██[38;2;39;43;59m██[38;2;48;52;71m██[38;2;96;102;139m██
[38;2;141;76;74m██[38;2;85;45;50m██[38;2;174;160;156m██[38;2;255;212;210m██[38;2;255;195;196m██[38;2;255;186;188m██[38;2;255;189;191m██[38;2;255;206;204m██[38;2;255;226;221m██[38;2;255;234;227m██[38;2;205;82;96m██[38;2;242;142;147m██[38;2;254;236;228m██[38;2;255;234;226m██[38;2;210;193;188m██[38;2;61;65;86m██[38;2;48;52;70m██[38;2;0;0;0m██[38;2;126;131;144m██[38;2;211;221;244m██[38;2;213;223;246m██[38;2;212;222;245m██[38;2;157;165;187m████[38;2;71;76;100m██[38;2;96;103;139m██[38;2;96;104;140m██[38;2;80;86;117m██[38;2;95;102;137m██[38;2;97;104;140m██
[38;2;142;76;74m██[38;2;82;44;49m██[38;2;16;15;14m██[38;2;254;218;214m██[38;2;255;202;202m██[38;2;255;194;194m██[38;2;255;197;197m██[38;2;255;212;209m██[38;2;255;228;222m██[38;2;255;238;231m██[38;2;249;155;157m██[38;2;254;162;163m██[38;2;203;74;88m██[38;2;255;234;227m██[38;2;184;174;170m██[38;2;58;62;85m██[38;2;146;153;175m██[38;2;174;183;205m██[38;2;157;165;187m██[38;2;221;231;255m██[38;2;170;178;201m██[38;2;170;179;202m██[38;2;157;165;187m██[38;2;146;153;175m██[38;2;57;61;84m██[38;2;96;103;139m██[38;2;96;103;140m██[38;2;54;58;80m██[38;2;88;95;128m██[38;2;97;104;141m██
[38;2;142;76;74m██[38;2;82;44;48m██[38;2;72;38;42m██[38;2;178;164;160m██[38;2;255;222;218m██[38;2;255;216;213m██[38;2;255;218;214m██[38;2;255;226;221m██[38;2;255;234;227m██[38;2;252;230;224m██[38;2;218;118;127m██[38;2;216;120;128m██[38;2;218;124;132m██[38;2;255;237;230m██[38;2;164;159;154m██[38;2;193;201;217m██[38;2;157;165;187m████[38;2;162;170;193m██[38;2;220;230;255m██[38;2;184;193;216m██[38;2;118;125;147m██[38;2;80;85;116m██[38;2;97;104;140m██[38;2;72;77;105m██[38;2;96;103;139m██[38;2;97;104;140m██[38;2;47;51;69m██[38;2;84;91;124m██[38;2;96;103;139m██
[38;2;142;76;74m██[38;2;82;44;48m██[38;2;83;44;49m██[38;2;56;30;32m██[38;2;108;100;96m██[38;2;254;236;229m██[38;2;255;233;226m██[38;2;255;234;228m██[38;2;255;235;228m████████████[38;2;163;158;154m██[38;2;189;198;221m██[38;2;157;165;187m██[38;2;157;165;186m██[38;2;195;204;226m██[38;2;91;96;118m██[38;2;87;94;127m██[38;2;96;103;139m██████[38;2;94;102;137m██[38;2;95;102;137m██[38;2;96;103;139m██████[38;2;48;52;70m██[0m
