
[38;2;0;0;0m          [38;2;31;2;0m  [38;2;190;100;4m██[38;2;189;99;5m██[38;2;59;16;1m  [38;2;0;0;0m                  [38;2;0;6;6m  [38;2;20;172;98m  [38;2;0;0;0m  
[38;2;0;0;0m          [38;2;101;41;1m  [38;2;191;101;5m██[38;2;125;89;0m██[38;2;251;203;0m██[38;2;0;0;0m                      [38;2;188;21;171m  
[38;2;0;0;0m        [38;2;47;8;0m  [38;2;156;77;2m  [38;2;185;96;4m██[38;2;181;93;4m██[38;2;92;46;0m  [38;2;0;0;0m                      [38;2;243;88;170m  
[38;2;0;0;0m    [38;2;14;0;0m  [38;2;182;93;3m  [38;2;191;101;6m██████████[38;2;188;98;4m██[38;2;4;0;0m  [38;2;0;0;0m                    
[38;2;184;95;4m  [38;2;147;71;2m  [38;2;188;98;3m  [38;2;191;101;6m██████████████[38;2;110;48;2m  [38;2;0;0;0m        [38;2;52;12;1m  [38;2;31;0;0m  [38;2;0;0;0m        
[38;2;171;87;4m██[38;2;91;39;2m██[38;2;191;101;6m████████████[38;2;189;99;5m██[38;2;191;101;6m██[38;2;187;97;5m██[38;2;190;100;5m██[38;2;191;101;6m████[38;2;191;100;4m██[38;2;82;33;2m██[38;2;185;96;4m██[38;2;0;0;0m        
[38;2;255;204;0m██[38;2;142;69;2m██[38;2;191;101;6m██████████[38;2;190;100;5m██[38;2;144;70;2m██[38;2;191;101;6m██[38;2;179;91;4m██[38;2;190;100;5m██[38;2;191;101;6m████████[38;2;185;95;3m  [38;2;0;0;0m        
[38;2;13;0;0m  [38;2;153;75;3m  [38;2;191;101;6m████████[38;2;169;150;143m██[38;2;253;253;253m██[38;2;188;98;4m██[38;2;190;100;6m██[38;2;120;56;2m██[38;2;191;101;6m██████████[38;2;190;100;5m██[38;2;47;9;0m  [38;2;0;0;0m      
[38;2;0;0;0m  [38;2;56;13;0m  [38;2;191;101;6m████[38;2;67;22;2m██[38;2;188;96;5m██[38;2;223;219;219m██[38;2;242;241;240m██[38;2;190;100;5m██[38;2;86;37;3m██[38;2;190;100;5m██[38;2;206;142;85m  [38;2;248;242;238m██[38;2;245;237;229m██[38;2;193;111;38m██[38;2;191;101;6m████[38;2;68;22;1m  [38;2;0;0;0m      
[38;2;0;0;0m    [38;2;182;95;3m  [38;2;191;101;6m██[38;2;189;99;5m██[38;2;191;101;6m██[38;2;188;98;3m██[38;2;190;100;5m██[38;2;72;25;2m██[38;2;190;100;5m██[38;2;128;61;5m██[38;2;115;135;190m██[38;2;110;127;175m██[38;2;60;41;53m██[38;2;147;135;140m██[38;2;183;98;17m██[38;2;191;101;6m██[38;2;60;16;1m  [38;2;0;0;0m      
[38;2;0;0;0m      [38;2;92;37;2m██[38;2;181;93;4m██[38;2;149;73;3m██[38;2;83;66;79m██[38;2;123;141;194m██[38;2;93;92;123m██[38;2;74;44;41m██[38;2;124;141;194m██[38;2;204;209;226m██[38;2;125;141;194m██[38;2;125;140;192m██[38;2;129;145;194m██[38;2;182;94;4m██[38;2;190;100;5m██[38;2;20;0;0m  [38;2;0;0;0m      
[38;2;0;0;0m      [38;2;183;94;4m  [38;2;73;36;22m██[38;2;134;142;194m██[38;2;134;143;195m██[38;2;135;144;195m██[38;2;135;144;194m██[38;2;137;145;196m██[38;2;162;170;207m██[38;2;138;145;196m██[38;2;138;146;196m██[38;2;154;159;201m██[38;2;140;146;197m██[38;2;188;98;4m██[38;2;106;47;2m  [38;2;0;0;0m        
[38;2;0;0;0m        [38;2;147;147;197m██[38;2;184;181;212m██[38;2;158;155;200m██[38;2;149;148;198m██[38;2;158;154;199m██[38;2;162;159;201m██[38;2;184;182;214m██[38;2;150;148;196m██[38;2;148;147;196m██[38;2;187;182;213m██[38;2;161;157;200m██[38;2;157;154;199m██[38;2;130;128;162m  [38;2;0;0;0m        
[38;2;2;2;2m  [38;2;119;118;141m  [38;2;134;132;163m  [38;2;140;135;167m  [38;2;195;189;218m██[38;2;159;150;199m██[38;2;161;150;199m██[38;2;161;151;199m██[38;2;208;203;225m██[38;2;162;151;199m██[38;2;161;149;198m██[38;2;213;209;228m██[38;2;163;150;198m████[38;2;165;151;198m██[38;2;187;176;211m██[38;2;156;147;189m  [38;2;189;171;201m  [38;2;210;186;216m  [38;2;217;192;222m██[38;2;170;157;187m  
[38;2;217;192;222m██[38;2;195;175;206m  [38;2;118;117;139m  [38;2;124;123;155m  [38;2;175;162;204m██[38;2;196;186;216m██[38;2;173;159;202m██[38;2;170;155;201m████[38;2;172;159;202m██[38;2;170;157;201m██[38;2;191;182;213m██[38;2;175;162;204m██[38;2;170;156;201m██[38;2;172;157;202m██[38;2;171;157;201m██[38;2;164;155;195m  [38;2;0;0;0m  [38;2;74;74;101m  [38;2;216;191;221m  [38;2;217;192;222m██
[38;2;217;192;222m████[38;2;218;192;222m  [38;2;194;175;204m  [38;2;175;162;195m██[38;2;172;160;194m  [38;2;169;161;197m  [38;2;169;160;197m██[38;2;163;157;190m██[38;2;171;161;193m  [38;2;164;156;189m  [38;2;170;159;192m██[38;2;182;169;199m  [38;2;189;171;202m██[38;2;209;185;215m██[38;2;213;188;218m██[38;2;217;191;221m██[38;2;217;192;222m██████[38;2;192;174;204m  
[38;2;116;115;145m  [38;2;146;140;172m  [38;2;190;172;203m  [38;2;206;184;214m  [38;2;216;191;221m██[38;2;217;192;222m████████████████[38;2;216;191;221m██[38;2;205;182;212m██[38;2;175;161;192m██[38;2;151;143;174m  [38;2;128;127;159m  [38;2;108;108;149m  [38;2;0;0;0m    
[38;2;0;0;0m        [38;2;135;137;166m  [38;2;177;188;210m██[38;2;177;188;209m██[38;2;177;188;210m██[38;2;184;194;213m██[38;2;179;190;211m██[38;2;179;191;211m██[38;2;178;189;210m██[38;2;178;190;210m██[38;2;216;222;232m██[38;2;182;192;212m██[38;2;196;206;219m  [38;2;0;0;0m          
[38;2;0;0;0m        [38;2;0;0;10m  [38;2;168;184;200m  [38;2;188;206;217m██[38;2;182;200;213m██[38;2;181;200;213m██[38;2;181;201;213m██[38;2;182;202;213m██[38;2;192;209;219m██[38;2;183;203;214m██[38;2;182;203;214m██[38;2;186;205;215m██[38;2;110;110;146m  [38;2;0;0;0m          
[38;2;0;0;0m          [38;2;12;12;16m  [38;2;141;148;172m  [38;2;186;212;217m██[38;2;184;212;216m██[38;2;187;213;217m██[38;2;183;213;216m██[38;2;188;214;218m██[38;2;185;214;217m██[38;2;180;208;213m  [38;2;62;70;85m  [38;2;0;0;0m            
[38;2;137;90;255m  [38;2;136;87;255m  [38;2;137;90;255m  [38;2;11;6;28m  [38;2;0;0;0m      [38;2;96;97;133m  [38;2;135;138;166m  [38;2;173;196;205m  [38;2;182;212;215m██[38;2;152;167;185m  [38;2;124;124;154m  [38;2;0;0;0m            [38;2;100;57;223m  [38;2;136;88;255m  [0m
