
[38;2;0;0;0m                [38;2;85;85;85m  [38;2;45;67;60m  [38;2;62;137;112m██[38;2;44;86;71m  [38;2;21;21;21m  [38;2;0;0;0m                          
[38;2;0;0;0m              [38;2;94;101;98m  [38;2;62;137;112m  [38;2;48;100;82m██[38;2;62;136;111m██[38;2;35;45;40m  [38;2;0;64;64m  [38;2;16;16;16m  [38;2;0;32;32m  [38;2;0;0;0m        [38;2;41;43;43m  [38;2;21;21;21m  [38;2;0;0;0m          
[38;2;0;0;0m            [38;2;35;28;28m  [38;2;62;136;111m██[38;2;27;47;39m██[38;2;58;125;103m██[38;2;49;104;85m██[38;2;63;140;114m  [38;2;63;138;113m  [38;2;62;137;111m  [38;2;46;94;78m  [38;2;39;51;44m  [38;2;27;27;26m  [38;2;32;29;32m  [38;2;43;42;41m  [38;2;61;136;111m  [38;2;0;0;0m            
[38;2;0;0;0m          [38;2;48;48;48m  [38;2;11;12;11m  [38;2;62;137;112m  [38;2;20;26;23m████[38;2;21;28;25m██[38;2;20;28;25m██[38;2;20;26;23m██[38;2;25;43;36m██[38;2;53;114;94m██[38;2;63;137;112m██[38;2;63;139;113m██[38;2;57;123;100m██[38;2;62;135;111m██[38;2;46;88;73m  [38;2;0;21;21m  [38;2;0;0;0m          
[38;2;0;0;0m      [38;2;13;13;13m  [38;2;28;31;30m  [38;2;61;133;109m  [38;2;62;136;112m██[38;2;20;28;25m██[38;2;20;27;24m██████████████[38;2;20;28;25m██[38;2;21;28;25m██[38;2;55;118;96m██[38;2;56;94;80m  [38;2;18;15;15m  [38;2;0;0;0m            
[38;2;0;0;0m  [38;2;61;65;63m  [38;2;56;61;59m  [38;2;46;91;75m  [38;2;62;136;111m██[38;2;51;108;89m██[38;2;20;26;23m██[38;2;20;27;24m████████████████████[38;2;19;25;23m██[38;2;20;26;23m██[38;2;63;138;113m  [38;2;36;51;48m  [38;2;0;0;0m          
[38;2;0;0;0m  [38;2;0;16;0m  [38;2;39;60;52m  [38;2;63;138;112m██[38;2;46;95;78m██[38;2;27;45;38m██[38;2;20;27;24m██████████████████████[38;2;42;83;68m██[38;2;63;138;112m██[38;2;35;66;55m██[38;2;62;136;111m██[38;2;36;66;55m  [38;2;32;32;32m  [38;2;0;0;0m      
[38;2;0;0;0m    [38;2;28;33;31m  [38;2;26;41;36m██[38;2;24;38;33m██[38;2;20;26;23m██[38;2;20;27;24m██████████[38;2;20;27;25m██[38;2;20;27;24m████████████[38;2;21;29;25m██[38;2;62;136;111m██[38;2;22;33;29m██[38;2;63;137;112m██[38;2;48;87;73m  [38;2;0;0;0m    [38;2;0;32;32m  
[38;2;0;0;0m  [38;2;19;41;40m  [38;2;43;86;71m  [38;2;41;82;68m██[38;2;56;119;98m██[38;2;20;27;24m████████[38;2;21;28;24m██[38;2;21;26;23m██[38;2;62;135;111m██[38;2;29;49;42m██[38;2;20;27;24m████████████[38;2;40;79;66m██[38;2;31;55;46m██[38;2;20;26;23m██[38;2;61;133;109m██[38;2;60;131;108m  [38;2;45;70;61m  [38;2;50;65;60m  
[38;2;0;0;0m  [38;2;33;57;49m  [38;2;21;28;25m██[38;2;48;101;83m██[38;2;21;28;25m██[38;2;20;27;24m██████[38;2;31;36;28m██[38;2;196;177;105m██[38;2;99;93;60m██[38;2;49;104;86m██[38;2;62;135;110m██[38;2;54;116;95m██[38;2;20;27;24m████[38;2;17;24;23m██[38;2;125;116;71m██[38;2;21;28;25m██[38;2;20;27;24m██████[38;2;19;25;22m██[38;2;27;47;40m██[38;2;62;137;112m  [38;2;18;9;9m  
[38;2;24;31;28m  [38;2;20;27;24m████[38;2;34;64;53m██[38;2;20;27;24m██████[38;2;26;32;26m██[38;2;254;223;131m██[38;2;255;224;131m██[38;2;254;224;131m██[38;2;64;65;45m██[38;2;33;61;51m██[38;2;49;101;83m██[38;2;20;27;24m████[38;2;115;108;67m██[38;2;255;224;130m██[38;2;246;221;129m██[38;2;39;43;32m██[38;2;15;22;21m██[38;2;20;27;24m██[38;2;25;42;36m██[38;2;41;62;54m  [38;2;0;0;0m    
[38;2;48;54;52m  [38;2;21;28;25m  [38;2;20;27;24m████████[38;2;21;27;24m██[38;2;26;33;27m██[38;2;254;224;132m██[38;2;255;225;133m██[38;2;255;226;135m██[38;2;255;225;134m██[38;2;199;181;110m██[38;2;20;27;24m██[38;2;18;25;23m██[38;2;17;25;23m██[38;2;254;225;133m██[38;2;255;225;133m██[38;2;255;226;134m██[38;2;254;226;135m██[38;2;252;227;136m██[38;2;21;28;25m██[38;2;20;27;24m██[38;2;48;102;84m  [38;2;42;44;44m  [38;2;0;0;0m  
[38;2;0;0;0m  [38;2;9;9;9m  [38;2;21;28;25m  [38;2;20;27;24m██[38;2;94;89;58m██[38;2;80;79;53m██[38;2;254;226;135m██[38;2;244;219;131m██[38;2;109;104;74m██[38;2;255;227;138m██[38;2;255;228;139m██[38;2;255;228;140m██[38;2;255;228;141m██[38;2;191;177;112m██[38;2;253;228;143m██[38;2;204;189;119m██[38;2;255;229;142m██[38;2;254;227;138m██[38;2;20;27;24m██[38;2;130;122;81m██[38;2;15;23;21m██[38;2;18;25;23m██[38;2;20;27;24m██[38;2;28;48;41m██[38;2;45;53;49m  [38;2;0;0;0m  
[38;2;0;0;0m  [38;2;21;21;21m  [38;2;28;35;31m  [38;2;20;27;24m██[38;2;236;214;131m██[38;2;255;229;143m██[38;2;255;230;143m██[38;2;177;165;106m██[38;2;13;20;19m██[38;2;254;230;144m██[38;2;255;231;145m██[38;2;250;230;146m██[38;2;122;112;68m██[38;2;143;115;50m██[38;2;174;134;49m██[38;2;138;112;48m██[38;2;136;128;84m██[38;2;255;231;147m██[38;2;246;226;143m██[38;2;254;231;144m██[38;2;254;228;142m██[38;2;253;227;141m██[38;2;41;89;74m██[38;2;40;81;67m██[38;2;43;53;52m  [38;2;0;0;0m  
[38;2;0;0;0m  [38;2;64;67;68m  [38;2;243;223;132m██[38;2;28;34;27m██[38;2;31;36;29m██[38;2;255;232;148m██[38;2;255;232;149m████[38;2;251;230;148m██[38;2;255;232;149m██[38;2;254;231;148m██[38;2;99;84;35m██[38;2;254;196;60m██[38;2;254;194;59m██[38;2;255;193;59m██[38;2;254;194;59m██[38;2;253;192;59m██[38;2;145;137;91m██[38;2;246;226;146m██[38;2;255;233;150m██[38;2;233;215;138m██[38;2;255;231;147m██[38;2;65;98;75m██[38;2;40;82;69m  [38;2;0;0;0m    
[38;2;0;16;0m  [38;2;220;200;117m  [38;2;255;225;133m██[38;2;254;226;136m██[38;2;254;229;145m██[38;2;255;232;149m████[38;2;234;215;138m██[38;2;246;227;146m██[38;2;255;232;149m████[38;2;254;231;149m██[38;2;254;236;151m██[38;2;229;214;139m██[38;2;219;207;134m██[38;2;239;221;142m██[38;2;254;237;152m██[38;2;255;232;149m████[38;2;255;233;150m██[38;2;255;232;149m████[38;2;219;207;132m██[38;2;185;175;109m  [38;2;35;38;39m  [38;2;0;0;0m  
[38;2;55;59;48m  [38;2;255;224;131m██[38;2;255;225;133m██[38;2;255;227;137m██[38;2;255;231;146m██[38;2;255;232;149m██████████████████████████████[38;2;255;228;136m██[38;2;255;233;150m██[38;2;255;231;145m██[38;2;238;216;132m██[38;2;213;199;121m  [38;2;0;0;0m  
[38;2;236;211;124m  [38;2;255;224;132m██[38;2;255;225;133m██[38;2;255;227;137m██[38;2;255;231;146m██[38;2;255;232;149m████[38;2;255;231;147m██[38;2;255;232;149m██████[38;2;254;231;149m██[38;2;255;232;149m████████████████████[38;2;255;231;146m██[38;2;254;232;141m██[38;2;253;230;137m██[38;2;52;56;46m  
[38;2;255;225;132m████[38;2;255;225;134m██[38;2;255;227;138m██[38;2;221;207;132m██[38;2;239;221;143m██[38;2;255;232;149m██████[38;2;254;236;152m██[38;2;175;167;108m██[38;2;170;177;172m██[38;2;176;167;108m██[38;2;255;232;149m██████████████████[38;2;255;231;147m██[38;2;254;231;140m██[38;2;232;210;126m██[38;2;235;212;125m  
[38;2;254;224;132m██[38;2;255;225;134m██[38;2;255;226;135m██[38;2;251;229;139m██[38;2;200;190;121m██[38;2;223;208;134m██[38;2;253;233;150m██[38;2;161;153;100m██[38;2;116;120;110m██[38;2;232;239;233m██[38;2;233;240;233m██[38;2;241;247;241m██[38;2;95;98;88m██[38;2;255;232;149m██████████████████[38;2;255;232;147m██[38;2;255;228;139m██[38;2;198;184;111m██[38;2;254;224;133m██
[38;2;254;224;134m██[38;2;255;226;135m██[38;2;255;226;136m██[38;2;98;110;79m██[38;2;189;248;192m██[38;2;89;95;91m██[38;2;239;246;238m██[38;2;233;240;233m██[38;2;234;241;234m██[38;2;235;241;235m██[38;2;244;248;244m██[38;2;143;149;144m██[38;2;144;137;90m██[38;2;255;232;149m████[38;2;255;231;147m██[38;2;255;231;146m██████[38;2;255;231;147m██[38;2;255;231;148m██[38;2;255;232;149m██[38;2;255;232;148m██[38;2;255;228;139m██[38;2;177;166;102m██[38;2;255;226;135m██
[38;2;254;228;138m██[38;2;255;227;137m██[38;2;254;231;141m██[38;2;184;242;188m██[38;2;132;172;135m██[38;2;154;161;155m██[38;2;234;241;234m██████[38;2;236;242;236m██[38;2;231;238;231m██[38;2;73;75;61m██[38;2;254;231;147m██[38;2;255;232;148m██[38;2;255;231;146m██[38;2;255;230;144m██████[38;2;255;230;145m████[38;2;255;231;146m██[38;2;255;231;148m██[38;2;255;232;148m██[38;2;255;229;142m██[38;2;187;176;108m██[38;2;255;226;136m██
[38;2;217;200;123m  [38;2;255;227;138m██[38;2;163;151;93m██[38;2;190;254;193m██[38;2;192;252;195m██[38;2;70;75;73m██[38;2;239;246;238m██[38;2;233;240;233m██[38;2;238;244;237m██[38;2;201;207;202m██[38;2;165;157;99m██[38;2;254;228;142m██[38;2;255;230;144m██[38;2;255;229;142m████[38;2;255;229;143m██[38;2;255;229;142m██[38;2;255;229;143m████[38;2;255;230;144m██[38;2;255;230;145m██[38;2;255;231;146m██[38;2;255;231;148m██[38;2;254;233;145m██[38;2;215;199;123m██[38;2;255;227;138m██
[38;2;43;45;31m  [38;2;253;226;137m  [38;2;101;132;102m██[38;2;189;250;191m██[38;2;171;228;175m██[38;2;108;139;107m██[38;2;240;218;132m██[38;2;208;193;116m██[38;2;250;223;135m██[38;2;254;227;137m██[38;2;255;228;139m██[38;2;255;228;140m██[38;2;255;227;137m██[38;2;255;226;135m██[38;2;255;227;136m██[38;2;255;227;139m██[38;2;255;228;140m██[38;2;255;228;141m██[38;2;255;229;142m██[38;2;255;229;143m██[38;2;255;230;144m██[38;2;255;226;132m██[38;2;255;231;147m██[38;2;241;222;140m  [38;2;30;35;34m  [38;2;253;227;139m██
[38;2;0;0;0m  [38;2;0;0;14m  [38;2;227;212;130m  [38;2;254;234;144m██[38;2;254;229;140m██[38;2;255;227;137m██[38;2;255;226;136m████[38;2;255;226;135m████████[38;2;255;225;132m██[38;2;255;224;132m██[38;2;255;225;133m██[38;2;255;226;135m██[38;2;255;227;138m██[38;2;255;228;139m██[38;2;255;228;140m██[38;2;255;229;142m██[38;2;255;229;143m██[38;2;255;230;145m██[38;2;255;231;147m██[38;2;57;60;44m  [38;2;16;48;16m  [38;2;82;83;80m  
[38;2;0;0;0m    [38;2;55;58;49m  [38;2;255;228;140m██[38;2;255;227;138m██[38;2;255;227;137m██[38;2;255;226;136m██[38;2;255;226;134m██[38;2;255;225;133m████████[38;2;255;224;131m██[38;2;255;224;132m██[38;2;255;225;132m██[38;2;255;225;134m██[38;2;255;227;137m██[38;2;255;227;139m██[38;2;255;228;140m██[38;2;255;228;141m██[38;2;255;229;142m██[38;2;255;230;144m██[38;2;254;235;149m██[38;2;38;40;38m  [38;2;0;0;0m    
[38;2;0;0;0m      [38;2;222;205;126m  [38;2;255;227;138m██[38;2;255;227;137m██[38;2;255;226;136m██[38;2;255;225;134m██[38;2;255;225;132m████[38;2;255;225;133m██[38;2;255;224;132m██[38;2;255;224;131m██[38;2;255;224;132m██[38;2;255;225;132m██[38;2;255;225;133m██[38;2;255;226;136m██[38;2;255;227;138m██[38;2;255;228;139m██[38;2;255;228;140m██[38;2;255;229;141m██[38;2;255;229;143m██[38;2;73;73;55m  [38;2;0;0;0m      
[38;2;0;0;0m      [38;2;31;32;32m  [38;2;220;202;124m  [38;2;255;227;137m██[38;2;255;226;136m██[38;2;255;225;133m██[38;2;255;224;132m██[38;2;255;225;132m██[38;2;255;225;133m██[38;2;255;224;132m██████[38;2;255;225;133m██[38;2;255;225;134m██[38;2;255;226;136m██[38;2;255;227;138m██[38;2;255;228;139m██[38;2;255;228;140m██[38;2;255;228;141m██[38;2;163;155;99m  [38;2;32;32;32m  [38;2;0;0;0m      
[38;2;0;0;0m        [38;2;64;64;64m  [38;2;71;72;53m  [38;2;254;230;138m  [38;2;254;224;133m██[38;2;254;223;131m██[38;2;255;225;133m██████████[38;2;255;225;134m██[38;2;255;226;134m██[38;2;255;226;136m██[38;2;255;227;138m██[38;2;254;227;139m██[38;2;254;233;143m██[38;2;103;99;67m  [38;2;0;0;0m          
[38;2;0;0;0m          [38;2;32;32;32m  [38;2;64;64;64m  [38;2;81;70;35m  [38;2;187;145;48m██[38;2;178;165;100m██[38;2;255;226;135m  [38;2;254;224;133m██[38;2;255;225;134m██[38;2;255;226;135m████[38;2;255;226;136m██[38;2;255;227;137m██[38;2;251;228;139m  [38;2;227;177;54m  [38;2;255;194;59m  [38;2;90;88;83m  [38;2;0;0;0m          [0m
