
[38;2;0;0;0m              [38;2;21;21;21m  [38;2;43;53;53m  [38;2;24;21;21m  [38;2;65;62;63m  [38;2;98;100;100m  [38;2;157;161;161m██[38;2;196;208;207m  [38;2;188;212;210m██[38;2;184;212;213m██[38;2;196;220;223m██[38;2;206;219;218m  [38;2;169;174;174m  [38;2;71;69;70m  [38;2;9;10;10m  [38;2;32;32;32m  [38;2;0;0;0m                
[38;2;0;0;0m          [38;2;21;21;21m  [38;2;17;19;19m  [38;2;150;149;149m  [38;2;218;233;232m  [38;2;212;228;227m██[38;2;211;230;228m██[38;2;212;231;228m██[38;2;142;124;125m██[38;2;153;134;130m██[38;2;219;233;233m██[38;2;161;136;134m██[38;2;244;227;223m██[38;2;249;222;217m██[38;2;199;186;179m██[38;2;95;135;131m██[38;2;136;185;186m██[38;2;205;208;207m  [38;2;64;69;68m  [38;2;21;21;21m  [38;2;0;0;0m            
[38;2;0;0;0m        [38;2;19;26;26m  [38;2;129;130;130m  [38;2;213;227;230m██[38;2;212;228;227m████[38;2;213;228;228m██[38;2;155;162;155m██[38;2;207;186;180m██[38;2;209;222;216m██[38;2;232;214;216m██[38;2;217;232;232m██[38;2;166;157;150m██[38;2;252;226;223m██[38;2;252;230;225m██[38;2;232;214;208m██[38;2;215;197;190m██[38;2;250;232;225m██[38;2;207;192;188m██[38;2;93;137;136m██[38;2;204;212;212m  [38;2;38;42;42m  [38;2;0;0;0m          
[38;2;0;0;0m      [38;2;37;40;39m  [38;2;215;229;227m  [38;2;212;228;227m██[38;2;213;229;228m██[38;2;198;214;212m██[38;2;185;212;210m██[38;2;225;200;195m██[38;2;185;184;181m██[38;2;193;190;188m██[38;2;233;218;213m██[38;2;174;171;166m██[38;2;246;227;222m██[38;2;251;228;222m██[38;2;252;227;220m██[38;2;250;227;221m██[38;2;250;230;223m██[38;2;252;233;225m██[38;2;254;231;225m██[38;2;233;212;206m██[38;2;243;220;216m██[38;2;207;195;191m██[38;2;205;219;218m██[38;2;92;87;88m  [38;2;0;0;0m        
[38;2;0;0;0m    [38;2;41;40;40m  [38;2;215;229;229m██[38;2;212;228;227m████[38;2;186;200;200m██[38;2;118;153;149m██[38;2;250;230;224m██[38;2;192;196;193m██[38;2;248;225;226m██[38;2;254;226;223m██[38;2;252;225;221m██[38;2;252;226;221m██[38;2;250;227;221m████████[38;2;249;228;221m██[38;2;254;228;225m██[38;2;250;228;227m██[38;2;221;202;196m██[38;2;232;211;208m██[38;2;224;205;200m██[38;2;252;230;226m██[38;2;186;194;193m██[38;2;137;139;138m  [38;2;0;0;0m      
[38;2;0;0;0m  [38;2;40;39;40m  [38;2;209;221;221m██[38;2;212;228;227m████[38;2;179;191;191m██[38;2;126;149;150m██[38;2;238;221;217m██[38;2;220;208;205m██[38;2;251;228;225m██[38;2;251;229;223m██[38;2;250;227;221m██████████████[38;2;251;226;221m██[38;2;250;227;221m██[38;2;244;228;221m██[38;2;88;94;93m██[38;2;32;51;52m██[38;2;151;151;149m██[38;2;245;224;220m██[38;2;208;192;186m██[38;2;206;214;214m██[38;2;126;126;127m  [38;2;0;0;0m    
[38;2;34;13;34m  [38;2;227;234;233m  [38;2;216;232;231m██[38;2;213;229;228m██[38;2;183;196;196m██[38;2;126;150;151m██[38;2;236;220;217m██[38;2;253;228;228m██[38;2;252;226;223m██[38;2;250;227;221m████████████████████[38;2;248;228;221m██[38;2;251;227;221m██[38;2;246;227;220m██[38;2;175;170;165m██[38;2;19;44;50m██[38;2;5;46;46m██[38;2;87;87;85m██[38;2;251;226;224m██[38;2;214;224;225m██[38;2;48;48;48m  [38;2;0;0;0m  
[38;2;182;184;183m  [38;2;147;175;175m██[38;2;224;239;238m██[38;2;199;215;213m██[38;2;97;146;142m██[38;2;162;152;150m██[38;2;248;228;231m██[38;2;250;226;225m██[38;2;249;227;222m██[38;2;250;227;221m██████[38;2;251;228;222m██[38;2;250;227;221m██[38;2;251;228;222m██████[38;2;249;226;220m██[38;2;250;227;221m██████[38;2;251;226;221m██[38;2;252;226;221m██[38;2;249;224;222m██[38;2;239;221;219m██[38;2;32;55;50m██[38;2;23;50;52m██[38;2;245;225;222m██[38;2;210;224;226m██[38;2;110;109;109m  
[38;2;211;226;226m██[38;2;142;185;180m██[38;2;213;227;227m██[38;2;89;150;148m██[38;2;220;209;205m██[38;2;14;38;37m██[38;2;75;67;64m██[38;2;250;227;221m██[38;2;252;229;223m██[38;2;249;226;220m██[38;2;250;227;221m██[38;2;249;226;220m██[38;2;248;225;219m██[38;2;253;232;226m██[38;2;237;214;208m██[38;2;202;179;173m██[38;2;194;171;165m██[38;2;191;168;163m██[38;2;226;205;198m██[38;2;248;225;219m██[38;2;250;229;223m██[38;2;248;228;221m██[38;2;249;227;220m██[38;2;249;227;221m██[38;2;251;226;222m██[38;2;249;227;221m██[38;2;220;200;199m██[38;2;8;41;38m██[38;2;159;178;173m██[38;2;213;226;222m██
[38;2;209;224;225m██[38;2;205;223;224m██[38;2;125;176;175m██[38;2;199;189;188m██[38;2;4;49;47m██[38;2;134;135;135m██[38;2;251;228;222m██[38;2;252;229;223m██[38;2;253;230;224m██[38;2;252;229;223m██[38;2;252;230;225m██[38;2;241;222;215m██[38;2;134;111;105m██[38;2;62;38;33m██[38;2;68;43;38m██[38;2;88;63;58m██[38;2;102;77;72m██[38;2;94;70;64m██[38;2;89;66;60m██[38;2;82;59;53m██[38;2;68;47;44m██[38;2;181;153;149m██[38;2;251;230;224m██[38;2;249;229;222m██[38;2;249;227;221m██[38;2;250;227;221m██[38;2;250;222;216m██[38;2;251;211;208m██[38;2;177;164;161m██[38;2;161;196;193m██
[38;2;118;166;166m██[38;2;175;200;199m██[38;2;183;184;182m██[38;2;5;48;47m██[38;2;144;141;137m██[38;2;251;228;223m██[38;2;252;229;223m██████[38;2;253;231;224m██[38;2;148;120;117m██[38;2;63;34;33m██[38;2;102;70;71m██[38;2;113;81;82m██[38;2;112;80;80m██[38;2;110;77;77m██[38;2;109;75;74m██[38;2;108;74;72m██[38;2;106;72;70m██[38;2;105;74;70m██[38;2;100;76;70m██[38;2;102;68;66m██[38;2;84;53;50m██[38;2;115;90;84m██[38;2;251;231;225m██[38;2;246;229;221m██[38;2;251;227;220m██[38;2;250;209;206m██[38;2;251;213;209m██[38;2;149;164;164m██
[38;2;66;127;127m██[38;2;85;131;128m██[38;2;13;48;46m██[38;2;77;89;87m██[38;2;252;225;224m██[38;2;252;229;223m████[38;2;251;228;222m██[38;2;252;234;227m██[38;2;89;61;57m██[38;2;100;66;64m██[38;2;107;73;74m██[38;2;104;70;71m██[38;2;104;70;70m██[38;2;105;71;70m██[38;2;105;70;70m██[38;2;106;70;70m██[38;2;107;71;71m██[38;2;105;70;68m██[38;2;108;71;70m██[38;2;109;74;70m██[38;2;112;74;70m██[38;2;107;69;68m██[38;2;109;74;72m██[38;2;98;69;65m██[38;2;184;167;159m██[38;2;248;229;222m██[38;2;250;214;207m██[38;2;248;203;200m██[38;2;216;201;197m██
[38;2;69;112;114m██[38;2;193;188;187m██[38;2;17;44;44m██[38;2;253;216;215m██[38;2;253;227;222m██[38;2;252;229;223m██[38;2;251;229;225m██[38;2;247;234;228m██[38;2;74;49;45m██[38;2;110;76;74m██[38;2;106;72;72m██[38;2;108;73;74m██[38;2;113;76;77m██[38;2;115;77;77m██[38;2;114;75;76m██[38;2;111;72;73m██[38;2;108;69;69m██[38;2;105;67;66m██[38;2;106;68;67m████[38;2;107;70;68m██[38;2;109;69;67m██[38;2;113;73;72m██[38;2;112;71;70m██[38;2;112;74;74m██[38;2;108;78;74m██[38;2;250;233;225m██[38;2;251;219;214m██[38;2;251;209;204m██[38;2;241;213;213m██
[38;2;118;140;135m██[38;2;12;45;42m██[38;2;246;214;211m██[38;2;251;218;216m██[38;2;253;228;223m██[38;2;252;229;223m██[38;2;248;229;228m██[38;2;77;60;55m██[38;2;104;75;72m██[38;2;109;71;70m██[38;2;110;71;74m██[38;2;109;71;72m██[38;2;110;71;72m██[38;2;111;71;72m██[38;2;111;72;73m██[38;2;112;73;74m██[38;2;113;73;73m████[38;2;114;72;74m██[38;2;114;72;73m██[38;2;115;73;72m██[38;2;115;73;71m██[38;2;110;72;71m██[38;2;111;70;71m██[38;2;115;70;71m██[38;2;111;73;68m██[38;2;149;127;120m██[38;2;253;225;222m██[38;2;250;218;210m██[38;2;213;199;198m██
[38;2;103;140;137m██[38;2;92;94;93m██[38;2;251;204;202m██[38;2;249;216;213m██[38;2;253;228;223m██[38;2;252;229;223m██[38;2;238;221;217m██[38;2;94;70;66m██[38;2;106;74;71m██[38;2;112;73;73m██[38;2;104;64;67m██[38;2;106;65;66m██[38;2;107;65;67m██[38;2;108;67;69m██[38;2;110;69;70m██[38;2;112;71;72m██[38;2;116;73;74m██[38;2;118;75;76m██[38;2;116;71;73m██[38;2;114;70;72m██[38;2;111;69;68m██[38;2;109;65;63m██[38;2;107;69;70m██[38;2;111;71;72m██[38;2;116;73;75m██[38;2;109;73;70m██[38;2;102;69;66m██[38;2;249;226;220m██[38;2;249;225;219m██[38;2;193;196;197m██
[38;2;112;169;168m██[38;2;250;217;214m██[38;2;250;206;203m██[38;2;248;215;212m██[38;2;253;228;223m██[38;2;252;229;223m██[38;2;237;219;215m██[38;2;109;80;77m██[38;2;111;71;71m██[38;2;118;73;72m██[38;2;118;73;76m██[38;2;115;70;73m██[38;2;113;68;71m██[38;2;111;67;69m██[38;2;112;68;69m██[38;2;113;69;70m██[38;2;116;69;72m██[38;2;116;70;72m██[38;2;117;69;69m██[38;2;116;68;68m██[38;2;118;70;70m██[38;2;120;71;70m██[38;2;118;78;79m██[38;2;120;80;81m██[38;2;122;76;79m██[38;2;112;72;72m██[38;2;112;74;75m██[38;2;252;232;226m██[38;2;250;227;221m██[38;2;185;204;204m██
[38;2;73;131;129m██[38;2;250;218;218m██[38;2;252;201;201m██[38;2;249;214;211m██[38;2;253;228;223m██[38;2;252;229;223m██[38;2;246;224;220m██[38;2;113;78;76m██[38;2;110;65;65m██[38;2;110;64;62m██[38;2;112;66;69m██[38;2;113;67;70m██[38;2;113;68;71m██[38;2;113;69;70m██[38;2;113;68;69m██[38;2;112;69;70m██[38;2;113;67;69m██[38;2;113;66;69m██[38;2;123;74;75m██[38;2;129;79;80m██[38;2;138;88;87m██[38;2;152;98;97m██[38;2;156;108;110m██[38;2;159;109;112m██[38;2;162;103;108m██[38;2;159;102;101m██[38;2;126;70;73m██[38;2;249;227;221m██[38;2;251;228;223m██[38;2;190;215;217m██
[38;2;192;216;216m██[38;2;175;161;159m██[38;2;252;207;204m██[38;2;252;214;210m██[38;2;253;227;223m██[38;2;252;229;223m██[38;2;250;232;227m██[38;2;117;76;76m██[38;2;126;77;77m██[38;2;129;81;80m██[38;2;126;77;79m██[38;2;123;73;76m██[38;2;124;74;77m██[38;2;126;77;80m██[38;2;128;79;82m██[38;2;131;81;84m██[38;2;134;84;85m██[38;2;139;87;89m██[38;2;148;93;96m██[38;2;153;99;101m██[38;2;161;106;105m██[38;2;164;107;106m██[38;2;163;104;106m██[38;2;165;100;101m██[38;2;188;109;110m██[38;2;222;144;140m██[38;2;214;139;136m██[38;2;240;222;218m██[38;2;250;227;221m██[38;2;184;214;209m██
[38;2;187;212;214m██[38;2;183;202;201m██[38;2;252;214;214m██[38;2;251;217;210m██[38;2;254;226;221m██[38;2;250;227;221m██[38;2;251;229;223m██[38;2;110;69;69m██[38;2;151;98;99m██[38;2;158;104;104m██[38;2;158;104;106m██[38;2;151;98;102m██[38;2;146;96;99m████[38;2;147;97;100m██[38;2;149;98;101m██[38;2;153;101;103m██[38;2;156;103;106m██[38;2;162;106;109m██[38;2;163;106;106m██[38;2;162;103;102m██[38;2;163;101;102m██[38;2;170;97;97m██[38;2;215;132;134m██[38;2;233;142;142m██[38;2;235;141;139m██[38;2;233;144;142m██[38;2;246;224;220m██[38;2;227;212;207m██[38;2;179;201;200m██
[38;2;184;210;211m██[38;2;182;212;210m██[38;2;184;192;191m██[38;2;251;222;214m██[38;2;254;226;222m██[38;2;250;227;221m████[38;2;166;137;134m██[38;2;159;103;104m██[38;2;163;104;106m██[38;2;161;105;104m██[38;2;161;104;110m██[38;2;162;104;111m██[38;2;163;106;112m██[38;2;163;107;110m██[38;2;164;108;111m██[38;2;166;107;111m██[38;2;164;105;108m██[38;2;160;101;103m██[38;2;162;100;101m██[38;2;167;102;103m██[38;2;175;103;103m██[38;2;223;137;137m██[38;2;235;141;141m██[38;2;235;141;139m████[38;2;238;143;139m██[38;2;252;229;226m██[38;2;189;192;188m██[38;2;144;153;151m██
[38;2;175;200;202m██[38;2;180;210;210m██[38;2;180;212;209m██[38;2;180;190;189m██[38;2;252;229;225m██[38;2;249;228;222m██[38;2;250;227;221m██[38;2;251;231;224m██[38;2;146;103;104m██[38;2;161;100;104m██[38;2;163;103;103m██[38;2;162;101;106m██[38;2;160;99;104m██[38;2;159;98;104m██[38;2;159;99;103m██[38;2;159;98;103m██[38;2;160;99;102m██[38;2;168;105;106m██[38;2;170;106;107m██[38;2;164;99;101m██[38;2;185;117;118m██[38;2;234;142;142m██[38;2;236;142;142m██[38;2;235;141;141m██[38;2;235;141;139m██[38;2;236;141;139m██[38;2;225;137;133m██[38;2;249;226;220m██[38;2;163;174;173m██[38;2;185;190;187m  
[38;2;176;207;207m██[38;2;175;205;205m██[38;2;179;209;209m██[38;2;181;210;208m██[38;2;172;194;195m██[38;2;253;226;228m██[38;2;250;227;221m██[38;2;250;227;222m██[38;2;159;133;128m██[38;2;164;98;105m██[38;2;158;102;107m██[38;2;155;104;105m██[38;2;164;101;105m██[38;2;163;101;106m██[38;2;166;101;105m██[38;2;165;101;105m██[38;2;165;99;103m██[38;2;163;96;97m██[38;2;183;110;111m██[38;2;224;140;140m██[38;2;231;141;142m██[38;2;236;142;142m██[38;2;235;141;141m██[38;2;235;141;140m██[38;2;235;141;139m████[38;2;209;162;158m██[38;2;250;227;221m██[38;2;221;210;211m██[38;2;107;101;100m  
[38;2;171;206;202m██[38;2;142;192;189m██[38;2;169;198;199m██[38;2;177;208;207m██[38;2;179;210;209m██[38;2;175;201;199m██[38;2;253;229;222m██[38;2;250;228;222m██[38;2;249;227;223m██[38;2;130;83;81m██[38;2;188;106;114m██[38;2;176;110;116m██[38;2;173;102;98m██[38;2;177;105;101m██[38;2;181;111;106m██[38;2;196;124;120m██[38;2;215;138;136m██[38;2;227;144;144m██[38;2;232;145;145m██[38;2;235;141;142m██[38;2;236;142;142m██[38;2;235;141;141m████[38;2;235;141;139m████[38;2;238;142;140m██[38;2;252;230;225m██[38;2;251;228;222m██[38;2;249;229;220m  [38;2;32;32;32m  
[38;2;72;149;146m██[38;2;160;203;198m██[38;2;120;173;177m██[38;2;103;153;153m██[38;2;177;206;207m██[38;2;178;208;208m██[38;2;178;206;205m██[38;2;244;225;222m██[38;2;250;230;223m██[38;2;246;229;223m██[38;2;200;134;134m██[38;2;239;142;149m██[38;2;233;142;147m██[38;2;233;143;143m██[38;2;231;143;142m██[38;2;233;143;143m██[38;2;235;143;144m██[38;2;236;140;141m██[38;2;238;140;141m██[38;2;235;141;141m████[38;2;235;141;139m██████[38;2;235;142;137m██[38;2;211;169;164m██[38;2;250;227;221m██[38;2;250;230;224m██[38;2;23;23;23m  [38;2;0;0;0m  
[38;2;26;21;21m  [38;2;64;90;87m  [38;2;69;145;144m  [38;2;84;154;154m██[38;2;64;148;143m██[38;2;98;150;149m██[38;2;180;208;209m██[38;2;177;209;209m██[38;2;201;194;189m██[38;2;252;227;222m██[38;2;248;231;229m██[38;2;182;122;123m██[38;2;241;142;141m██[38;2;238;141;138m██[38;2;238;140;139m██[38;2;236;141;139m██████[38;2;234;142;141m██[38;2;235;141;139m████████[38;2;233;142;139m██[38;2;201;146;138m██[38;2;249;229;223m██[38;2;250;228;222m██[38;2;39;39;39m  [38;2;0;0;0m    
[38;2;0;0;0m    [38;2;21;22;22m  [38;2;27;24;24m  [38;2;54;55;54m  [38;2;195;156;156m  [38;2;226;170;163m██[38;2;184;153;155m██[38;2;171;196;196m██[38;2;172;185;181m██[38;2;251;229;224m██[38;2;246;232;223m██[38;2;199;164;160m██[38;2;222;145;141m██[38;2;235;142;139m██[38;2;238;141;140m██[38;2;235;141;139m██[38;2;232;143;139m██[38;2;235;141;139m██[38;2;235;141;140m██[38;2;236;140;140m██[38;2;235;141;139m██[38;2;235;140;140m██[38;2;222;193;187m██[38;2;248;228;221m██[38;2;246;226;220m  [38;2;32;34;34m  [38;2;0;0;0m      
[38;2;0;0;0m            [38;2;120;99;96m  [38;2;230;183;173m  [38;2;245;230;221m██[38;2;244;217;213m██[38;2;159;180;178m██[38;2;177;183;180m██[38;2;251;229;225m██[38;2;253;230;225m██[38;2;212;193;187m██[38;2;185;128;128m██[38;2;217;138;136m██[38;2;233;143;145m██[38;2;236;143;141m██[38;2;231;137;141m██[38;2;213;136;139m██[38;2;226;197;193m██[38;2;249;229;219m██[38;2;249;229;222m██[38;2;141;130;126m  [38;2;17;21;21m  [38;2;0;0;0m        
[38;2;0;0;0m              [38;2;5;7;7m  [38;2;124;102;99m  [38;2;243;206;202m  [38;2;248;227;222m██[38;2;195;194;193m██[38;2;83;119;111m██[38;2;249;226;221m██[38;2;251;229;222m██[38;2;252;228;222m██[38;2;251;228;222m██[38;2;251;229;226m██[38;2;252;228;225m██[38;2;250;227;220m██[38;2;249;226;220m██[38;2;251;231;225m  [38;2;153;141;137m  [38;2;10;15;16m  [38;2;21;21;21m  [38;2;0;0;0m          [0m
