
[38;2;0;0;0m            [38;2;24;16;8m  [38;2;158;158;0m  [38;2;0;0;0m  [38;2;118;98;48m  [38;2;195;162;117m██[38;2;100;72;49m██[38;2;82;59;41m██[38;2;77;55;42m██[38;2;74;52;39m██[38;2;77;54;40m██████[38;2;80;57;41m██[38;2;84;63;42m██[38;2;90;73;42m██[38;2;12;12;0m  [38;2;0;0;0m            
[38;2;0;0;0m              [38;2;122;96;60m██[38;2;205;162;123m██[38;2;102;74;57m██[38;2;95;68;50m██[38;2;98;67;50m██[38;2;83;56;45m██[38;2;75;51;40m██[38;2;66;45;36m██[38;2;72;51;40m██[38;2;71;50;39m██[38;2;73;51;40m██[38;2;73;51;39m██[38;2;74;52;39m██[38;2;76;54;39m██[38;2;84;62;42m██[38;2;94;78;42m██[38;2;0;0;0m          
[38;2;0;0;0m            [38;2;121;99;48m██[38;2;146;108;74m██[38;2;86;63;50m██[38;2;83;57;44m██[38;2;148;112;87m██[38;2;198;156;124m██[38;2;86;63;47m██[38;2;74;50;39m██[38;2;74;50;40m██[38;2;71;48;40m██[38;2;71;49;38m██[38;2;69;51;39m██[38;2;73;51;40m██[38;2;74;50;40m██[38;2;78;54;42m██[38;2;98;67;45m██[38;2;94;69;48m██[38;2;115;91;49m██[38;2;0;0;0m        
[38;2;0;0;0m          [38;2;150;123;77m██[38;2;140;100;65m██[38;2;120;83;58m██[38;2;77;53;41m██[38;2;80;57;43m██[38;2;209;163;119m██[38;2;208;163;121m██[38;2;86;60;47m██[38;2;72;48;40m██[38;2;72;50;39m██[38;2;69;46;38m██[38;2;71;49;38m██[38;2;70;50;39m██[38;2;71;50;39m██[38;2;73;51;40m██[38;2;84;58;45m██[38;2;108;73;52m██[38;2;99;72;53m██[38;2;135;96;62m██[38;2;109;100;42m  [38;2;0;0;0m      
[38;2;0;0;0m    [38;2;51;51;0m  [38;2;0;0;0m  [38;2;161;132;89m██[38;2;212;165;125m██[38;2;173;134;100m██[38;2;81;57;45m██[38;2;74;52;41m██[38;2;88;60;46m██[38;2;207;163;123m██[38;2;174;130;100m██[38;2;84;58;43m██[38;2;69;45;36m██[38;2;72;50;39m██[38;2;61;40;32m██[38;2;70;50;39m██[38;2;72;47;40m██[38;2;71;50;39m██[38;2;67;46;35m██[38;2;92;65;47m██[38;2;202;160;121m██[38;2;206;162;124m██[38;2;113;81;58m██[38;2;189;148;106m██[38;2;0;0;0m      
[38;2;0;0;0m      [38;2;142;119;78m██[38;2;186;143;109m██[38;2;205;159;121m██[38;2;89;60;47m██[38;2;76;52;42m██[38;2;71;47;37m██[38;2;88;61;47m██[38;2;162;125;95m██[38;2;95;63;48m██[38;2;78;54;42m██[38;2;65;42;34m██[38;2;70;50;39m██[38;2;62;41;33m██[38;2;70;50;39m██[38;2;69;49;40m██[38;2;73;48;41m██[38;2;73;50;42m██[38;2;78;55;41m██[38;2;132;94;67m██[38;2;209;165;123m██[38;2;109;74;48m██[38;2;197;156;121m██[38;2;97;82;42m██[38;2;0;0;0m    
[38;2;0;0;0m    [38;2;1;1;1m  [38;2;176;134;100m██[38;2;93;66;49m██[38;2;92;63;51m██[38;2;77;51;41m██[38;2;75;53;44m██[38;2;75;52;43m██[38;2;82;59;50m██[38;2;88;60;47m██[38;2;78;53;40m██[38;2;73;50;39m██[38;2;71;49;40m██[38;2;72;50;39m██[38;2;56;36;27m██[38;2;77;52;42m██[38;2;77;53;46m██[38;2;73;51;40m██[38;2;72;49;40m██[38;2;74;49;41m██[38;2;86;59;46m██[38;2;205;162;119m██[38;2;160;120;95m██[38;2;90;64;48m██[38;2;93;68;46m██[38;2;0;0;0m    
[38;2;0;0;0m    [38;2;110;110;1m  [38;2;94;68;48m██[38;2;77;53;41m██[38;2;76;54;40m██[38;2;65;45;38m██[38;2;83;64;58m██[38;2;85;68;63m██[38;2;141;131;143m██[38;2;81;56;49m██[38;2;73;51;40m██[38;2;72;50;39m██[38;2;73;49;38m██[38;2;77;53;41m██[38;2;153;123;115m██[38;2;86;59;50m██[38;2;196;151;141m██[38;2;82;55;44m██[38;2;75;51;40m██[38;2;72;50;39m██[38;2;77;53;41m██[38;2;93;65;45m██[38;2;88;64;51m██[38;2;85;59;46m██[38;2;79;56;42m██[38;2;96;84;42m██[38;2;0;0;0m  
[38;2;0;0;0m    [38;2;114;112;56m  [38;2;83;59;47m██[38;2;76;52;40m██[38;2;76;52;41m██[38;2;77;57;50m██[38;2;188;184;199m██[38;2;106;93;91m██[38;2;238;232;229m██[38;2;92;69;61m██[38;2;67;45;34m██[38;2;73;51;40m██[38;2;75;51;41m██[38;2;85;60;50m██[38;2;221;184;171m██[38;2;102;77;65m██[38;2;232;209;193m██[38;2;103;74;63m██[38;2;78;54;42m██[38;2;73;50;42m██[38;2;73;51;40m██[38;2;75;51;39m██[38;2;75;53;42m██[38;2;77;51;38m██[38;2;77;54;40m██[38;2;85;67;48m██[38;2;0;0;0m  
[38;2;0;0;0m    [38;2;2;2;1m  [38;2;81;58;45m██[38;2;73;51;40m██[38;2;76;53;44m██[38;2;101;83;79m██[38;2;240;242;242m██[38;2;240;239;238m██[38;2;196;192;189m██[38;2;106;97;93m██[38;2;82;58;48m██[38;2;69;47;36m██[38;2;81;58;47m██[38;2;103;79;67m██[38;2;239;220;203m██[38;2;225;205;190m██[38;2;252;235;217m██[38;2;249;230;210m██[38;2;93;71;58m██[38;2;74;52;43m██[38;2;73;51;40m██[38;2;72;50;39m██[38;2;72;49;39m██[38;2;66;44;33m██[38;2;74;50;40m██[38;2;78;56;41m██[38;2;95;76;49m██
[38;2;0;0;0m    [38;2;1;1;0m  [38;2;78;56;42m██[38;2;71;51;42m██[38;2;78;58;48m██[38;2;238;234;231m██[38;2;240;240;240m██[38;2;242;242;242m██[38;2;243;243;243m██[38;2;240;240;241m██[38;2;102;79;71m██[38;2;86;62;52m██[38;2;107;84;70m██[38;2;248;231;215m██[38;2;151;133;118m██[38;2;249;232;214m██[38;2;252;235;217m██[38;2;251;234;216m██[38;2;245;226;211m██[38;2;83;61;50m██[38;2;73;51;39m██[38;2;70;50;39m████[38;2;61;41;32m██[38;2;73;51;40m██[38;2;78;57;41m██[38;2;0;0;0m  
[38;2;0;0;0m  [38;2;33;32;18m  [38;2;92;74;51m██[38;2;76;54;40m██[38;2;72;48;40m██[38;2;82;59;50m██[38;2;238;234;235m██[38;2;243;244;245m██[38;2;242;244;242m██[38;2;243;243;243m██[38;2;242;242;241m██[38;2;199;182;169m██[38;2;146;127;113m██[38;2;251;234;216m██[38;2;250;233;215m██[38;2;126;108;94m██[38;2;116;98;86m██[38;2;120;102;89m██[38;2;248;230;213m██[38;2;247;230;213m██[38;2;85;59;48m██[38;2;74;51;41m██[38;2;71;50;39m██[38;2;72;50;39m██[38;2;59;36;28m██[38;2;75;51;41m██[38;2;78;56;41m██[38;2;0;0;0m  
[38;2;0;0;0m      [38;2;74;52;43m██[38;2;65;40;36m██[38;2;69;44;40m██[38;2;238;233;230m██[38;2;243;243;243m██[38;2;244;241;240m██[38;2;228;216;207m██[38;2;251;235;218m██[38;2;250;233;217m██[38;2;252;235;217m████[38;2;251;235;219m██[38;2;251;236;217m██[38;2;251;234;216m██[38;2;249;232;214m██[38;2;245;227;212m██[38;2;175;156;139m██[38;2;77;54;46m██[38;2;73;47;43m██[38;2;72;50;39m████[38;2;61;35;34m██[38;2;73;48;41m██[38;2;77;55;41m██[38;2;45;38;19m  
[38;2;0;0;0m    [38;2;43;43;43m  [38;2;71;46;41m██[38;2;69;38;43m██[38;2;90;62;62m██[38;2;125;107;97m██[38;2;249;232;216m██[38;2;250;234;218m██[38;2;251;235;219m██[38;2;252;235;217m████████[38;2;251;236;217m██[38;2;252;235;217m████[38;2;251;236;217m██[38;2;250;234;218m██[38;2;103;81;70m██[38;2;63;37;36m██[38;2;69;45;40m██[38;2;73;49;39m██[38;2;62;36;35m██[38;2;60;31;35m██[38;2;72;50;37m██[38;2;73;49;39m██[38;2;49;45;20m  
[38;2;0;0;0m      [38;2;72;45;43m██[38;2;78;48;50m██[38;2;247;229;212m██[38;2;249;233;217m██[38;2;251;234;218m██[38;2;249;236;217m██[38;2;251;236;217m██[38;2;252;235;217m██[38;2;251;234;216m██[38;2;252;235;217m██[38;2;251;236;217m██[38;2;251;234;216m██[38;2;252;235;217m██[38;2;251;236;217m██[38;2;250;233;215m██[38;2;245;232;204m██[38;2;97;79;69m██[38;2;65;36;40m██[38;2;70;43;40m██[38;2;73;49;39m██[38;2;59;33;34m██[38;2;59;31;36m██[38;2;66;37;33m██[38;2;84;63;46m██[38;2;0;0;0m  
[38;2;0;0;0m    [38;2;102;86;61m██[38;2;71;52;46m██[38;2;85;57;56m██[38;2;246;229;211m██[38;2;252;235;217m██[38;2;250;234;218m██[38;2;252;235;219m██[38;2;252;235;217m██[38;2;252;235;216m██[38;2;252;235;219m██[38;2;251;234;216m██[38;2;250;233;215m██[38;2;249;232;216m██[38;2;179;141;132m██[38;2;251;229;215m██[38;2;246;228;214m██[38;2;240;239;240m██[38;2;98;75;66m██[38;2;67;35;40m██[38;2;67;43;39m██[38;2;61;35;34m██[38;2;58;29;33m██[38;2;61;30;35m██[38;2;71;46;41m██[38;2;0;0;0m    
[38;2;0;0;0m      [38;2;138;130;87m  [38;2;240;222;203m██[38;2;144;126;110m██[38;2;251;234;216m██[38;2;251;236;217m██[38;2;252;235;219m██[38;2;252;235;217m██[38;2;250;233;215m██[38;2;226;203;190m██[38;2;183;145;138m██[38;2;221;165;160m██[38;2;246;185;183m██[38;2;241;180;179m██[38;2;175;142;131m██[38;2;245;227;217m██[38;2;192;189;178m██[38;2;98;79;70m██[38;2;65;36;40m██[38;2;72;45;44m██[38;2;60;31;36m██[38;2;61;31;36m██[38;2;60;35;38m██[38;2;81;63;41m██[38;2;0;0;0m    
[38;2;0;0;0m        [38;2;246;229;210m██[38;2;0;0;0m  [38;2;162;147;128m██[38;2;250;235;216m██[38;2;251;234;216m████[38;2;201;179;164m██[38;2;221;168;164m██[38;2;249;192;185m██[38;2;250;193;185m██[38;2;248;193;186m██[38;2;250;193;186m██[38;2;249;230;213m██[38;2;246;228;214m██[38;2;158;144;126m██[38;2;177;164;163m██[38;2;68;39;44m██[38;2;57;31;32m██[38;2;62;38;36m██[38;2;69;42;42m██[38;2;69;53;33m██[38;2;94;77;51m██[38;2;0;0;0m    
[38;2;0;0;0m  [38;2;138;130;91m  [38;2;146;137;107m██[38;2;140;131;102m██[38;2;249;232;214m██[38;2;245;229;209m██[38;2;122;110;84m  [38;2;36;34;25m  [38;2;243;225;213m██[38;2;250;233;215m██[38;2;250;231;214m██[38;2;227;183;172m██[38;2;252;194;188m██[38;2;187;152;140m██[38;2;242;198;187m██[38;2;231;201;186m██[38;2;248;233;216m██[38;2;250;235;216m██[38;2;182;165;147m██[38;2;108;83;78m██[38;2;68;41;42m██[38;2;65;46;40m██[38;2;82;65;51m██[38;2;98;82;55m██[38;2;0;0;0m        
[38;2;246;230;210m██[38;2;245;230;212m██[38;2;247;230;213m██[38;2;206;191;170m██[38;2;192;175;157m██[38;2;251;234;216m██[38;2;247;232;213m██[38;2;0;0;0m    [38;2;100;83;74m██[38;2;96;77;72m██[38;2;171;153;146m██[38;2;219;198;195m██[38;2;247;231;215m██[38;2;249;232;214m██[38;2;250;231;214m██[38;2;250;234;216m██[38;2;252;235;218m██[38;2;249;232;216m██[38;2;84;66;59m██[38;2;82;63;59m██[38;2;0;0;0m              
[38;2;0;0;0m    [38;2;245;230;211m██[38;2;251;234;216m██[38;2;252;235;217m██[38;2;251;234;216m██[38;2;241;225;209m██[38;2;37;32;27m  [38;2;238;238;238m██[38;2;187;185;198m██[38;2;51;47;51m██[38;2;68;63;70m██[38;2;133;128;144m██[38;2;109;101;114m██[38;2;98;89;93m██[38;2;250;233;217m██[38;2;252;235;217m████[38;2;249;232;215m██[38;2;96;89;87m██[38;2;225;223;233m██[38;2;240;240;240m██[38;2;0;0;0m            
[38;2;0;0;0m    [38;2;125;114;85m██[38;2;250;235;216m██[38;2;250;232;217m██[38;2;243;228;211m██[38;2;229;216;199m██[38;2;238;237;232m██[38;2;239;238;240m██[38;2;80;74;74m██[38;2;44;43;48m██[38;2;69;66;75m██[38;2;105;99;115m██[38;2;51;48;56m██[38;2;144;141;150m██[38;2;248;232;215m██[38;2;252;235;217m██[38;2;252;235;219m██[38;2;251;232;215m██[38;2;243;239;236m██[38;2;238;237;239m██[38;2;241;241;241m██[38;2;0;0;0m            
[38;2;0;0;0m      [38;2;222;212;203m██[38;2;247;233;217m██[38;2;249;233;218m██[38;2;151;138;132m██[38;2;240;242;241m██[38;2;239;237;237m██[38;2;63;61;62m██[38;2;55;52;53m██[38;2;110;105;109m██[38;2;133;128;134m██[38;2;73;68;74m██[38;2;235;232;240m██[38;2;129;115;107m██[38;2;249;232;214m██[38;2;251;234;217m██[38;2;249;233;217m██[38;2;233;230;227m██[38;2;242;242;244m██[38;2;241;241;241m██[38;2;128;123;104m  [38;2;0;0;0m          
[38;2;50;50;50m  [38;2;0;0;0m    [38;2;233;232;237m██[38;2;241;241;241m██[38;2;240;240;241m██[38;2;140;138;139m██[38;2;242;242;242m██[38;2;92;90;91m██[38;2;54;52;53m██[38;2;53;51;52m██[38;2;160;157;155m██[38;2;69;66;75m██[38;2;133;131;135m██[38;2;83;79;80m██[38;2;67;62;60m██[38;2;95;89;83m██[38;2;182;174;167m██[38;2;241;241;241m██[38;2;206;205;203m██[38;2;241;240;239m██[38;2;239;239;239m██[38;2;124;121;103m██[38;2;0;0;0m          
[38;2;0;0;0m    [38;2;228;226;219m██[38;2;239;237;238m██[38;2;244;244;244m██[38;2;186;186;186m██[38;2;195;192;193m██[38;2;240;240;240m██[38;2;71;69;70m██[38;2;53;51;51m██[38;2;52;50;51m██[38;2;169;164;166m██[38;2;55;52;61m██[38;2;74;72;74m██[38;2;56;54;55m██[38;2;53;52;50m██[38;2;74;70;71m██[38;2;237;234;230m██[38;2;222;220;221m██[38;2;241;241;241m██[38;2;234;233;231m██[38;2;239;239;239m██[38;2;0;0;0m            
[38;2;0;0;0m    [38;2;240;240;240m██[38;2;170;170;170m██[38;2;209;209;209m██[38;2;228;228;228m██[38;2;242;242;244m██[38;2;236;236;236m██[38;2;64;63;64m██[38;2;50;48;49m██[38;2;49;47;49m██[38;2;44;39;43m██[38;2;44;42;47m██[38;2;50;48;49m████[38;2;54;53;51m██[38;2;82;81;79m██[38;2;240;240;240m██[38;2;241;243;242m██[38;2;194;194;194m██[38;2;237;237;239m██[38;2;191;189;190m██[38;2;82;82;79m  [38;2;0;0;0m          
[38;2;0;0;0m    [38;2;240;240;240m██[38;2;241;241;241m██[38;2;240;240;240m██[38;2;243;243;243m██[38;2;242;242;244m██[38;2;234;234;232m██[38;2;59;57;58m██[38;2;50;48;49m██[38;2;49;47;48m██[38;2;48;43;47m██[38;2;48;46;47m██[38;2;49;47;48m██[38;2;50;48;49m██[38;2;61;60;59m██[38;2;240;238;239m██[38;2;239;239;239m██[38;2;243;243;241m██[38;2;211;211;211m██[38;2;240;240;242m██[38;2;184;184;182m██[38;2;46;44;34m  [38;2;0;0;0m          
[38;2;0;0;0m    [38;2;229;222;214m██[38;2;242;242;242m██[38;2;243;243;243m████[38;2;233;233;233m██[38;2;102;101;99m██[38;2;54;53;53m██[38;2;49;47;48m██[38;2;48;46;47m████████[38;2;50;48;49m██[38;2;75;71;72m██[38;2;239;241;240m██[38;2;189;187;188m██[38;2;235;235;235m██[38;2;243;243;243m██[38;2;242;242;242m██[38;2;240;240;240m██[38;2;47;44;35m  [38;2;0;0;0m          
[38;2;0;0;0m    [38;2;188;184;176m██[38;2;240;240;240m██[38;2;197;197;197m██[38;2;238;238;237m██[38;2;171;168;164m██[38;2;69;64;60m██[38;2;50;48;49m██[38;2;48;46;47m██████████[38;2;50;48;49m██[38;2;60;58;59m██[38;2;101;99;100m██[38;2;242;242;242m██[38;2;243;243;243m██[38;2;242;242;242m██[38;2;178;178;178m██[38;2;242;242;242m██[38;2;0;0;0m            
[38;2;0;0;0m      [38;2;87;84;68m  [38;2;84;82;71m  [38;2;0;0;0m  [38;2;87;81;61m██[38;2;55;54;52m██[38;2;48;46;47m██[38;2;49;47;48m██[38;2;47;45;45m██[38;2;49;47;48m██[38;2;48;46;47m██[38;2;49;47;48m████[38;2;51;49;50m██[38;2;67;65;66m██[38;2;236;236;236m██[38;2;241;241;241m████[38;2;244;244;244m██[38;2;238;236;234m██[38;2;0;0;0m            [0m
