
[38;2;0;0;0m          [38;2;114;114;114m  [38;2;105;105;105m  [38;2;227;227;227m  [38;2;245;245;245m  [38;2;243;243;243m██[38;2;242;242;242m██[38;2;242;240;241m██████████  [38;2;244;242;243m  [38;2;218;216;217m  [38;2;94;93;93m  [38;2;83;83;83m  [38;2;0;0;0m            
[38;2;0;0;0m        [38;2;78;78;78m  [38;2;188;188;188m  [38;2;253;253;253m██[38;2;248;248;248m██[38;2;236;236;236m██[38;2;245;245;245m██[38;2;236;236;236m██[38;2;242;240;241m██████████████[38;2;240;238;239m██[38;2;242;240;241m██[38;2;237;235;236m  [38;2;104;104;104m  [38;2;3;3;3m  [38;2;0;0;0m        
[38;2;0;0;0m      [38;2;127;127;127m  [38;2;199;199;199m  [38;2;247;247;247m██[38;2;246;246;246m██[38;2;240;240;240m██[38;2;243;243;243m██[38;2;246;246;246m██[38;2;243;242;242m██[38;2;240;239;242m██[38;2;245;243;244m██[38;2;242;240;241m██[38;2;242;242;242m██[38;2;244;244;244m██[38;2;233;231;232m██[38;2;242;240;241m██[38;2;244;242;243m██[38;2;205;203;204m██[38;2;243;241;242m██[38;2;220;220;220m██[38;2;204;204;204m  [38;2;127;127;127m  [38;2;0;0;0m      
[38;2;0;0;0m    [38;2;127;127;127m  [38;2;208;208;208m  [38;2;248;248;248m██[38;2;245;246;246m██[38;2;180;187;187m██[38;2;243;243;242m██[38;2;237;235;236m██[38;2;131;131;132m██[38;2;130;125;123m██[38;2;113;103;88m██[38;2;109;98;72m██[38;2;110;101;78m██[38;2;157;156;152m  [38;2;243;239;240m██[38;2;206;206;207m██[38;2;238;236;237m██[38;2;245;243;244m██[38;2;243;243;243m██[38;2;245;244;244m██[38;2;253;253;253m██[38;2;247;247;247m██[38;2;210;210;210m  [38;2;69;69;69m  [38;2;0;0;0m    
[38;2;0;0;0m    [38;2;215;215;215m  [38;2;252;252;252m██[38;2;246;246;246m██[38;2;237;235;239m██[38;2;236;237;240m██[38;2;222;220;220m██[38;2;153;137;137m██[38;2;70;54;43m██[38;2;214;181;90m██[38;2;217;182;91m██[38;2;217;182;89m██[38;2;217;182;90m██[38;2;173;143;80m██[38;2;222;225;226m██[38;2;229;227;227m██[38;2;230;228;229m██[38;2;242;240;242m██[38;2;205;202;200m██[38;2;241;241;241m██[38;2;243;243;243m██[38;2;199;199;199m██[38;2;245;245;245m██[38;2;175;175;175m  [38;2;16;16;16m  [38;2;0;0;0m  
[38;2;0;0;0m  [38;2;36;36;36m  [38;2;212;212;212m  [38;2;246;246;246m██[38;2;240;240;239m██[38;2;138;166;182m██[38;2;146;140;140m██[38;2;220;216;217m██[38;2;203;190;187m██[38;2;126;131;134m██[38;2;216;180;91m██[38;2;218;181;89m██[38;2;218;182;89m██[38;2;217;182;90m██[38;2;136;112;65m██[38;2;173;175;172m██[38;2;243;241;242m██[38;2;229;227;228m██[38;2;239;238;238m██[38;2;187;195;193m██[38;2;232;232;232m██[38;2;243;242;243m██[38;2;250;250;250m██[38;2;246;246;246m██  [38;2;93;93;93m  [38;2;0;0;0m  
[38;2;24;24;24m  [38;2;202;207;212m  [38;2;237;239;242m  [38;2;243;243;243m██[38;2;200;196;194m██[38;2;144;179;197m██[38;2;181;179;175m██[38;2;153;128;124m██[38;2;155;132;128m██[38;2;71;70;54m██[38;2;198;179;118m██[38;2;128;109;63m██[38;2;182;166;105m██[38;2;234;207;120m██[38;2;68;52;37m██[38;2;209;185;177m██[38;2;223;220;220m██[38;2;196;194;190m██[38;2;217;216;216m██[38;2;132;146;156m██[38;2;230;228;229m██[38;2;242;240;241m██[38;2;244;242;243m██[38;2;243;241;242m██[38;2;246;242;241m██[38;2;155;159;163m  [38;2;143;143;143m  
[38;2;127;115;115m  [38;2;168;123;132m  [38;2;245;245;244m██[38;2;239;237;238m██[38;2;189;192;194m██[38;2;170;167;169m██[38;2;201;199;201m██[38;2;235;222;208m██[38;2;237;220;209m██[38;2;156;144;98m██[38;2;139;124;78m██[38;2;233;211;142m██[38;2;137;120;82m██[38;2;183;165;112m██[38;2;159;146;135m██[38;2;181;174;173m██[38;2;173;159;155m██[38;2;139;130;127m██[38;2;193;190;193m██[38;2;83;105;113m██[38;2;233;231;233m██[38;2;244;242;243m██[38;2;241;239;240m██[38;2;218;216;217m██[38;2;196;200;206m  [38;2;69;92;112m  [38;2;127;127;127m  
[38;2;219;219;221m  [38;2;164;161;160m  [38;2;242;240;241m██[38;2;192;193;196m██[38;2;190;174;173m██[38;2;249;230;218m██[38;2;246;228;215m██[38;2;251;234;215m██[38;2;138;122;117m██[38;2;146;130;84m██[38;2;172;154;100m██[38;2;202;182;114m██[38;2;223;201;129m██[38;2;113;104;74m██[38;2;249;231;217m██[38;2;225;212;199m██[38;2;251;233;221m██[38;2;192;183;170m██[38;2;180;176;172m██[38;2;144;128;126m██[38;2;233;233;233m██[38;2;243;241;242m██[38;2;242;240;241m██[38;2;192;190;191m██[38;2;145;146;148m  [38;2;142;144;151m  [38;2;139;143;144m  
[38;2;215;219;225m  [38;2;213;211;212m██[38;2;242;240;241m██[38;2;161;159;162m██[38;2;187;173;166m██[38;2;236;221;210m██[38;2;98;91;85m██[38;2;62;55;49m██[38;2;143;134;127m██[38;2;220;202;189m██[38;2;249;231;216m██[38;2;250;232;218m██[38;2;253;236;220m██[38;2;251;236;218m██[38;2;223;206;192m██[38;2;218;207;195m██[38;2;227;213;203m██[38;2;250;236;220m██[38;2;250;235;219m██[38;2;181;158;155m██[38;2;210;208;209m██[38;2;242;240;241m████[38;2;184;184;184m██[38;2;183;178;178m██[38;2;188;68;78m██[38;2;191;180;181m  
[38;2;195;195;197m██[38;2;237;235;236m██[38;2;240;238;239m██[38;2;159;158;161m██[38;2;104;94;88m██[38;2;174;169;174m██[38;2;152;148;152m██[38;2;12;18;23m██[38;2;200;200;200m██[38;2;170;152;143m██[38;2;251;234;218m██████[38;2;192;180;169m██[38;2;187;182;185m██[38;2;149;143;149m██[38;2;172;170;174m██[38;2;115;106;111m██[38;2;142;131;123m██[38;2;181;171;167m██[38;2;163;161;162m██[38;2;241;239;240m██[38;2;242;240;241m██[38;2;200;200;200m██[38;2;143;143;143m██[38;2;153;154;155m  [38;2;214;217;219m██
[38;2;181;181;181m██[38;2;234;232;233m██[38;2;235;233;234m██[38;2;134;132;131m██[38;2;75;66;65m██[38;2;196;197;200m██[38;2;91;154;193m██[38;2;17;42;64m██[38;2;23;57;80m██[38;2;250;235;226m██[38;2;251;234;218m██████[38;2;249;239;229m██[38;2;55;72;84m██[38;2;156;163;168m██[38;2;49;98;132m██[38;2;26;32;42m██[38;2;177;171;177m██[38;2;159;159;155m██[38;2;198;196;197m██[38;2;242;240;241m████[38;2;219;217;218m██[38;2;165;166;166m██[38;2;185;185;183m██[38;2;190;202;209m██
[38;2;178;178;178m██[38;2;229;227;228m██[38;2;231;229;230m██[38;2;148;141;142m██[38;2;247;231;217m██[38;2;239;237;237m██[38;2;184;204;219m██[38;2;195;211;221m██[38;2;213;216;217m██[38;2;248;233;220m██[38;2;251;234;218m██████[38;2;249;242;234m██[38;2;38;102;144m██[38;2;114;140;160m██[38;2;83;152;195m██[38;2;21;66;100m██[38;2;252;251;252m██[38;2;35;34;33m██[38;2;237;233;237m██[38;2;242;240;241m████[38;2;236;234;235m██[38;2;169;169;169m██[38;2;158;156;157m██[38;2;183;189;192m██
[38;2;204;203;204m  [38;2;225;223;224m██[38;2;226;224;225m██[38;2;230;212;202m██[38;2;216;195;186m██[38;2;251;229;216m██[38;2;249;232;217m██[38;2;250;233;218m██[38;2;250;232;217m██[38;2;250;232;219m██[38;2;245;228;212m██[38;2;251;234;218m████[38;2;249;234;221m██[38;2;252;249;246m██[38;2;174;175;174m██[38;2;162;168;172m██[38;2;236;236;234m██[38;2;224;214;208m██[38;2;157;131;125m██[38;2;242;240;241m████████[38;2;187;187;187m██[38;2;156;161;163m██[38;2;195;194;195m  
[38;2;178;178;178m  [38;2;186;186;187m  [38;2;216;216;217m██[38;2;243;199;194m██[38;2;187;138;138m██[38;2;245;199;194m██[38;2;251;234;218m██████████████████[38;2;250;234;218m██[38;2;246;212;204m██[38;2;240;173;174m██[38;2;199;178;178m██[38;2;194;192;192m██[38;2;240;238;239m██████[38;2;230;230;230m██[38;2;210;210;210m██[38;2;213;213;213m  [38;2;127;127;127m  
[38;2;134;134;134m  [38;2;158;158;158m  [38;2;195;194;195m██[38;2;250;232;218m██[38;2;250;234;219m██[38;2;242;226;211m██[38;2;251;234;218m████████████████████[38;2;249;234;217m██[38;2;182;151;146m██[38;2;239;200;193m██[38;2;216;213;216m██[38;2;232;233;233m██[38;2;234;232;233m████[38;2;148;146;147m██[38;2;182;182;182m██[38;2;219;219;219m  [38;2;112;112;112m  
[38;2;31;31;31m  [38;2;190;190;190m  [38;2;189;194;198m██[38;2;250;232;216m██[38;2;251;234;218m██████[38;2;252;234;221m██[38;2;219;201;189m██[38;2;229;211;199m██[38;2;218;200;188m██[38;2;221;203;191m██[38;2;248;231;218m██[38;2;224;208;193m██[38;2;251;234;218m████[38;2;240;222;210m██[38;2;251;233;218m██[38;2;212;209;200m██[38;2;223;227;235m██[38;2;227;226;224m██[38;2;227;225;226m██[38;2;215;214;214m██[38;2;175;175;175m██[38;2;182;182;182m██[38;2;222;222;222m██[38;2;84;84;84m  
[38;2;32;32;32m  [38;2;219;220;220m  [38;2;201;203;208m██[38;2;125;130;137m██[38;2;251;232;219m██[38;2;251;234;218m████████████████[38;2;238;222;206m██[38;2;251;234;218m████[38;2;252;234;216m██[38;2;238;222;212m██[38;2;168;157;155m██[38;2;120;147;175m██[38;2;216;215;214m██[38;2;217;217;217m██[38;2;144;144;144m██[38;2;174;174;174m██[38;2;215;215;215m██[38;2;170;170;170m  [38;2;84;84;84m  
[38;2;33;33;33m  [38;2;223;223;223m  [38;2;206;206;206m██[38;2;71;123;173m██[38;2;162;157;157m██[38;2;250;233;216m██[38;2;251;234;218m██████████████████████[38;2;218;216;215m██[38;2;199;185;185m██[38;2;157;182;205m██[38;2;210;207;210m██[38;2;213;211;212m██[38;2;199;199;199m██[38;2;182;182;182m██[38;2;211;211;211m██[38;2;225;225;225m  [38;2;173;173;173m  
[38;2;24;24;24m  [38;2;178;178;177m  [38;2;196;196;196m██[38;2;72;121;169m██[38;2;159;163;169m██[38;2;157;151;147m██[38;2;252;235;219m██[38;2;251;234;218m████████████████[38;2;252;234;220m██[38;2;211;204;197m██[38;2;233;208;195m██[38;2;139;166;192m██[38;2;167;179;196m██[38;2;206;204;204m██[38;2;177;175;176m██[38;2;184;184;184m██[38;2;182;182;182m██[38;2;199;199;199m██[38;2;225;225;225m  [38;2;84;84;84m  
[38;2;155;155;155m  [38;2;179;179;179m  [38;2;189;189;189m██[38;2;158;177;196m██[38;2;104;120;132m██[38;2;169;168;168m██[38;2;169;168;169m██[38;2;198;186;177m██[38;2;251;233;216m██[38;2;249;235;218m██[38;2;251;234;218m██████[38;2;251;233;219m██[38;2;236;224;209m██[38;2;212;200;191m██[38;2;248;228;208m██[38;2;211;205;201m██[38;2;80;129;172m██[38;2;198;196;199m██[38;2;205;204;205m██[38;2;153;152;153m██[38;2;167;167;167m██[38;2;176;176;176m██[38;2;204;204;204m  [38;2;196;196;196m  [38;2;72;72;72m  
[38;2;0;0;0m  [38;2;156;156;156m  [38;2;232;232;232m██[38;2;174;174;171m██[38;2;90;132;164m██[38;2;164;165;165m██[38;2;167;168;168m██[38;2;163;162;162m██[38;2;141;140;140m██[38;2;172;163;154m██[38;2;235;216;202m██[38;2;250;232;217m██[38;2;253;235;220m██[38;2;251;231;217m██[38;2;229;205;191m██[38;2;181;139;128m██[38;2;131;120;116m██[38;2;92;133;167m██[38;2;187;194;202m██[38;2;197;197;197m██[38;2;156;156;156m██[38;2;155;155;155m██[38;2;166;166;166m██[38;2;168;168;168m██[38;2;203;203;203m  [38;2;146;146;146m  [38;2;103;103;103m  
[38;2;0;0;0m  [38;2;104;104;104m  [38;2;172;172;172m  [38;2;175;175;175m██[38;2;131;166;189m██[38;2;157;157;156m██[38;2;174;174;174m██[38;2;163;163;163m██[38;2;136;135;134m██[38;2;160;161;162m██[38;2;202;155;142m██[38;2;218;159;147m██[38;2;222;159;148m██[38;2;220;159;147m██[38;2;218;158;143m██[38;2;185;159;150m██[38;2;89;104;117m██[38;2;158;178;195m██[38;2;185;183;182m██[38;2;182;182;182m██[38;2;152;152;152m██[38;2;168;168;168m██[38;2;166;166;166m██[38;2;148;148;148m██[38;2;212;212;212m  [38;2;133;133;133m  [38;2;207;207;207m  
[38;2;81;81;81m  [38;2;95;95;95m  [38;2;145;145;145m  [38;2;240;240;240m  [38;2;164;164;163m██[38;2;142;151;155m██[38;2;149;149;149m██[38;2;160;160;160m██[38;2;148;140;139m██[38;2;233;193;183m██[38;2;229;187;175m██[38;2;216;159;148m██[38;2;219;158;147m██[38;2;203;148;138m██[38;2;181;142;135m██[38;2;104;110;117m██[38;2;160;178;190m██[38;2;175;175;175m██[38;2;229;228;229m██[38;2;207;207;207m██[38;2;196;196;196m██[38;2;161;161;161m██[38;2;166;166;166m██[38;2;165;165;165m██[38;2;228;228;228m  [38;2;155;155;155m  [38;2;217;217;217m  
[38;2;102;102;102m  [38;2;0;0;0m    [38;2;220;220;220m  [38;2;120;135;144m  [38;2;204;203;199m██[38;2;162;162;162m██[38;2;170;170;170m██[38;2;163;163;164m██[38;2;188;182;172m██[38;2;221;209;195m██[38;2;249;233;220m██[38;2;251;233;219m██[38;2;227;213;201m██[38;2;116;134;142m██[38;2;114;113;115m██[38;2;221;221;222m██[38;2;250;250;250m██[38;2;167;167;167m██[38;2;177;177;177m██[38;2;249;249;249m██[38;2;188;189;185m  [38;2;166;166;166m██[38;2;149;149;149m██[38;2;235;235;235m  [38;2;181;181;181m  [38;2;84;84;84m  
[38;2;0;0;0m      [38;2;131;131;131m  [38;2;52;113;152m  [38;2;48;102;139m██[38;2;173;183;190m  [38;2;236;236;236m██[38;2;176;178;180m██[38;2;230;232;232m██[38;2;188;185;184m██[38;2;213;201;191m██[38;2;227;214;203m██[38;2;200;193;187m██[38;2;203;201;202m██[38;2;216;216;216m██[38;2;167;167;167m██[38;2;212;212;212m██[38;2;248;248;247m██[38;2;251;251;250m██[38;2;104;126;142m  [38;2;76;112;138m██[38;2;166;166;166m██[38;2;136;136;136m  [38;2;180;180;180m  [38;2;36;36;36m  [38;2;0;0;0m  
[38;2;0;0;0m      [38;2;209;216;220m  [38;2;52;115;159m██[38;2;53;117;159m██[38;2;51;105;143m██[38;2;49;104;141m██[38;2;82;104;113m  [38;2;201;205;209m██[38;2;250;251;248m██[38;2;118;114;105m██[38;2;98;98;90m██[38;2;166;167;168m██[38;2;218;218;216m██[38;2;249;249;249m██[38;2;234;238;240m  [38;2;177;187;195m  [38;2;72;103;121m  [38;2;35;82;113m██[38;2;53;116;158m██[38;2;52;108;141m██[38;2;165;165;165m██[38;2;168;168;168m  [38;2;48;48;48m  [38;2;190;190;190m  [38;2;0;0;0m  
[38;2;0;0;0m    [38;2;36;36;36m  [38;2;40;102;136m  [38;2;53;116;160m██[38;2;53;114;153m██[38;2;54;116;159m██[38;2;55;116;158m██[38;2;110;132;145m██[38;2;36;72;99m██[38;2;37;76;107m██[38;2;72;94;110m██[38;2;26;68;110m██[38;2;36;80;111m██[38;2;190;189;181m██[38;2;50;112;154m██[38;2;54;116;159m██[38;2;56;116;156m██[38;2;31;75;100m██[38;2;52;116;160m██[38;2;53;116;159m██[38;2;52;111;153m██[38;2;154;152;147m██[38;2;156;156;156m  [38;2;173;173;173m  [38;2;97;97;97m  [38;2;112;112;112m  
[38;2;0;0;0m    [38;2;53;46;43m  [38;2;53;113;158m  [38;2;53;116;159m██[38;2;46;105;147m██[38;2;52;116;159m██[38;2;52;117;158m██[38;2;150;159;162m██[38;2;55;113;155m██[38;2;28;36;52m██[38;2;44;92;125m██[38;2;37;92;130m██[38;2;51;116;158m██[38;2;185;187;183m██[38;2;53;117;160m██[38;2;53;116;159m██[38;2;57;117;157m██[38;2;36;85;118m██[38;2;53;116;159m████[38;2;52;110;147m██[38;2;199;210;217m  [38;2;117;117;117m  [38;2;0;0;0m    [38;2;127;127;127m  
[38;2;0;0;0m    [38;2;105;117;127m  [38;2;52;115;159m██[38;2;51;116;161m██[38;2;33;81;108m██[38;2;53;116;159m██[38;2;54;115;158m██[38;2;160;165;170m██[38;2;54;116;159m██[38;2;54;114;156m██[38;2;53;116;159m██[38;2;54;116;159m██[38;2;53;116;159m██[38;2;170;177;178m██[38;2;53;116;159m██[38;2;53;116;160m██[38;2;56;117;161m██[38;2;45;104;143m██[38;2;53;116;159m████[38;2;47;105;139m██[38;2;72;121;146m██[38;2;74;93;93m  [38;2;0;0;0m      [0m
