
[38;2;63;21;17m██[38;2;189;168;144m██[38;2;150;106;63m██[38;2;143;102;61m██[38;2;134;96;58m██[38;2;162;118;74m██[38;2;172;125;80m██[38;2;174;127;81m██[38;2;171;124;80m██[38;2;56;40;26m██[38;2;0;0;0m██████[38;2;114;68;49m██[38;2;95;55;40m██[38;2;0;0;0m██████[38;2;81;48;36m██[38;2;24;16;11m██[38;2;147;107;69m██[38;2;181;132;84m██[38;2;174;127;81m████[38;2;163;119;74m██[38;2;158;113;70m██[38;2;178;132;86m██[38;2;98;85;74m  [38;2;4;2;1m  [38;2;4;2;2m  
[38;2;151;108;65m██[38;2;133;95;57m██[38;2;149;107;65m██[38;2;166;120;76m██[38;2;138;99;60m██[38;2;170;123;78m██[38;2;168;122;78m██[38;2;4;3;2m██[38;2;0;0;0m████[38;2;61;36;26m██[38;2;0;0;0m██[38;2;20;13;9m  [38;2;148;88;64m██[38;2;33;19;14m██[38;2;0;0;0m████[38;2;24;15;10m  [38;2;152;91;66m██[38;2;34;20;14m  [38;2;36;23;17m██[38;2;0;0;0m██[38;2;23;16;10m██[38;2;144;104;67m██[38;2;177;129;83m██[38;2;170;123;79m██[38;2;149;107;66m██[38;2;145;104;63m██[38;2;172;133;99m██[38;2;65;51;42m  
[38;2;131;93;55m██[38;2;139;100;60m██[38;2;137;97;58m██[38;2;130;93;56m██[38;2;162;117;73m██[38;2;52;36;23m██[38;2;0;0;0m██████[38;2;62;37;27m██[38;2;7;5;4m██[38;2;0;0;0m  [38;2;196;125;93m██[38;2;187;118;87m██[38;2;2;2;1m██[38;2;0;0;0m████[38;2;213;134;100m██[38;2;202;126;93m██[38;2;125;72;51m  [38;2;112;68;50m██[38;2;0;0;0m  ██████[38;2;132;95;62m██[38;2;163;119;74m██[38;2;152;109;68m██[38;2;132;94;55m██[38;2;143;102;62m██
[38;2;123;85;48m██[38;2;137;97;59m██[38;2;147;105;64m██[38;2;148;105;64m██[38;2;1;1;1m██[38;2;0;0;0m████████[38;2;166;99;72m██[38;2;0;0;0m  [38;2;105;71;53m  [38;2;210;137;103m██[38;2;206;128;95m██[38;2;0;0;0m████[38;2;83;57;44m  [38;2;214;147;112m██[38;2;210;141;106m██[38;2;195;122;90m██[38;2;81;51;37m██[38;2;83;52;38m  [38;2;0;0;0m████████[38;2;9;6;4m██[38;2;160;115;71m██[38;2;155;113;69m██[38;2;142;102;62m██
[38;2;129;90;53m██[38;2;139;99;60m██[38;2;133;94;54m██[38;2;0;0;0m██████████[38;2;83;51;38m  [38;2;208;124;90m██[38;2;0;0;0m  [38;2;228;163;127m██[38;2;222;163;129m██[38;2;223;151;115m██[38;2;0;0;0m██  [38;2;249;196;155m██[38;2;236;176;138m██[38;2;230;167;130m██[38;2;228;154;117m██[38;2;68;47;36m██[38;2;207;131;98m██[38;2;0;0;0m  ██████████[38;2;153;109;68m██[38;2;151;109;67m██
[38;2;129;91;53m██[38;2;121;83;45m██[38;2;0;0;0m████████████[38;2;220;142;107m██[38;2;199;123;91m██[38;2;60;46;36m  [38;2;242;190;152m██[38;2;242;192;155m██[38;2;233;162;124m██[38;2;0;0;0m██[38;2;59;47;38m  [38;2;251;200;160m██[38;2;248;195;156m██[38;2;245;190;151m██[38;2;239;175;135m██[38;2;86;63;49m██[38;2;227;162;125m██[38;2;52;32;23m  [38;2;0;0;0m██[38;2;23;16;11m  [38;2;0;0;0m████[38;2;26;18;13m██[38;2;47;34;23m██[38;2;40;28;18m██
[38;2;107;73;39m██[38;2;33;22;13m██[38;2;0;0;0m██████████[38;2;17;11;8m██[38;2;184;126;96m██[38;2;88;55;41m██[38;2;177;143;114m██[38;2;194;162;129m██[38;2;118;91;71m██[38;2;188;130;100m██[38;2;0;0;0m██[38;2;237;201;162m██[38;2;254;205;165m████[38;2;255;206;166m██[38;2;252;195;155m██[38;2;160;127;101m██[38;2;240;190;153m██[38;2;199;126;93m██[38;2;0;0;0m██[38;2;136;83;61m██[38;2;0;0;0m██████[38;2;119;85;55m██[38;2;174;127;81m██
[38;2;109;73;39m██[38;2;0;0;0m████████[38;2;15;10;7m██[38;2;0;0;0m██[38;2;119;81;62m  [38;2;215;154;119m██[38;2;219;150;115m██[38;2;255;208;167m██[38;2;255;205;165m██[38;2;255;207;166m██[38;2;235;162;124m██[38;2;0;0;0m  [38;2;255;211;169m██[38;2;255;207;166m██[38;2;255;209;170m██[38;2;255;216;184m██[38;2;252;196;155m██[38;2;252;221;186m██[38;2;255;228;196m██[38;2;245;179;139m██[38;2;0;0;0m██[38;2;207;133;99m██[38;2;0;0;0m████████[38;2;182;134;85m██
[38;2;57;38;22m██[38;2;0;0;0m████████[38;2;85;50;37m██[38;2;0;0;0m██[38;2;198;136;103m██[38;2;239;186;148m██[38;2;248;194;154m██[38;2;255;209;168m██[38;2;255;207;166m████[38;2;234;169;131m██[38;2;32;23;17m██[38;2;252;206;165m██[38;2;255;207;166m██[38;2;255;212;175m██[38;2;255;217;184m██[38;2;189;154;125m██[38;2;233;198;159m██[38;2;255;217;174m██[38;2;249;194;154m██[38;2;2;1;1m██[38;2;234;168;129m██[38;2;15;9;7m██[38;2;0;0;0m██[38;2;14;10;7m██[38;2;0;0;0m██[38;2;102;73;47m██
[38;2;0;0;0m██████████[38;2;202;123;90m██[38;2;0;0;0m██[38;2;236;171;133m██[38;2;255;213;172m██[38;2;122;92;72m██[38;2;43;30;23m██[38;2;88;65;51m██[38;2;246;202;161m██[38;2;244;188;150m██[38;2;107;81;63m██[38;2;252;202;161m██[38;2;255;207;166m██[38;2;255;210;171m██[38;2;255;215;181m██[38;2;251;199;159m██[38;2;255;208;166m██[38;2;252;201;161m██[38;2;245;191;151m██[38;2;3;2;1m  [38;2;207;149;115m██[38;2;79;50;36m██[38;2;0;0;0m██[38;2;5;3;2m██[38;2;38;27;18m██[38;2;3;2;2m██
[38;2;0;0;0m████████[38;2;4;3;2m██[38;2;210;136;103m██[38;2;12;7;5m  [38;2;213;153;116m██[38;2;193;194;198m██[38;2;192;191;193m██[38;2;180;180;181m██[38;2;252;251;251m██[38;2;221;218;223m██[38;2;182;136;104m██[38;2;239;191;154m██[38;2;248;196;156m██[38;2;255;207;166m██[38;2;255;214;178m██[38;2;247;192;153m██[38;2;244;188;149m██[38;2;251;196;156m██[38;2;254;199;158m██[38;2;250;200;160m██[38;2;105;86;70m██[38;2;234;174;136m██[38;2;125;80;59m  [38;2;0;0;0m████[38;2;173;126;78m██[38;2;1;1;1m██
[38;2;0;0;0m████████[38;2;140;87;63m██[38;2;194;129;98m██[38;2;153;110;91m██[38;2;204;206;211m██[38;2;122;116;115m██[38;2;85;77;73m██[38;2;92;89;88m██[38;2;206;205;206m██[38;2;250;250;251m██[38;2;183;182;189m██[38;2;254;214;172m██[38;2;251;201;161m██[38;2;255;207;166m██[38;2;255;209;168m██[38;2;233;171;133m██[38;2;185;133;101m██[38;2;160;160;166m██[38;2;235;233;236m██[38;2;0;0;0m██[38;2;199;154;121m██[38;2;243;197;163m██[38;2;129;85;64m██[38;2;0;0;0m██[38;2;108;76;47m██[38;2;59;41;27m██[38;2;162;117;72m██
[38;2;222;189;151m██[38;2;230;184;146m██[38;2;231;176;139m██[38;2;0;0;0m██[38;2;214;136;102m██[38;2;133;91;70m██[38;2;165;116;89m██[38;2;245;182;143m██[38;2;252;202;162m██[38;2;254;205;165m██[38;2;245;188;148m██[38;2;206;154;120m██[38;2;158;132;110m██[38;2;156;145;141m██[38;2;162;135;114m██[38;2;255;207;166m████[38;2;242;206;172m██[38;2;212;150;115m██[38;2;228;226;232m██[38;2;252;251;252m██[38;2;250;249;250m██[38;2;225;224;225m██[38;2;142;141;144m██[38;2;251;201;160m██[38;2;99;69;54m██[38;2;0;0;0m██[38;2;123;84;47m██[38;2;38;26;16m  [38;2;158;114;70m██
[38;2;220;155;120m██[38;2;183;107;76m██[38;2;63;37;24m██[38;2;117;77;57m██[38;2;210;138;103m██[38;2;164;104;78m██[38;2;211;148;113m██[38;2;226;181;145m██[38;2;155;113;86m██[38;2;245;181;141m██[38;2;237;174;136m██[38;2;236;170;132m██[38;2;215;146;111m██[38;2;77;54;41m██[38;2;209;179;145m██[38;2;255;207;166m████[38;2;250;221;189m██[38;2;108;73;56m██[38;2;166;123;93m██[38;2;203;156;121m██[38;2;171;135;104m  [38;2;83;74;70m██[38;2;231;230;235m██[38;2;172;130;100m██[38;2;40;28;22m██[38;2;0;0;0m██[38;2;115;77;40m██[38;2;111;77;44m██[38;2;91;63;38m██
[38;2;218;157;122m██[38;2;67;39;28m██[38;2;122;66;46m██[38;2;112;80;61m██[38;2;187;127;96m██[38;2;206;136;102m██[38;2;190;118;88m██[38;2;225;172;135m██[38;2;248;205;172m██[38;2;255;228;194m██[38;2;221;197;167m██[38;2;234;200;165m██[38;2;255;218;180m██[38;2;255;212;174m██[38;2;255;207;166m████[38;2;248;194;154m██[38;2;246;197;160m██[38;2;157;121;95m██[38;2;91;64;49m██[38;2;231;158;120m██[38;2;229;165;128m██[38;2;233;171;133m██[38;2;246;196;156m██[38;2;151;137;128m██[38;2;0;0;0m██[38;2;18;12;8m██[38;2;108;72;37m██[38;2;124;85;48m██[38;2;124;86;48m██
[38;2;203;148;116m██[38;2;156;111;87m██[38;2;116;68;48m██[38;2;215;178;143m██[38;2;114;78;60m██[38;2;227;153;117m██[38;2;151;150;157m██[38;2;112;112;118m██[38;2;104;73;55m██[38;2;223;169;133m██[38;2;249;201;166m██[38;2;255;210;171m██[38;2;255;207;166m██████[38;2;253;203;164m██[38;2;239;177;138m██[38;2;223;154;116m██[38;2;181;151;120m██[38;2;255;209;168m██[38;2;233;197;158m██[38;2;126;96;76m██[38;2;141;111;91m██[38;2;190;162;138m██[38;2;198;169;140m██[38;2;240;177;137m██[38;2;62;41;22m██[38;2;106;71;36m██[38;2;109;73;37m██[38;2;98;66;34m██
[38;2;12;8;6m  [38;2;81;52;39m██[38;2;188;109;78m██[38;2;126;69;48m██[38;2;89;58;43m██[38;2;224;152;116m██[38;2;90;91;94m  [38;2;211;208;213m██[38;2;210;207;212m██[38;2;250;248;250m██[38;2;159;159;165m██[38;2;71;61;57m██[38;2;159;120;93m██[38;2;248;201;159m██[38;2;255;215;172m██[38;2;255;209;168m██[38;2;255;215;172m██[38;2;233;177;139m██[38;2;253;215;173m██[38;2;255;208;166m██[38;2;246;210;177m██[38;2;196;171;146m  [38;2;127;107;89m██[38;2;236;190;155m██[38;2;173;143;116m██[38;2;178;126;98m██[38;2;56;36;18m██[38;2;101;66;32m██[38;2;97;64;31m████
[38;2;5;3;2m  [38;2;46;33;26m  [38;2;149;101;76m██[38;2;182;102;72m██[38;2;184;114;84m██[38;2;226;154;117m██[38;2;36;10;9m██[38;2;23;6;5m██[38;2;61;59;61m██[38;2;227;227;228m██[38;2;252;252;252m██[38;2;250;249;250m██[38;2;251;250;250m██[38;2;251;250;252m██[38;2;228;227;232m██[38;2;180;180;186m██[38;2;133;131;135m██[38;2;126;117;116m██[38;2;131;110;103m██[38;2;117;96;87m██[38;2;110;89;81m██[38;2;111;91;83m██[38;2;83;71;68m██[38;2;21;17;16m██[38;2;91;69;54m██[38;2;234;176;137m██[38;2;86;56;29m██[38;2;84;55;26m██[38;2;98;65;32m██[38;2;127;87;49m██
[38;2;4;2;1m  [38;2;6;2;2m  [38;2;9;7;5m  [38;2;222;158;122m██[38;2;193;129;98m██[38;2;202;134;101m██[38;2;92;64;50m██[38;2;10;3;2m██[38;2;0;0;0m██████  [38;2;63;62;63m██[38;2;176;175;176m██[38;2;247;247;247m██[38;2;252;251;252m██[38;2;251;251;251m██[38;2;249;248;249m████[38;2;248;247;248m████[38;2;229;227;231m██[38;2;163;159;165m██[38;2;67;56;49m██[38;2;77;44;32m██[38;2;147;110;87m  [38;2;89;58;28m██[38;2;111;76;43m██[38;2;20;14;10m  [38;2;4;1;0m  [0m
