
[38;2;0;0;0m  [38;2;8;0;24m  [38;2;98;96;101m██[38;2;252;252;252m██[38;2;255;255;255m██████[38;2;133;130;137m██[38;2;11;0;26m  [38;2;13;6;27m██[38;2;30;30;43m██[38;2;32;30;46m██[38;2;58;57;74m██[38;2;64;63;81m████████[38;2;100;100;124m██[38;2;133;135;164m████[38;2;102;102;126m██[38;2;64;63;81m████[38;2;65;64;82m██[38;2;68;66;85m██[38;2;69;68;86m██[38;2;69;68;87m██[38;2;68;67;86m██[38;2;64;64;82m██[38;2;13;8;28m  
[38;2;11;0;27m  [38;2;202;198;206m██[38;2;255;255;255m████████████[38;2;150;147;155m██[38;2;55;51;71m██[38;2;64;63;81m██████████████[38;2;61;60;77m██[38;2;136;138;168m██[38;2;134;136;165m██[38;2;137;140;170m██[38;2;52;51;67m██[38;2;47;47;63m██[38;2;42;42;57m██[38;2;38;38;53m██[38;2;29;29;42m██[38;2;23;23;36m██[38;2;24;24;38m██[38;2;22;22;35m██[38;2;66;65;83m██
[38;2;73;67;80m██[38;2;255;255;255m██[38;2;254;254;255m██[38;2;247;246;248m██[38;2;255;255;255m██████████[38;2;8;3;15m██[38;2;66;65;83m██[38;2;64;63;81m████████████[38;2;61;60;78m██[38;2;133;136;165m██[38;2;67;66;84m██[38;2;135;137;167m██[38;2;68;68;87m██[38;2;64;63;81m████████[38;2;65;64;82m██[38;2;67;66;84m██[38;2;22;22;35m██[38;2;47;46;63m██
[38;2;247;247;247m██[38;2;195;193;198m██[38;2;13;0;28m██[38;2;3;0;14m██[38;2;255;255;255m██████████[38;2;209;207;212m██[38;2;62;61;79m██[38;2;64;63;81m██████████[38;2;63;62;80m██[38;2;58;56;74m██[38;2;142;145;175m██[38;2;133;135;164m████[38;2;138;140;170m██[38;2;62;60;78m██[38;2;64;63;81m██████████[38;2;70;69;87m██[38;2;23;24;36m██
[38;2;187;195;228m██[38;2;196;203;234m██[38;2;71;67;75m██[38;2;231;230;232m██[38;2;255;255;255m████[38;2;7;6;16m██[38;2;82;80;84m██[38;2;255;255;255m████[38;2;29;24;41m██[38;2;66;65;84m██[38;2;64;64;81m██[38;2;64;63;81m██[38;2;63;62;81m██[38;2;65;64;82m██[38;2;22;17;36m██[38;2;78;78;98m██[38;2;55;53;70m██[38;2;134;136;166m██[38;2;133;135;164m████[38;2;125;127;155m██[38;2;55;54;71m██[38;2;64;63;81m██████████[38;2;19;17;32m██
[38;2;255;255;255m██[38;2;244;245;250m██[38;2;255;255;255m██[38;2;231;232;236m██[38;2;229;230;233m██[38;2;255;255;255m██[38;2;20;18;23m██[38;2;6;5;15m██[38;2;255;255;255m████[38;2;15;10;26m██[38;2;61;61;79m██[38;2;64;63;81m██[38;2;65;64;83m██[38;2;53;52;68m██[38;2;27;25;42m██[38;2;64;63;81m██████[38;2;108;109;134m██[38;2;133;135;164m██████[38;2;98;99;122m██[38;2;104;104;129m██[38;2;64;63;81m████████[38;2;27;24;41m██
[38;2;255;255;255m██████[38;2;254;254;254m██[38;2;255;255;255m██[38;2;217;218;224m██[38;2;202;208;234m██[38;2;195;202;234m██[38;2;250;251;253m██[38;2;248;248;248m██[38;2;53;51;70m██[38;2;54;54;69m██[38;2;27;27;39m██[38;2;12;4;27m██[38;2;61;61;79m██[38;2;64;63;81m████████[38;2;62;61;78m██[38;2;136;138;168m██[38;2;141;144;174m██[38;2;54;53;70m██[38;2;139;141;171m████[38;2;55;53;70m██[38;2;64;63;81m██████[38;2;46;45;62m██
[38;2;255;255;255m██████████████████[38;2;121;117;125m██[38;2;14;11;27m██[38;2;40;22;31m██[38;2;29;11;33m██[38;2;25;17;41m██[38;2;54;51;71m██[38;2;60;58;76m██[38;2;63;62;81m██[38;2;64;63;81m████[38;2;64;62;80m██[38;2;71;71;90m██[38;2;63;62;80m██[38;2;136;138;167m██[38;2;133;135;164m████[38;2;137;139;168m██[38;2;78;78;98m██[38;2;63;62;79m██[38;2;64;63;81m████
[38;2;255;255;255m████████████████[38;2;246;244;248m██[38;2;152;85;97m██[38;2;88;45;61m██[38;2;11;7;18m██[38;2;68;68;86m██[38;2;66;66;83m██[38;2;65;64;82m██[38;2;66;65;83m██[38;2;70;70;88m██[38;2;66;65;83m██[38;2;50;49;65m██[38;2;26;26;39m██[38;2;63;62;80m██[38;2;70;70;89m██[38;2;137;139;169m██[38;2;133;135;164m████████[38;2;136;138;168m██[38;2;70;65;92m██[38;2;63;62;80m██
[38;2;223;222;225m██[38;2;255;255;255m████████████[38;2;223;222;226m██[38;2;61;28;44m██[38;2;56;28;53m██[38;2;13;0;27m██[38;2;69;63;84m██[38;2;61;55;74m██[38;2;42;40;55m██[38;2;25;25;38m██[38;2;22;23;35m██[38;2;26;26;39m██[38;2;22;23;35m██[38;2;54;54;70m██[38;2;63;62;80m██[38;2;64;63;81m████[38;2;55;53;69m██[38;2;139;141;171m██[38;2;133;135;164m████[38;2;139;142;171m██[38;2;26;24;34m██[38;2;143;146;176m██[38;2;54;52;69m██
[38;2;13;10;19m██[38;2;255;255;255m██████████[38;2;205;202;209m██[38;2;54;28;41m██[38;2;255;242;214m██[38;2;213;189;181m██[38;2;10;0;24m██[38;2;32;20;32m██[38;2;11;5;25m██[38;2;19;10;26m██[38;2;113;69;90m██[38;2;23;11;38m██[38;2;58;56;75m██[38;2;66;65;83m██[38;2;64;63;81m████[38;2;64;62;80m██[38;2;66;65;83m██[38;2;44;44;60m██[38;2;51;50;67m██[38;2;132;134;163m██[38;2;123;124;153m██[38;2;20;16;31m██[38;2;141;144;174m██[38;2;133;135;164m██[38;2;136;138;167m██
[38;2;7;0;18m  [38;2;220;218;222m██[38;2;255;255;255m██████[38;2;236;234;237m██[38;2;16;9;29m██[38;2;239;218;197m██[38;2;10;0;23m██[38;2;13;0;27m██████[38;2;5;2;19m██[38;2;38;30;39m██[38;2;224;176;182m██[38;2;49;29;59m██[38;2;23;14;41m██[38;2;19;17;32m██[38;2;17;17;29m██[38;2;11;10;26m██[38;2;13;1;27m██[38;2;12;9;27m██[38;2;70;69;87m██[38;2;65;65;83m██[38;2;23;16;24m██[38;2;23;18;36m██[38;2;120;121;149m██[38;2;117;119;144m██[38;2;137;139;168m██[38;2;133;135;164m██
[38;2;0;0;6m  [38;2;8;0;19m  [38;2;255;255;255m██████[38;2;4;1;10m██[38;2;5;5;10m██[38;2;250;212;191m██[38;2;162;136;144m██[38;2;202;170;197m██[38;2;29;23;32m██[38;2;6;2;18m██[38;2;218;184;224m██[38;2;210;178;214m██[38;2;215;182;211m██[38;2;229;196;205m██[38;2;223;188;180m██[38;2;244;169;163m██[38;2;138;81;94m██[38;2;25;19;40m██[38;2;13;7;27m██[38;2;17;17;36m██[38;2;45;23;37m██[38;2;208;107;117m██[38;2;114;61;77m██[38;2;52;52;67m██[38;2;64;63;81m████[38;2;61;60;77m██[38;2;120;122;149m██
[38;2;8;0;26m  [38;2;7;0;23m  [38;2;2;0;7m  [38;2;255;255;255m████[38;2;4;2;7m██[38;2;204;190;166m██[38;2;251;215;189m██[38;2;236;200;199m██[38;2;222;188;207m██[38;2;143;117;149m██[38;2;10;0;20m██[38;2;218;184;223m██[38;2;209;176;215m██[38;2;210;177;215m██[38;2;213;179;213m██[38;2;218;185;208m██[38;2;250;231;214m██[38;2;255;238;207m██[38;2;255;237;203m██[38;2;220;191;170m██[38;2;184;159;145m██[38;2;255;229;194m██[38;2;240;168;155m██[38;2;9;4;22m██[38;2;68;68;86m██[38;2;64;63;81m██████[38;2;61;60;78m██
[38;2;0;0;21m    [38;2;6;0;19m  [38;2;12;7;21m██[38;2;248;248;249m██[38;2;14;7;24m██[38;2;223;218;186m██[38;2;255;217;186m██[38;2;245;209;193m██[38;2;231;196;201m██[38;2;221;187;208m██[38;2;215;181;215m██[38;2;209;176;214m██[38;2;209;176;215m████[38;2;210;177;215m██[38;2;211;177;214m██[38;2;224;190;219m██[38;2;8;1;17m██[38;2;237;211;187m██[38;2;255;218;187m██[38;2;6;4;7m██[38;2;255;222;190m██[38;2;228;119;126m██[38;2;19;20;33m██[38;2;65;64;82m████[38;2;64;63;81m██████
[38;2;0;0;21m    [38;2;6;0;19m  [38;2;3;0;13m  [38;2;10;0;24m  [38;2;126;123;131m██[38;2;47;35;38m██[38;2;255;220;188m██[38;2;255;218;187m██[38;2;246;210;192m██[38;2;238;206;206m██[38;2;228;197;213m██[38;2;216;182;211m██[38;2;211;177;214m██[38;2;209;176;215m████[38;2;214;180;219m██[38;2;223;189;225m██[38;2;11;0;25m██[38;2;170;147;154m██[38;2;255;218;187m██[38;2;213;200;175m██[38;2;178;166;147m██[38;2;145;73;87m██[38;2;22;23;35m██[38;2;51;49;67m██[38;2;66;65;83m██[38;2;64;63;81m██████
[38;2;1;0;4m  [38;2;7;0;21m  [38;2;9;0;25m  [38;2;9;0;26m  [38;2;9;0;25m  [38;2;11;0;26m  [38;2;11;5;21m██[38;2;236;203;175m██[38;2;255;217;186m██[38;2;228;198;171m██[38;2;201;80;91m██[38;2;208;90;101m██[38;2;152;68;84m██[38;2;220;186;209m██[38;2;213;180;213m██[38;2;182;152;188m██[38;2;6;2;18m██[38;2;11;7;18m██[38;2;13;0;27m██[38;2;76;61;83m██[38;2;220;194;178m██[38;2;255;238;202m██[38;2;42;34;32m██[38;2;25;7;33m██[38;2;22;22;35m██[38;2;70;70;87m██[38;2;64;63;81m████████
[38;2;1;0;5m    [38;2;2;0;4m  [38;2;0;0;2m  [38;2;0;0;0m  [38;2;3;0;14m  [38;2;29;30;41m██[38;2;222;204;177m██[38;2;255;217;186m██[38;2;200;109;117m██[38;2;237;132;142m██████[38;2;159;61;75m██[38;2;224;189;206m██[38;2;223;190;217m██[38;2;109;89;116m██[38;2;33;27;35m██[38;2;13;0;27m██[38;2;9;0;20m██[38;2;10;0;24m██[38;2;3;1;12m██[38;2;244;166;157m██[38;2;4;2;20m██[38;2;67;66;84m██[38;2;64;63;81m██████████
[38;2;1;0;5m    [38;2;2;0;5m  [38;2;1;0;5m  [38;2;0;0;4m  [38;2;1;0;11m  [38;2;13;0;27m██[38;2;9;0;23m██[38;2;253;241;208m██[38;2;235;209;178m██[38;2;242;135;145m██[38;2;237;132;142m████[38;2;241;135;145m██[38;2;240;207;200m██[38;2;228;194;203m██[38;2;222;188;207m██[38;2;229;193;216m██[38;2;10;0;20m██[38;2;236;210;190m██[38;2;250;226;194m██[38;2;249;231;197m██[38;2;79;39;49m██[38;2;66;65;83m██[38;2;64;63;81m████████████
[38;2;1;0;5m    [38;2;2;0;5m  [38;2;1;0;4m  [38;2;6;2;5m  [38;2;12;4;9m██[38;2;10;4;7m  [38;2;2;0;6m  [38;2;6;0;14m██[38;2;245;233;205m██[38;2;209;173;152m██[38;2;242;132;144m██[38;2;237;132;142m██[38;2;240;136;146m██[38;2;240;220;188m██[38;2;246;209;193m██[38;2;237;201;198m██[38;2;240;208;206m██[38;2;6;0;16m██[38;2;245;213;191m██[38;2;245;235;201m██[38;2;4;3;7m██[38;2;69;68;86m██[38;2;65;64;82m██[38;2;64;63;81m██████[38;2;55;54;71m██[38;2;64;63;81m████
[38;2;0;0;1m  [38;2;43;17;31m  [38;2;83;32;60m██[38;2;118;45;80m██[38;2;147;55;96m██[38;2;146;55;96m  [38;2;105;40;72m██[38;2;83;31;59m  [38;2;31;11;19m██[38;2;108;105;129m██[38;2;224;209;179m██[38;2;252;225;192m██[38;2;195;120;120m██[38;2;194;134;125m██[38;2;255;217;186m████[38;2;253;216;188m██[38;2;248;211;191m██[38;2;255;248;220m██[38;2;74;63;68m██[38;2;54;52;71m██[38;2;63;61;81m██[38;2;38;34;53m██[38;2;65;64;82m██[38;2;64;63;81m████[38;2;54;53;70m██[38;2;69;68;87m██[38;2;64;63;81m████
[38;2;89;34;63m██[38;2;89;36;64m██[38;2;75;18;48m██[38;2;98;30;64m██[38;2;147;56;96m  [38;2;143;54;94m  [38;2;114;43;76m██[38;2;88;34;63m  [38;2;17;25;38m  [38;2;16;20;29m██[38;2;136;131;159m██[38;2;119;109;92m██[38;2;255;225;193m██[38;2;255;217;186m████████[38;2;255;219;187m██[38;2;243;197;175m██[38;2;210;116;123m██[38;2;17;15;32m██[38;2;22;23;35m██[38;2;67;66;84m██[38;2;64;62;81m██[38;2;64;63;81m██[38;2;68;68;85m██[38;2;16;14;29m██[38;2;65;64;82m██[38;2;4;2;16m██[38;2;64;63;81m██
[38;2;144;55;95m██████[38;2;148;57;98m██[38;2;98;29;64m██[38;2;109;36;71m██[38;2;152;58;100m  [38;2;13;12;17m██[38;2;22;29;40m  [38;2;77;74;89m██[38;2;25;24;29m██[38;2;21;22;30m██[38;2;88;87;111m██[38;2;73;66;61m██[38;2;255;240;209m██[38;2;255;217;186m████[38;2;255;237;205m██[38;2;47;21;31m██[38;2;21;22;34m██[38;2;55;54;72m██[38;2;64;63;81m██████[38;2;72;71;90m██[38;2;135;80;91m██[38;2;18;19;33m██[38;2;60;58;77m██[38;2;23;21;37m██[38;2;71;71;89m██
[38;2;144;55;95m██████████[38;2;157;61;103m██[38;2;10;0;5m██[38;2;41;52;69m  [38;2;65;64;52m██[38;2;23;27;35m██[38;2;24;31;43m  [38;2;14;18;28m██[38;2;104;66;22m██[38;2;13;13;22m██[38;2;28;28;41m██[38;2;3;1;8m██[38;2;29;21;39m██[38;2;17;18;35m██[38;2;51;52;67m██[38;2;66;64;83m██[38;2;64;63;81m████[38;2;65;64;82m██[38;2;49;46;65m██[38;2;174;156;148m██[38;2;196;187;178m██[38;2;28;27;41m██[38;2;4;1;19m██[38;2;26;26;39m██[38;2;35;29;51m██
[38;2;144;55;95m████████[38;2;97;27;64m██[38;2;199;157;144m██[38;2;254;245;213m██[38;2;16;20;35m██[38;2;42;52;68m  [38;2;42;52;69m  [38;2;10;13;20m██[38;2;98;63;22m██[38;2;4;26;20m██[38;2;4;16;14m██[38;2;39;35;55m██[38;2;40;38;57m██[38;2;29;28;41m██[38;2;18;16;31m██[38;2;15;10;29m██[38;2;11;2;26m██[38;2;10;3;25m██[38;2;73;73;90m██[38;2;7;6;13m██[38;2;243;233;207m██[38;2;85;71;74m██[38;2;21;19;35m██[38;2;34;31;50m██[38;2;27;26;39m██[38;2;26;29;39m██[38;2;9;0;23m  
[38;2;149;57;98m██[38;2;144;55;95m████[38;2;67;16;44m██[38;2;248;187;166m██[38;2;255;216;185m██[38;2;255;242;207m██[38;2;215;190;90m██[38;2;37;48;68m  [38;2;12;16;21m██[38;2;80;146;76m██[38;2;191;141;48m██[38;2;38;28;21m██[38;2;119;70;16m██[38;2;74;38;21m██[38;2;9;2;24m██[38;2;43;38;60m██[38;2;8;0;23m    [38;2;9;0;22m  [38;2;6;0;19m  [38;2;12;11;26m██[38;2;27;29;40m██[38;2;26;26;39m██[38;2;18;14;33m██[38;2;2;0;17m  [38;2;15;0;29m██[38;2;25;25;38m██[38;2;21;15;34m██[38;2;1;0;6m  
[38;2;77;29;56m██[38;2;153;58;100m██[38;2;72;13;41m██[38;2;59;4;31m██[38;2;255;223;191m██[38;2;255;217;186m██[38;2;255;241;207m██[38;2;42;52;70m██[38;2;11;13;19m██[38;2;154;161;64m██[38;2;213;105;54m██[38;2;38;33;18m██[38;2;11;88;59m██[38;2;28;135;80m██[38;2;53;47;22m██[38;2;3;2;6m██[38;2;46;46;61m██[38;2;66;65;83m██[38;2;61;59;78m██[38;2;16;9;32m  [38;2;6;0;16m  [38;2;25;26;39m██[38;2;25;24;38m██[38;2;16;9;31m██[38;2;0;0;2m  [38;2;4;0;24m  [38;2;10;1;23m  [38;2;26;27;39m██[38;2;15;4;29m██[38;2;9;0;21m  
[38;2;57;21;42m██[38;2;78;26;54m██[38;2;94;38;68m██[38;2;6;9;13m██[38;2;1;1;3m██[38;2;113;101;88m██[38;2;8;10;16m██[38;2;20;21;28m██[38;2;36;76;47m██[38;2;17;126;78m██[38;2;39;33;19m██[38;2;203;112;50m██[38;2;2;120;83m██[38;2;253;170;41m██[38;2;247;166;45m██[38;2;37;39;23m██[38;2;27;26;40m██[38;2;70;69;87m██[38;2;6;2;21m  [38;2;17;12;29m  [38;2;3;1;14m  [38;2;24;23;37m██[38;2;15;7;29m██[38;2;1;0;4m  [38;2;0;0;1m  [38;2;1;0;3m    [38;2;19;3;33m  [38;2;14;3;28m██[38;2;9;0;22m  
[38;2;18;22;33m██[38;2;14;1;8m██[38;2;148;149;150m  [38;2;41;41;43m██[38;2;43;53;70m██[38;2;40;50;67m██[38;2;19;24;38m██[38;2;179;144;48m  [38;2;46;128;75m  [38;2;89;48;13m██[38;2;239;156;46m██[38;2;70;94;48m██[38;2;9;124;80m██[38;2;23;132;79m██[38;2;87;98;45m██[38;2;28;132;81m██[38;2;13;12;21m██[38;2;22;21;34m██[38;2;69;68;87m██[38;2;24;21;40m██[38;2;5;1;15m  [38;2;16;7;31m██[38;2;1;0;5m  [38;2;0;0;0m  [38;2;0;0;1m  [38;2;0;0;0m    [38;2;4;0;10m  [38;2;17;3;31m██[38;2;4;0;13m  
[38;2;46;56;74m██[38;2;29;29;30m██[38;2;255;255;255m████[38;2;13;15;24m██[38;2;40;50;66m██[38;2;224;123;56m  [38;2;46;76;46m  [38;2;7;25;17m██[38;2;1;124;83m  [38;2;85;92;46m  [38;2;32;26;25m██[38;2;213;165;49m██[38;2;220;127;50m██[38;2;168;136;46m██[38;2;34;104;65m██[38;2;1;15;11m██[38;2;61;60;78m██[38;2;63;63;81m██[38;2;66;66;83m██[38;2;72;72;89m██[38;2;28;22;44m██[38;2;9;0;23m  [38;2;7;0;17m    [38;2;6;0;14m  [38;2;0;0;0m  [38;2;4;0;11m  [38;2;11;1;22m  [38;2;0;0;0m  [0m
