
[38;2;100;87;80m            [38;2;99;86;80m██[38;2;250;250;246m██[38;2;228;227;226m██[38;2;93;90;85m██[38;2;198;194;181m██[38;2;252;250;224m██[38;2;255;252;225m██[38;2;255;250;222m████[38;2;255;251;224m████[38;2;235;233;215m██[38;2;184;177;165m██[38;2;118;106;98m██[38;2;97;84;77m  [38;2;100;87;80m                  
[38;2;100;87;80m        [38;2;109;97;90m██[38;2;198;194;192m██[38;2;200;187;157m██[38;2;120;110;101m██[38;2;253;251;232m██[38;2;254;248;218m██[38;2;254;252;224m██[38;2;246;228;184m██[38;2;240;215;162m██[38;2;249;240;204m██[38;2;254;248;219m████████████[38;2;255;252;226m██[38;2;182;174;163m██[38;2;98;85;78m  [38;2;100;87;80m              
[38;2;100;87;80m      [38;2;121;110;105m██[38;2;255;251;238m██[38;2;196;192;189m██[38;2;233;231;220m██[38;2;252;243;210m██[38;2;253;246;214m██[38;2;243;226;181m██[38;2;251;241;207m██[38;2;254;251;223m██[38;2;255;250;223m██[38;2;254;249;221m██[38;2;254;248;219m██████[38;2;254;248;220m██[38;2;250;242;208m██[38;2;254;248;219m██[38;2;254;249;220m██[38;2;254;248;219m██[38;2;255;252;227m██[38;2;130;118;110m██[38;2;100;87;80m            
[38;2;100;87;80m      [38;2;222;209;177m██[38;2;160;145;120m██[38;2;252;251;230m██[38;2;254;250;238m██[38;2;253;249;237m██[38;2;245;234;199m██[38;2;253;249;235m██[38;2;253;249;227m██[38;2;253;247;217m██[38;2;252;243;210m██[38;2;253;247;218m██[38;2;254;248;219m██████[38;2;254;248;218m██[38;2;242;222;175m██[38;2;245;229;186m██[38;2;249;242;210m██[38;2;250;246;217m██[38;2;254;248;219m██[38;2;254;248;218m██[38;2;147;137;124m██[38;2;100;87;80m          
[38;2;100;87;80m    [38;2;150;154;150m██[38;2;145;162;163m██[38;2;254;252;229m██[38;2;253;246;222m██[38;2;255;255;255m██[38;2;255;255;252m██[38;2;254;252;244m██[38;2;252;243;209m██[38;2;230;218;179m██[38;2;252;245;213m██[38;2;255;255;255m██[38;2;250;241;205m██[38;2;252;244;210m██[38;2;251;243;208m██[38;2;251;242;213m██[38;2;252;245;217m██[38;2;253;247;217m██[38;2;228;211;165m██[38;2;255;251;222m██[38;2;254;251;225m██[38;2;242;231;195m██[38;2;254;248;219m██[38;2;254;251;224m██[38;2;111;97;86m██[38;2;100;87;80m        
[38;2;100;87;80m  [38;2;121;115;110m██[38;2;184;227;237m██[38;2;238;235;221m██[38;2;253;246;215m██[38;2;255;255;254m██[38;2;255;254;253m██[38;2;251;243;211m██[38;2;254;250;219m██[38;2;205;186;137m██[38;2;254;250;223m██[38;2;255;254;250m██[38;2;255;255;251m██[38;2;254;250;241m██[38;2;255;255;255m██[38;2;253;248;235m██[38;2;255;254;251m██[38;2;253;248;235m██[38;2;253;249;235m██[38;2;253;245;217m██[38;2;253;247;217m██[38;2;253;246;215m██[38;2;254;252;226m██[38;2;245;241;213m██[38;2;254;248;219m██[38;2;248;237;198m██[38;2;98;86;79m  [38;2;100;87;80m      
[38;2;100;87;80m  [38;2;135;158;155m██[38;2;118;115;109m██[38;2;254;248;218m██[38;2;254;248;219m██[38;2;253;245;217m██[38;2;245;234;198m██[38;2;254;252;225m██[38;2;208;192;144m██[38;2;231;223;196m██[38;2;251;242;207m██[38;2;255;255;255m██████[38;2;251;242;217m██[38;2;254;251;244m██[38;2;255;255;255m██[38;2;250;239;200m██[38;2;255;255;255m██[38;2;255;254;250m██[38;2;251;241;207m██[38;2;255;255;254m██[38;2;251;242;207m██[38;2;244;238;209m██[38;2;255;252;225m██[38;2;255;251;224m██[38;2;152;135;109m██[38;2;100;87;80m      
[38;2;100;87;80m    [38;2;240;238;219m██[38;2;254;248;219m████[38;2;222;206;165m██[38;2;255;250;223m██[38;2;209;193;147m██[38;2;160;139;112m██[38;2;255;253;227m██[38;2;253;246;216m██[38;2;255;253;246m██[38;2;255;252;247m██[38;2;251;242;207m██[38;2;253;246;213m██[38;2;255;254;253m██[38;2;253;244;212m██[38;2;249;239;204m██[38;2;255;255;255m████[38;2;250;240;203m██[38;2;255;255;255m██[38;2;253;248;232m██[38;2;254;249;221m██[38;2;222;207;167m██[38;2;254;248;219m██[38;2;238;226;184m██[38;2;99;86;80m  [38;2;100;87;80m    
[38;2;100;87;80m  ██[38;2;255;250;219m██[38;2;254;248;219m██[38;2;255;252;225m██[38;2;239;232;197m██[38;2;241;234;197m██[38;2;134;111;92m██[38;2;220;218;217m██[38;2;255;251;221m██[38;2;254;248;219m██[38;2;253;248;217m██[38;2;253;248;218m██[38;2;254;248;219m████[38;2;254;250;221m██[38;2;211;206;202m██[38;2;251;249;225m██[38;2;255;253;247m██[38;2;255;255;255m██[38;2;252;245;210m██[38;2;254;251;243m██[38;2;255;251;243m██[38;2;254;248;218m██[38;2;239;230;195m██[38;2;254;252;223m██[38;2;253;250;221m██[38;2;110;96;85m██[38;2;100;87;80m    
[38;2;100;87;80m  [38;2;151;141;132m██[38;2;254;248;219m████[38;2;232;221;185m██[38;2;254;253;234m██[38;2;115;95;73m██[38;2;255;254;248m██[38;2;185;174;168m██[38;2;255;252;224m██[38;2;254;248;219m████████[38;2;254;249;219m██[38;2;143;138;136m██[38;2;255;252;245m██[38;2;221;218;206m██[38;2;251;243;209m██[38;2;254;251;241m██[38;2;253;246;216m██[38;2;251;242;207m██[38;2;253;245;222m██[38;2;254;248;220m██[38;2;253;250;221m██[38;2;218;202;159m██[38;2;255;250;222m██[38;2;161;143;113m██[38;2;100;87;80m    
[38;2;100;87;80m  [38;2;211;206;194m██[38;2;254;248;219m████[38;2;205;190;153m██[38;2;219;174;154m██[38;2;255;250;238m██[38;2;255;248;236m██[38;2;216;210;206m██[38;2;255;253;224m██[38;2;254;248;219m██[38;2;254;250;223m██[38;2;254;249;221m██[38;2;254;248;219m██[38;2;187;181;175m██[38;2;250;248;241m██[38;2;193;190;189m██[38;2;132;124;119m██[38;2;254;249;219m██[38;2;254;248;220m██[38;2;250;241;207m██[38;2;254;248;220m██[38;2;254;248;219m████[38;2;255;253;225m██[38;2;206;189;142m██[38;2;254;251;223m██[38;2;203;184;143m██[38;2;100;87;80m    
[38;2;101;87;81m██[38;2;255;253;231m██[38;2;254;248;219m██[38;2;255;250;220m██[38;2;181;169;163m██[38;2;171;166;163m██[38;2;184;180;181m██[38;2;209;209;208m██[38;2;209;204;198m██[38;2;204;188;148m██[38;2;254;248;220m██[38;2;254;251;226m██[38;2;250;247;217m██[38;2;255;252;228m██[38;2;178;176;177m██[38;2;255;248;236m██[38;2;255;247;233m██[38;2;133;115;103m██[38;2;232;221;199m██[38;2;254;248;219m██[38;2;212;195;149m██[38;2;254;248;220m██[38;2;254;248;219m████[38;2;255;250;223m██[38;2;206;185;135m██[38;2;240;229;193m██[38;2;228;213;172m██[38;2;100;87;80m    
[38;2;255;254;225m██[38;2;255;248;219m██[38;2;254;248;219m██[38;2;255;250;221m██[38;2;63;55;57m██[38;2;189;177;172m██[38;2;86;54;24m██[38;2;58;43;35m██[38;2;32;27;30m██[38;2;73;60;54m██[38;2;234;222;184m██[38;2;247;246;226m██[38;2;203;184;140m██[38;2;210;208;200m██[38;2;244;243;240m██[38;2;231;230;224m██[38;2;255;249;237m██[38;2;249;240;220m██[38;2;233;233;223m██[38;2;255;250;222m██[38;2;202;182;133m██[38;2;254;248;219m██████[38;2;254;248;218m██[38;2;211;186;149m██[38;2;219;203;160m██[38;2;237;222;179m██[38;2;99;86;80m  [38;2;100;87;80m  
[38;2;144;134;124m██[38;2;211;189;140m██[38;2;252;245;213m██[38;2;253;247;213m██[38;2;169;163;160m██[38;2;187;130;112m██[38;2;152;83;8m██[38;2;146;78;9m██[38;2;153;75;4m██[38;2;244;242;235m██[38;2;107;95;74m██[38;2;231;218;176m██[38;2;240;198;170m██[38;2;115;104;91m██[38;2;23;17;22m██[38;2;35;31;34m██[38;2;64;58;58m██[38;2;225;224;225m██[38;2;98;86;78m██[38;2;248;244;213m██[38;2;205;188;141m██[38;2;254;248;219m████████[38;2;252;245;211m██[38;2;181;150;97m██[38;2;242;234;194m██[38;2;99;86;79m  [38;2;100;87;80m  
[38;2;100;87;80m  [38;2;98;86;79m  [38;2;238;234;208m██[38;2;247;234;198m██[38;2;143;136;131m██[38;2;246;242;238m██[38;2;231;183;110m██[38;2;106;75;50m██[38;2;191;106;57m██[38;2;255;250;240m██[38;2;252;241;226m██[38;2;175;144;126m██[38;2;219;214;208m██[38;2;222;216;213m██[38;2;153;81;4m██[38;2;163;87;6m██[38;2;139;74;8m██[38;2;89;54;39m██[38;2;39;32;33m██[38;2;165;150;120m██[38;2;233;221;185m██[38;2;254;248;219m████[38;2;254;248;218m██[38;2;253;246;214m██[38;2;252;243;210m██[38;2;238;225;185m██[38;2;146;133;102m██[38;2;102;89;81m██[38;2;100;87;80m  
[38;2;100;87;80m    [38;2;115;101;88m██[38;2;179;172;152m██[38;2;213;202;164m██[38;2;196;156;144m██[38;2;254;217;148m██[38;2;255;246;184m██[38;2;215;181;170m██[38;2;253;246;235m██[38;2;253;246;236m██[38;2;255;247;235m██[38;2;255;248;235m██[38;2;221;193;183m██[38;2;255;198;109m██[38;2;12;9;29m██[38;2;187;117;38m██[38;2;176;118;90m██[38;2;108;103;104m██[38;2;243;198;170m██[38;2;250;250;227m██[38;2;254;248;219m████[38;2;253;246;215m██[38;2;243;233;197m██[38;2;173;149;101m██[38;2;91;78;51m██[38;2;245;238;198m██[38;2;115;103;91m██[38;2;100;87;80m  
[38;2;100;87;80m    [38;2;204;185;141m██[38;2;175;107;78m██[38;2;255;253;245m██[38;2;255;250;241m██[38;2;182;124;88m██[38;2;225;200;174m██[38;2;255;247;234m██[38;2;254;247;237m██[38;2;254;247;236m██[38;2;253;246;236m██[38;2;254;245;233m██[38;2;217;190;181m██[38;2;255;225;156m██[38;2;204;175;119m██[38;2;253;188;97m██[38;2;234;224;218m██[38;2;255;246;233m██[38;2;175;173;175m██[38;2;255;252;224m██[38;2;254;248;219m██[38;2;254;249;221m██[38;2;252;244;211m██[38;2;235;221;179m██[38;2;182;160;110m██[38;2;189;168;114m██[38;2;228;213;172m██[38;2;240;232;196m██[38;2;100;87;80m  
[38;2;100;87;80m  [38;2;97;84;77m  [38;2;228;214;172m██[38;2;185;130;83m██[38;2;255;250;239m██[38;2;254;247;235m██[38;2;254;246;235m██[38;2;254;247;237m██[38;2;255;248;235m██[38;2;255;249;236m██[38;2;254;247;235m██[38;2;255;248;235m████[38;2;251;246;242m██[38;2;220;192;135m██[38;2;253;243;178m██[38;2;166;88;56m██[38;2;255;249;237m██[38;2;255;252;243m██[38;2;173;169;160m██[38;2;255;251;223m██[38;2;241;232;196m██[38;2;195;167;112m██[38;2;243;236;204m██[38;2;162;143;96m██[38;2;172;148;104m██[38;2;193;168;111m██[38;2;194;173;118m██[38;2;199;179;126m██[38;2;202;181;134m██
[38;2;100;87;80m  [38;2;99;87;80m██[38;2;248;242;210m██[38;2;221;204;155m██[38;2;228;225;225m██[38;2;253;246;236m██[38;2;254;249;238m██[38;2;254;251;245m██[38;2;255;251;242m██[38;2;255;247;234m██[38;2;253;247;236m██[38;2;253;246;236m██[38;2;255;248;236m██[38;2;254;248;236m██[38;2;254;252;245m██[38;2;247;241;235m██[38;2;255;248;235m██[38;2;253;249;238m██[38;2;142;135;120m██[38;2;230;214;171m██[38;2;214;197;149m██[38;2;209;192;146m██[38;2;212;194;148m██[38;2;209;187;133m██[38;2;184;185;187m██[38;2;213;216;217m██[38;2;114;101;86m██[38;2;100;87;80m██[38;2;99;86;80m  [38;2;100;87;80m  
[38;2;100;87;80m  [38;2;109;96;88m██[38;2;255;250;222m██[38;2;208;190;143m██[38;2;150;125;86m██[38;2;244;243;242m██[38;2;224;196;182m██[38;2;251;244;238m██[38;2;239;217;204m██[38;2;238;224;213m██[38;2;253;246;236m██[38;2;253;247;236m██[38;2;255;247;235m██[38;2;254;248;236m██[38;2;254;247;235m██[38;2;255;248;236m██[38;2;255;248;235m██[38;2;254;249;237m██[38;2;195;176;155m██[38;2;110;98;71m██[38;2;127;111;87m██[38;2;196;180;138m██[38;2;145;127;92m██[38;2;180;186;187m██[38;2;173;173;171m██[38;2;246;254;254m██[38;2;221;249;249m██[38;2;176;203;201m██[38;2;99;86;79m  [38;2;100;87;80m  
[38;2;100;87;80m  [38;2;124;113;105m██[38;2;254;248;218m██[38;2;223;208;167m██[38;2;209;194;147m██[38;2;224;201;190m██[38;2;255;247;234m██[38;2;255;251;239m██[38;2;227;191;176m██[38;2;215;173;153m██[38;2;254;246;236m██[38;2;254;247;235m██[38;2;255;248;235m██[38;2;254;248;237m██[38;2;254;247;236m██[38;2;254;246;235m██[38;2;254;247;236m██[38;2;255;246;233m██[38;2;255;248;231m██[38;2;198;180;135m██[38;2;219;200;151m██[38;2;222;204;155m██[38;2;207;185;129m██[38;2;233;249;252m██[38;2;245;255;254m██[38;2;96;82;76m██[38;2;97;85;78m██[38;2;99;87;81m██[38;2;99;88;82m██[38;2;100;87;80m  
[38;2;100;87;80m  [38;2;126;115;105m██[38;2;254;248;218m██[38;2;219;204;161m██[38;2;213;194;146m██[38;2;255;253;248m██[38;2;254;248;236m██[38;2;255;247;234m██[38;2;255;248;238m██[38;2;244;216;197m██[38;2;254;247;235m██[38;2;255;248;235m██[38;2;253;246;236m██[38;2;255;247;235m██[38;2;254;248;237m██[38;2;255;247;234m██[38;2;255;246;234m██[38;2;255;248;236m██[38;2;227;187;164m██[38;2;255;253;232m██[38;2;254;249;220m██[38;2;254;250;221m██[38;2;255;255;235m██[38;2;178;182;179m██[38;2;236;252;251m██[38;2;237;242;242m██[38;2;99;86;79m  [38;2;100;87;80m      
[38;2;100;87;80m  [38;2;100;86;79m██[38;2;253;246;212m██[38;2;249;244;211m██[38;2;147;133;104m██[38;2;175;170;165m██[38;2;254;232;213m██[38;2;243;213;194m██[38;2;243;196;171m██[38;2;103;90;84m  [38;2;184;160;155m██[38;2;230;227;228m██[38;2;247;248;244m██[38;2;246;246;244m██[38;2;234;225;219m██[38;2;205;179;163m██[38;2;161;116;90m██[38;2;166;135;88m██[38;2;133;112;84m██[38;2;254;249;219m██[38;2;254;249;220m██[38;2;249;242;209m██[38;2;255;253;228m██[38;2;99;85;78m██[38;2;239;242;243m██[38;2;222;241;241m██[38;2;193;220;223m██[38;2;100;86;79m  [38;2;100;87;80m    
[38;2;100;87;80m  [38;2;99;86;80m  [38;2;234;219;176m██[38;2;246;233;196m██[38;2;210;179;122m██[38;2;242;243;244m██[38;2;213;214;215m██[38;2;160;153;147m██[38;2;125;122;119m██[38;2;99;87;80m██[38;2;141;125;108m██[38;2;152;111;95m██[38;2;248;205;171m██[38;2;205;176;146m██[38;2;119;95;84m██[38;2;111;108;101m██[38;2;102;88;78m██[38;2;154;135;105m██[38;2;219;218;205m██[38;2;253;247;216m██[38;2;254;250;221m██[38;2;251;246;215m██[38;2;248;247;225m██[38;2;100;87;80m  [38;2;99;86;79m  [38;2;122;117;112m██[38;2;180;212;213m██[38;2;185;228;230m██[38;2;99;87;80m██[38;2;100;87;80m  
[38;2;100;87;80m    [38;2;149;133;109m██[38;2;221;206;163m██[38;2;130;137;141m██[38;2;109;192;186m██[38;2;150;194;194m██[38;2;150;186;182m██[38;2;98;85;78m██[38;2;118;118;121m██[38;2;197;214;216m██[38;2;128;141;141m██[38;2;111;125;124m██[38;2;192;204;207m██[38;2;198;213;215m██[38;2;169;184;186m██[38;2;141;146;158m██[38;2;90;83;76m██[38;2;251;242;206m██[38;2;252;244;211m██[38;2;204;185;136m██[38;2;252;243;210m██[38;2;232;229;206m██[38;2;100;87;80m              
[38;2;100;87;80m      [38;2;139;123;103m██[38;2;167;179;182m██[38;2;204;209;209m██[38;2;226;223;222m██[38;2;212;208;209m██[38;2;234;199;170m██[38;2;46;36;31m██[38;2;127;138;133m██[38;2;214;212;212m██[38;2;106;106;102m██[38;2;131;124;114m██[38;2;216;200;187m██[38;2;254;243;228m██[38;2;247;240;228m██[38;2;141;129;116m██[38;2;129;117;106m██[38;2;203;179;127m██[38;2;231;215;177m██[38;2;246;233;195m██[38;2;146;136;122m██[38;2;100;87;80m              
[38;2;100;87;80m      [38;2;99;86;78m  [38;2;182;194;194m██[38;2;218;218;218m██[38;2;227;228;228m██[38;2;196;206;208m██[38;2;69;76;81m██[38;2;212;209;209m██[38;2;247;245;242m██[38;2;186;180;178m██[38;2;168;162;157m██[38;2;42;40;41m██[38;2;232;229;224m██[38;2;255;248;235m██[38;2;255;250;238m██[38;2;233;190;159m██[38;2;117;105;88m██[38;2;222;207;165m██[38;2;239;226;187m██[38;2;237;219;171m██[38;2;100;87;80m                
[38;2;100;87;80m      [38;2;102;91;83m██[38;2;151;157;156m██[38;2;219;219;219m██[38;2;195;196;194m██[38;2;141;146;150m██[38;2;252;253;254m██[38;2;178;205;214m██[38;2;199;223;231m██[38;2;200;226;235m██[38;2;239;247;249m██[38;2;198;227;237m██[38;2;116;105;97m██[38;2;255;252;244m██[38;2;255;251;240m██[38;2;124;102;88m██[38;2;225;208;163m██[38;2;217;199;151m██[38;2;185;165;125m██[38;2;98;85;79m  [38;2;100;87;80m                
[38;2;100;87;80m        [38;2;122;119;115m██[38;2;210;208;207m██[38;2;239;244;245m██[38;2;113;104;99m██[38;2;229;236;236m██[38;2;238;240;240m██[38;2;212;230;235m██[38;2;187;188;188m██[38;2;255;255;255m██[38;2;254;255;255m██[38;2;149;202;216m██[38;2;201;199;195m██[38;2;207;205;206m██[38;2;136;117;93m██[38;2;134;130;131m██[38;2;198;197;201m██[38;2;181;175;172m██[38;2;100;87;80m                  
[38;2;100;87;80m          [38;2;97;84;77m  [38;2;99;86;79m  [38;2;115;102;96m██[38;2;159;148;135m██[38;2;219;192;136m██[38;2;150;161;151m██[38;2;184;186;183m██[38;2;241;243;242m██[38;2;240;246;246m██[38;2;213;228;231m██[38;2;163;172;170m██[38;2;255;255;255m██[38;2;175;141;91m██[38;2;177;173;161m██[38;2;254;253;253m██[38;2;148;140;135m██[38;2;100;87;80m                  [0m
