
[38;2;0;0;0m        [38;2;74;74;106m  [38;2;156;165;171m  [38;2;130;152;168m  [38;2;125;151;167m██[38;2;125;152;171m██[38;2;127;157;175m██[38;2;135;164;181m██[38;2;133;161;174m██[38;2;138;163;178m██[38;2;133;156;169m  [38;2;144;161;170m  [38;2;64;96;96m  [38;2;0;0;0m      
[38;2;0;0;0m      [38;2;74;74;106m  [38;2;131;152;167m  [38;2;129;157;175m██[38;2;129;157;174m██[38;2;136;164;181m██[38;2;135;164;185m██[38;2;143;173;193m██[38;2;144;173;197m██[38;2;145;175;197m██[38;2;143;170;190m██[38;2;140;167;184m██[38;2;138;164;177m██[38;2;135;159;173m  [38;2;130;133;136m  [38;2;0;0;0m    
[38;2;0;0;0m    [38;2;127;223;159m  [38;2;139;163;183m  [38;2;130;146;156m██[38;2;161;177;193m██[38;2;140;169;191m██[38;2;141;169;191m██[38;2;142;172;197m██[38;2;145;176;200m██[38;2;143;176;199m██[38;2;145;175;200m██[38;2;143;174;195m██[38;2;145;172;193m██[38;2;143;167;185m██[38;2;145;167;181m██[38;2;140;167;185m██[38;2;124;131;133m  [38;2;0;0;0m  
[38;2;0;0;0m  [38;2;96;96;96m  [38;2;147;161;178m  [38;2;196;198;206m██[38;2;109;109;118m██[38;2;140;167;186m██[38;2;139;168;190m██[38;2;141;171;195m██[38;2;144;176;199m██[38;2;144;177;201m██[38;2;146;180;205m██[38;2;146;179;202m██[38;2;145;175;197m██[38;2;143;172;193m██[38;2;137;170;192m██[38;2;164;168;178m██[38;2;202;200;206m██[38;2;123;155;173m  [38;2;84;86;88m  
[38;2;0;0;0m  [38;2;115;128;134m  [38;2;164;171;181m██[38;2;109;110;118m██[38;2;133;160;179m██[38;2;142;173;194m██[38;2;141;172;193m██[38;2;144;176;196m██[38;2;141;176;198m██[38;2;144;180;201m██[38;2;147;182;204m██[38;2;143;177;202m██[38;2;145;180;201m██[38;2;142;173;194m██[38;2;138;169;190m██[38;2;130;157;178m██[38;2;126;131;138m██[38;2;195;196;201m██[38;2;125;157;172m  
[38;2;53;69;90m  [38;2;126;160;181m  [38;2;128;160;178m██[38;2;132;157;178m██[38;2;139;167;189m██[38;2;144;174;195m██[38;2;144;174;197m██[38;2;144;180;201m██[38;2;137;173;197m██[38;2;144;179;203m██[38;2;145;180;204m██[38;2;139;175;199m██[38;2;132;167;188m██[38;2;134;166;187m██[38;2;138;169;190m██[38;2;137;167;187m██[38;2;83;108;124m██[38;2;147;163;173m██[38;2;119;154;175m  
[38;2;64;64;80m  [38;2;121;155;182m  [38;2;138;166;183m██[38;2;139;163;182m██[38;2;143;174;196m██[38;2;131;167;191m██[38;2;134;170;192m██[38;2;134;170;196m██[38;2;141;177;203m██[38;2;136;173;199m██[38;2;129;169;194m██[38;2;128;167;193m██[38;2;114;130;146m██[38;2;129;163;189m██[38;2;134;168;191m██[38;2;134;166;185m██[38;2;141;168;183m██[38;2;141;165;177m██[38;2;128;160;178m██
[38;2;64;96;96m  [38;2;127;159;181m  [38;2;135;160;176m██[38;2;135;166;180m██[38;2;133;169;194m██[38;2;132;169;193m██[38;2;130;149;164m██[38;2;146;173;189m██[38;2;136;175;199m██[38;2;126;167;195m██[38;2;121;162;188m██[38;2;139;175;201m██[38;2;146;136;139m██[38;2;132;167;189m██[38;2;129;166;188m██[38;2;127;162;184m██[38;2;132;167;188m██[38;2;144;164;176m██[38;2;134;162;175m██
[38;2;64;80;96m  [38;2;130;162;182m  [38;2;133;158;174m██[38;2;120;157;180m██[38;2;114;156;181m██[38;2;122;146;162m██[38;2;136;143;153m██[38;2;161;153;150m██[38;2;133;152;164m██[38;2;121;163;188m██[38;2;119;162;188m██[38;2;155;175;190m██[38;2;139;143;146m██[38;2;121;155;176m██[38;2;127;158;183m██[38;2;126;162;182m██[38;2;126;158;179m██[38;2;132;159;171m██[38;2;134;161;174m██
[38;2;96;96;96m  [38;2;130;159;180m██[38;2;130;156;176m██[38;2;118;154;174m██[38;2;122;157;180m██[38;2;184;161;149m██[38;2;192;165;153m██[38;2;189;163;150m██[38;2;173;156;150m██[38;2;121;158;181m██[38;2;144;157;164m██[38;2;195;169;155m██[38;2;192;165;151m██[38;2;160;156;155m██[38;2;174;152;139m██[38;2;127;157;175m██[38;2;128;160;180m██[38;2;132;160;172m██[38;2;131;158;171m██
[38;2;96;96;96m  [38;2;131;153;165m  [38;2;129;158;177m██[38;2;130;160;180m██[38;2;104;125;141m██[38;2;78;68;64m██[38;2;61;51;57m██[38;2;33;29;28m██[38;2;170;144;135m██[38;2;179;159;150m██[38;2;193;165;153m██[38;2;206;173;158m██[38;2;56;47;47m██[38;2;33;31;32m██[38;2;46;40;42m██[38;2;166;145;135m██[38;2;124;154;174m██[38;2;131;161;171m██[38;2;138;162;173m  
[38;2;0;0;0m  [38;2;96;96;96m  [38;2;128;160;179m  [38;2;121;147;162m██[38;2;75;78;79m██[38;2;83;86;88m██[38;2;88;39;46m██[38;2;90;39;47m██[38;2;200;184;181m██[38;2;204;173;157m██[38;2;206;175;160m██[38;2;199;166;151m██[38;2;156;72;81m██[38;2;33;29;32m██[38;2;123;78;83m██[38;2;152;140;132m██[38;2;133;159;173m██[38;2;131;158;170m██[38;2;140;146;151m  
[38;2;0;0;0m  [38;2;107;107;107m  [38;2;99;104;108m██[38;2;115;123;124m██[38;2;160;169;171m██[38;2;176;183;186m██[38;2;135;66;72m██[38;2;138;60;63m██[38;2;199;165;154m██[38;2;205;171;159m██[38;2;205;172;157m██[38;2;203;169;155m██[38;2;143;95;92m██[38;2;155;50;58m██[38;2;175;154;145m██[38;2;125;141;150m██[38;2;125;152;164m██[38;2;135;157;167m  [38;2;109;109;109m  
[38;2;80;83;81m  [38;2;32;36;36m██[38;2;111;114;113m██[38;2;205;210;212m██[38;2;122;130;131m██[38;2;119;133;139m██[38;2;146;145;151m██[38;2;189;162;150m██[38;2;197;166;153m██[38;2;199;165;152m██[38;2;200;167;152m██[38;2;198;165;152m██[38;2;192;163;149m██[38;2;188;159;145m██[38;2;171;152;144m██[38;2;128;154;172m██[38;2;128;153;162m  [38;2;120;121;125m  [38;2;0;0;0m  
[38;2;30;33;33m██[38;2;106;108;109m██[38;2;82;85;87m██[38;2;113;121;122m██[38;2;175;187;190m██[38;2;124;130;130m██[38;2;146;118;96m██[38;2;169;145;134m██[38;2;184;157;144m██[38;2;185;156;145m██[38;2;143;115;105m██[38;2;185;157;144m██[38;2;179;152;136m██[38;2;169;143;137m██[38;2;119;128;134m██[38;2;133;150;160m  [38;2;76;76;76m  [38;2;0;0;0m    
[38;2;14;14;14m██[38;2;2;2;2m██[38;2;137;140;140m██[38;2;148;155;155m██[38;2;110;118;119m██[38;2;42;20;24m██[38;2;66;36;9m██[38;2;163;117;80m██[38;2;148;102;104m██[38;2;167;132;126m██[38;2;162;131;127m██[38;2;156;113;114m██[38;2;124;76;78m██[38;2;114;121;128m  [38;2;175;177;183m  [38;2;64;64;96m  [38;2;0;0;0m      
[38;2;84;84;83m██[38;2;5;5;6m██[38;2;86;89;91m██[38;2;138;145;148m██[38;2;62;70;70m██[38;2;42;11;18m██[38;2;80;45;22m██[38;2;205;156;116m██[38;2;213;165;134m██[38;2;188;165;168m██[38;2;177;156;156m██[38;2;192;195;196m██[38;2;165;95;62m██[38;2;182;181;183m██[38;2;138;134;138m  [38;2;150;150;150m  [38;2;0;0;0m      
[38;2;88;89;91m  [38;2;81;84;85m██[38;2;99;100;104m██[38;2;121;126;127m██[38;2;200;144;103m██[38;2;90;53;40m██[38;2;153;100;67m██[38;2;230;180;147m██[38;2;198;180;169m██[38;2;176;172;175m██[38;2;159;153;156m██[38;2;201;200;202m██[38;2;187;186;188m██[38;2;168;168;176m██[38;2;84;89;96m██[38;2;115;117;126m  [38;2;67;67;67m  [38;2;0;0;0m    
[38;2;79;83;82m  [38;2;26;36;36m██[38;2;100;105;108m██[38;2;110;101;95m██[38;2;181;131;97m██[38;2;189;132;98m██[38;2;193;136;94m██[38;2;215;172;145m██[38;2;200;198;201m██[38;2;127;127;130m██[38;2;177;174;179m██[38;2;198;198;200m██[38;2;169;168;172m██[38;2;37;38;45m██[38;2;48;51;57m  [38;2;49;57;64m██[38;2;49;54;64m  [38;2;95;95;95m  [38;2;0;0;0m  
[38;2;98;100;101m  [38;2;95;95;92m██[38;2;97;101;102m██[38;2;113;110;109m██[38;2;230;181;141m██[38;2;211;151;108m██[38;2;175;110;70m██[38;2;184;150;121m██[38;2;172;170;173m██[38;2;133;89;98m██[38;2;180;176;180m██[38;2;176;176;178m██[38;2;146;146;150m██[38;2;144;141;145m  [38;2;66;66;66m  [38;2;47;54;60m  [38;2;160;164;171m██[38;2;189;179;180m  [38;2;69;59;56m  
[38;2;42;21;2m  [38;2;8;5;3m██[38;2;79;42;16m██[38;2;198;144;99m██[38;2;199;150;110m██[38;2;217;172;130m██[38;2;200;143;104m██[38;2;70;127;121m██[38;2;69;134;127m██[38;2;155;143;145m██[38;2;197;193;197m██[38;2;54;130;124m██[38;2;72;131;125m██[38;2;181;179;183m  [38;2;0;0;0m  [38;2;40;40;40m  [38;2;175;173;177m██[38;2;189;189;194m██[38;2;184;183;186m  
[38;2;8;3;1m  [38;2;31;16;2m██[38;2;69;40;14m██[38;2;148;97;57m██[38;2;176;128;86m██[38;2;217;170;129m██[38;2;194;156;128m██[38;2;187;186;192m██[38;2;196;193;195m██[38;2;194;194;198m██[38;2;195;196;199m██[38;2;194;193;193m██[38;2;189;189;192m██[38;2;178;178;180m██[38;2;64;64;64m  [38;2;128;128;128m  [38;2;166;165;168m  [38;2;188;187;193m██[38;2;187;187;189m██
[38;2;123;106;90m  [38;2;7;3;0m██[38;2;63;32;6m██[38;2;179;127;86m██[38;2;191;139;100m██[38;2;220;168;126m  [38;2;182;180;184m  [38;2;182;181;187m██[38;2;187;186;189m██[38;2;190;190;192m██[38;2;191;191;193m██[38;2;186;186;189m██[38;2;183;182;187m██[38;2;179;179;185m  [38;2;74;74;74m  [38;2;0;0;0m  [38;2;117;117;117m  [38;2;165;166;167m  [38;2;177;176;181m  
[38;2;16;16;0m  [38;2;54;30;8m  [38;2;163;111;73m██[38;2;194;142;103m██[38;2;194;143;104m██[38;2;204;148;107m  [38;2;135;134;139m  [38;2;193;192;197m██[38;2;178;177;183m██[38;2;164;163;168m██[38;2;164;163;167m██[38;2;174;173;178m██[38;2;192;191;197m██[38;2;135;136;141m  [38;2;64;64;64m  [38;2;0;0;0m    [38;2;32;32;32m  [38;2;74;74;74m  
[38;2;0;0;0m  [38;2;128;128;64m  [38;2;135;87;50m  [38;2;144;95;56m  [38;2;185;138;97m  [38;2;133;117;117m  [38;2;93;92;97m  [38;2;192;191;197m██[38;2;193;192;198m██[38;2;170;169;174m  [38;2;151;152;154m  [38;2;193;192;198m████[38;2;80;83;84m  [38;2;48;48;48m  [38;2;0;0;0m        
[38;2;0;0;0m    [38;2;64;48;48m  [38;2;64;43;0m  [38;2;32;32;32m  [38;2;0;0;0m  [38;2;182;182;184m  [38;2;121;120;126m██[38;2;192;191;197m██[38;2;159;158;164m  [38;2;95;95;95m  [38;2;187;186;192m██[38;2;133;132;139m██[38;2;177;177;180m  [38;2;64;64;64m  [38;2;0;0;0m        
[38;2;0;0;0m            [38;2;160;159;163m  [38;2;191;190;197m██[38;2;174;173;179m██[38;2;142;142;144m  [38;2;96;96;96m  [38;2;163;162;168m  [38;2;194;193;199m██[38;2;172;172;175m  [38;2;64;64;64m  [38;2;0;0;0m        
[38;2;0;0;0m            [38;2;184;183;186m  [38;2;191;190;196m██[38;2;182;181;187m██[38;2;65;64;65m  [38;2;80;80;80m  [38;2;178;177;183m  [38;2;189;188;194m██[38;2;186;185;190m  [38;2;64;64;64m  [38;2;0;0;0m        
[38;2;0;0;0m          [38;2;43;43;43m  [38;2;182;181;186m  [38;2;189;188;194m██[38;2;182;181;187m  [38;2;74;74;64m  [38;2;112;112;90m  [38;2;174;173;180m  [38;2;190;189;195m██[38;2;183;182;188m  [38;2;90;90;92m  [38;2;0;0;0m        
[38;2;0;0;0m          [38;2;53;53;53m  [38;2;172;170;176m  [38;2;182;181;187m██[38;2;81;80;85m  [38;2;37;37;37m  [38;2;32;32;32m  [38;2;110;110;117m  [38;2;135;134;140m██[38;2;181;180;187m██[38;2;188;188;188m  [38;2;0;0;0m        [0m
