
[38;2;9;0;24m  [38;2;140;137;121m  [38;2;252;254;215m  [38;2;227;228;187m  [38;2;45;45;40m  [38;2;5;3;23m██[38;2;220;220;205m██[38;2;171;171;161m██[38;2;64;63;81m████[38;2;63;62;80m██[38;2;31;31;45m██[38;2;57;56;73m██[38;2;63;62;80m██████████[38;2;53;50;69m██[38;2;25;25;38m██[38;2;49;48;64m██[38;2;65;64;82m██[38;2;63;62;80m████[38;2;254;253;228m██[38;2;206;52;84m██[38;2;227;227;214m██[38;2;6;0;17m  [38;2;0;0;0m    
[38;2;9;0;24m  [38;2;64;64;59m  [38;2;253;255;216m  [38;2;220;113;123m██[38;2;254;251;226m██[38;2;244;244;213m██[38;2;199;23;66m██[38;2;252;243;216m██[38;2;55;54;75m██[38;2;64;63;81m██[38;2;47;46;62m██[38;2;69;67;86m██[38;2;64;63;81m████[38;2;63;62;80m██████[38;2;60;59;78m██[38;2;131;131;132m██[38;2;175;174;166m██[38;2;85;84;96m██[38;2;55;53;75m██[38;2;45;44;69m██[38;2;254;251;236m██[38;2;202;34;74m██[38;2;204;43;79m██[38;2;249;229;218m██[38;2;129;128;131m██[38;2;3;0;7m  [38;2;0;0;10m  
[38;2;7;0;23m  [38;2;3;0;16m  [38;2;255;255;229m██[38;2;205;44;80m██[38;2;198;21;63m██[38;2;250;235;217m██[38;2;204;42;79m██[38;2;225;133;139m██[38;2;59;57;77m██[38;2;62;61;79m██[38;2;65;64;82m██[38;2;64;63;81m████████████[38;2;183;183;170m██[38;2;233;167;162m██[38;2;205;45;80m██[38;2;233;164;163m██[38;2;255;255;227m██[38;2;255;255;237m██[38;2;200;24;66m██[38;2;204;43;79m██[38;2;205;45;80m██[38;2;247;221;203m██[38;2;209;63;91m██[38;2;255;255;244m██[38;2;0;0;0m  
[38;2;9;0;24m  [38;2;10;4;20m██[38;2;107;107;95m██[38;2;204;41;78m██[38;2;204;43;79m██[38;2;246;220;207m██[38;2;204;43;79m██[38;2;225;131;138m██[38;2;155;157;168m██[38;2;69;68;89m██[38;2;58;57;74m██[38;2;64;63;81m████[38;2;62;61;79m██[38;2;61;60;78m██[38;2;64;63;81m████[38;2;181;182;171m██[38;2;200;29;70m██[38;2;204;43;79m██████████[38;2;198;23;64m██[38;2;238;187;186m██[38;2;204;43;79m████[38;2;247;224;211m██[38;2;0;0;4m  
[38;2;195;195;178m  [38;2;255;255;229m  [38;2;218;103;119m██[38;2;204;41;78m██[38;2;204;44;80m██[38;2;240;194;181m██[38;2;204;43;79m██[38;2;204;41;78m██[38;2;199;27;66m██[38;2;250;250;227m██[38;2;133;135;167m██[38;2;108;109;135m██[38;2;89;89;112m██[38;2;140;143;173m██[38;2;122;123;151m██[38;2;112;113;138m██[38;2;121;122;148m██[38;2;168;170;179m██[38;2;253;247;237m██[38;2;232;158;153m██[38;2;207;54;87m██[38;2;199;22;66m██[38;2;204;43;79m██[38;2;203;37;75m██[38;2;241;198;194m██[38;2;204;43;79m██[38;2;204;44;80m██[38;2;219;106;118m██[38;2;161;161;153m██[38;2;32;26;48m██
[38;2;165;166;140m  [38;2;220;112;123m██[38;2;204;43;79m██[38;2;202;34;73m██[38;2;231;158;156m██[38;2;202;36;72m██[38;2;245;212;204m██[38;2;201;33;70m██[38;2;202;35;73m██[38;2;254;251;218m██[38;2;127;129;161m██[38;2;133;135;164m████[38;2;136;138;168m██[38;2;129;130;159m██[38;2;133;135;164m██[38;2;120;122;159m██[38;2;249;232;214m██[38;2;203;41;78m██[38;2;204;39;76m██[38;2;198;20;64m██[38;2;199;23;66m██[38;2;221;114;125m██[38;2;255;255;238m██[38;2;202;34;73m██[38;2;204;43;79m██[38;2;225;133;138m██[38;2;186;186;175m██[38;2;44;44;59m██[38;2;66;65;83m██
[38;2;33;29;47m██[38;2;252;252;230m██[38;2;247;220;207m██[38;2;244;210;197m██[38;2;203;39;76m██[38;2;204;43;79m██[38;2;204;44;80m██[38;2;226;134;139m██[38;2;254;255;218m██[38;2;241;241;213m██[38;2;131;133;163m██[38;2;133;135;164m████[38;2;132;134;163m██[38;2;136;138;167m██[38;2;133;135;164m██[38;2;135;137;164m██[38;2;249;231;209m██[38;2;201;31;71m██[38;2;204;43;79m████████[38;2;208;59;89m██[38;2;202;36;75m██[38;2;203;39;76m██[38;2;254;251;225m██[38;2;38;37;63m██[38;2;64;63;81m██[38;2;65;64;82m██
[38;2;63;62;80m████[38;2;224;224;217m██[38;2;201;33;72m██[38;2;203;39;77m██[38;2;241;197;187m██[38;2;202;35;74m██[38;2;203;38;76m██[38;2;254;252;233m██[38;2;71;70;89m██[38;2;124;126;154m██[38;2;135;138;167m██[38;2;133;135;164m██[38;2;78;78;98m██[38;2;136;138;168m██[38;2;132;134;164m██[38;2;135;137;165m██[38;2;204;205;197m██[38;2;253;253;226m██[38;2;254;254;225m██[38;2;240;194;182m██[38;2;226;136;148m██[38;2;204;43;79m██[38;2;202;34;73m██[38;2;204;40;77m██[38;2;204;43;79m██[38;2;213;82;103m██[38;2;138;138;132m██[38;2;63;62;80m████
[38;2;63;62;80m████[38;2;110;110;112m██[38;2;245;213;193m██[38;2;253;246;225m██[38;2;104;104;108m██[38;2;253;245;235m██[38;2;241;186;174m██[38;2;198;198;182m██[38;2;64;63;81m████[38;2;62;60;78m██[38;2;100;100;124m██[38;2;59;58;76m██[38;2;91;91;113m██[38;2;61;60;77m████[38;2;44;43;58m██[38;2;84;85;107m██[38;2;43;17;35m██[38;2;37;37;55m██[38;2;255;255;237m██[38;2;202;35;74m██[38;2;203;40;77m██[38;2;244;215;187m██[38;2;204;43;79m██[38;2;201;32;72m██[38;2;241;241;232m██[38;2;62;61;79m██[38;2;63;62;80m██
[38;2;15;6;30m██[38;2;53;52;68m██[38;2;64;63;81m██[38;2;39;38;62m██[38;2;46;45;68m██[38;2;64;63;81m████[38;2;38;36;59m██[38;2;67;66;83m██[38;2;64;63;81m████████[38;2;51;50;67m██[38;2;63;62;80m██[38;2;64;63;81m██[38;2;69;67;86m██[38;2;54;52;69m██[38;2;53;50;70m██[38;2;244;137;140m██[38;2;14;10;26m██[38;2;251;252;220m██[38;2;201;32;72m██[38;2;204;43;79m██[38;2;247;221;214m██[38;2;199;26;66m██[38;2;204;43;79m██[38;2;255;245;211m██[38;2;56;55;75m██[38;2;63;62;80m██
[38;2;49;48;64m██[38;2;63;62;80m██████[38;2;64;63;81m████[38;2;63;62;80m██[38;2;38;33;55m██[38;2;64;63;81m████████[38;2;47;47;63m██[38;2;68;67;85m██[38;2;64;63;81m██[38;2;63;62;81m██[38;2;24;26;36m██[38;2;71;71;88m██[38;2;6;1;18m██[38;2;219;121;126m██[38;2;81;42;58m██[38;2;97;90;94m██[38;2;212;78;101m██[38;2;204;44;79m██[38;2;246;219;202m██[38;2;233;234;212m██[38;2;243;201;191m██[38;2;127;127;126m██[38;2;63;62;80m████
[38;2;63;62;80m██████████[38;2;64;63;81m██[38;2;65;64;83m██[38;2;15;11;29m██[38;2;64;63;81m██████[38;2;67;66;84m██[38;2;21;21;33m██[38;2;65;64;82m██[38;2;63;62;80m██[38;2;43;43;58m██[38;2;6;0;19m██[38;2;47;44;63m██[38;2;231;131;135m██[38;2;235;131;134m██[38;2;11;5;15m██[38;2;7;2;24m██[38;2;243;243;231m██[38;2;249;235;211m██[38;2;156;155;149m██[38;2;64;63;81m██[38;2;59;58;77m██[38;2;63;62;80m██████
[38;2;63;62;80m████████[38;2;53;53;70m██[38;2;63;62;80m██[38;2;44;44;58m██[38;2;25;16;40m██[38;2;64;63;81m████[38;2;66;65;83m██[38;2;20;20;33m██[38;2;28;26;42m██[38;2;64;63;81m██[38;2;57;56;73m██[38;2;29;16;26m██[38;2;56;56;73m██[38;2;92;48;62m██[38;2;180;100;108m██[38;2;20;11;22m██[38;2;228;126;131m██[38;2;86;45;59m██[38;2;24;26;38m██[38;2;36;31;54m██[38;2;64;63;81m████[38;2;63;62;80m██[38;2;60;59;76m██[38;2;63;62;80m██[38;2;64;63;81m██
[38;2;65;64;82m██[38;2;63;62;80m████[38;2;64;63;81m██[38;2;32;26;47m██[38;2;66;66;84m██[38;2;18;16;33m██[38;2;18;13;34m██[38;2;64;63;81m████[38;2;29;28;41m██[38;2;22;19;35m██[38;2;63;62;80m████[38;2;11;6;13m██[38;2;160;88;98m██[38;2;31;19;24m██[38;2;109;58;72m██[38;2;33;18;30m██[38;2;222;123;128m██[38;2;230;129;133m██[38;2;28;30;33m██[38;2;252;252;252m██[38;2;48;44;64m██[38;2;64;63;81m████[38;2;63;62;80m██[38;2;30;30;44m██[38;2;63;62;80m██[38;2;20;14;33m██
[38;2;63;62;80m██████[38;2;65;64;82m██[38;2;33;29;48m██[38;2;18;14;33m██[38;2;58;29;48m██[38;2;40;36;57m██[38;2;64;63;81m██[38;2;47;46;63m██[38;2;12;11;30m██[38;2;8;5;22m██[38;2;55;54;71m██[38;2;25;14;22m██[38;2;250;139;142m██[38;2;129;76;83m██[38;2;34;18;30m██[38;2;72;37;53m██[38;2;245;139;143m██[38;2;45;27;32m██[38;2;228;229;231m██[38;2;255;255;255m████[38;2;54;52;71m██[38;2;63;62;80m██████[38;2;49;49;65m██[38;2;47;46;62m██[38;2;65;64;82m██
[38;2;64;63;81m██[38;2;63;62;80m████[38;2;62;61;79m██[38;2;37;33;54m██[38;2;19;18;32m██[38;2;217;123;127m██[38;2;20;12;32m██[38;2;34;18;42m██[38;2;16;10;29m██[38;2;152;83;95m██[38;2;20;10;28m██[38;2;199;110;117m██[38;2;199;109;117m██[38;2;161;87;98m██[38;2;12;3;22m██[38;2;134;77;87m██[38;2;78;42;50m██[38;2;219;219;223m██[38;2;255;255;255m████████[38;2;59;58;76m██[38;2;61;60;78m██[38;2;63;62;80m████[38;2;60;59;76m██[38;2;13;9;28m██[38;2;70;69;87m██
[38;2;65;64;82m██[38;2;63;62;80m████[38;2;25;26;38m██[38;2;3;0;7m██[38;2;218;216;220m██[38;2;94;90;100m██[38;2;13;11;17m██[38;2;3;2;13m██[38;2;181;97;106m██[38;2;37;4;31m██[38;2;21;9;22m██[38;2;227;126;130m██[38;2;225;126;130m██[38;2;49;15;40m██[38;2;69;23;35m██[38;2;203;204;207m██[38;2;255;255;255m██████████[38;2;218;217;220m██[38;2;70;71;87m██[38;2;41;39;55m██[38;2;63;62;80m████[38;2;50;50;68m██[38;2;218;131;138m██[38;2;16;9;30m██
[38;2;65;65;83m██[38;2;64;63;81m████[38;2;19;13;33m██[38;2;14;10;32m██[38;2;254;255;255m██[38;2;255;255;255m██████[38;2;225;219;223m██[38;2;132;113;129m██[38;2;95;46;66m██[38;2;226;126;130m██[38;2;220;122;127m██[38;2;240;135;137m██[38;2;251;250;251m██[38;2;255;255;255m████████████[38;2;34;26;32m██[38;2;66;67;83m██[38;2;25;25;39m██[38;2;63;62;80m████[38;2;43;41;56m██[38;2;255;242;210m██[38;2;5;3;19m██
[38;2;65;65;83m██[38;2;64;63;81m██[38;2;24;25;36m██[38;2;26;25;38m██[38;2;62;29;49m██[38;2;49;34;39m██[38;2;255;255;255m██████████[38;2;242;239;240m██[38;2;225;125;129m██[38;2;220;122;127m████[38;2;89;36;49m██[38;2;255;255;255m██████████[38;2;171;142;150m██[38;2;18;9;26m██[38;2;19;11;32m██[38;2;44;43;59m██[38;2;63;62;80m████[38;2;12;7;30m██[38;2;255;252;220m██[38;2;22;19;36m██
[38;2;62;61;79m██[38;2;43;43;58m██[38;2;11;5;26m██[38;2;25;25;38m██[38;2;9;10;24m██[38;2;240;135;138m██[38;2;206;188;193m██[38;2;255;255;255m████████[38;2;228;205;210m██[38;2;223;125;130m██[38;2;220;122;127m████[38;2;221;122;127m██[38;2;123;34;47m██[38;2;237;221;224m██[38;2;255;255;255m██[38;2;249;242;243m██[38;2;133;54;73m██[38;2;242;138;140m██[38;2;3;3;27m██[38;2;9;8;29m██[38;2;63;62;80m██████[38;2;36;30;29m██[38;2;30;25;29m██[38;2;21;18;35m██
[38;2;36;31;52m██[38;2;27;27;39m██[38;2;10;0;25m  [38;2;43;44;58m██[38;2;26;27;39m██[38;2;184;102;110m██[38;2;219;121;126m██[38;2;197;163;173m██[38;2;255;255;255m██████[38;2;179;63;78m██[38;2;220;122;127m██[38;2;227;143;140m██[38;2;239;172;159m██[38;2;239;174;159m██[38;2;235;165;153m██[38;2;234;155;148m██[38;2;220;134;131m██[38;2;232;151;145m██[38;2;237;167;155m██[38;2;60;51;56m██[38;2;250;156;153m██[38;2;23;21;36m██[38;2;65;64;82m██[38;2;63;62;80m██[38;2;68;67;84m██[38;2;11;2;25m██[38;2;27;28;40m██[38;2;19;13;33m██
[38;2;14;6;29m██[38;2;14;5;29m██[38;2;4;0;14m  [38;2;66;66;84m██[38;2;23;23;36m██[38;2;14;8;27m██[38;2;227;130;133m██[38;2;227;128;132m██[38;2;180;70;83m██[38;2;166;47;64m██[38;2;225;145;140m██[38;2;243;184;166m██[38;2;251;208;181m██[38;2;251;210;182m██[38;2;254;216;186m██[38;2;254;220;189m██[38;2;219;148;141m██[38;2;254;218;188m██[38;2;255;217;187m██[38;2;254;217;187m██[38;2;254;216;186m██[38;2;255;229;195m██[38;2;146;82;95m██[38;2;27;28;40m██[38;2;63;62;80m██[38;2;18;14;32m██[38;2;44;41;61m██[38;2;25;25;38m████[38;2;17;11;32m██
[38;2;15;7;30m██[38;2;3;0;13m  [38;2;3;0;11m  [38;2;41;35;58m██[38;2;55;54;71m██[38;2;26;26;39m██[38;2;214;207;179m██[38;2;254;215;185m██[38;2;254;216;186m██[38;2;255;217;186m██[38;2;254;217;186m██[38;2;254;216;185m██[38;2;255;220;188m██[38;2;226;169;154m██[38;2;208;108;115m██[38;2;216;104;116m██[38;2;238;131;136m██[38;2;193;98;107m██[38;2;254;215;186m██[38;2;254;216;186m████[38;2;255;217;186m██[38;2;35;23;26m██[38;2;66;66;84m██[38;2;10;8;23m██[38;2;16;10;31m██[38;2;7;0;20m  [38;2;11;4;27m██[38;2;26;26;39m██[38;2;17;11;31m██
[38;2;9;0;22m  [38;2;0;0;5m  [38;2;3;0;8m  [38;2;7;3;24m  [38;2;68;68;86m██[38;2;25;26;38m██[38;2;61;51;58m██[38;2;254;215;185m██[38;2;254;216;186m████████[38;2;205;94;108m██[38;2;237;130;136m██[38;2;234;127;133m██████[38;2;238;132;137m██[38;2;240;203;178m██[38;2;254;216;186m██[38;2;255;216;185m██[38;2;210;200;181m██[38;2;25;24;39m██[38;2;5;2;17m██[38;2;23;21;36m██[38;2;2;0;10m  [38;2;3;1;12m  [38;2;1;1;2m  [38;2;10;1;25m  [38;2;19;14;34m██
[38;2;2;0;6m  [38;2;0;0;2m  [38;2;1;0;6m  [38;2;4;0;15m  [38;2;65;65;82m██[38;2;14;4;28m██[38;2;24;24;38m██[38;2;160;151;135m  [38;2;255;215;185m██[38;2;254;216;185m██[38;2;254;216;186m██[38;2;254;216;185m██[38;2;214;141;136m██[38;2;234;127;133m██████████[38;2;205;91;107m██[38;2;255;239;202m██[38;2;87;79;77m██[38;2;11;0;26m██[38;2;18;16;30m██[38;2;14;8;29m██[38;2;4;0;19m  [38;2;27;23;44m  [38;2;23;19;35m  [38;2;15;7;34m  [38;2;10;5;17m  [38;2;11;0;27m  
[38;2;2;0;6m  [38;2;0;0;5m      [38;2;31;26;46m██[38;2;5;0;20m  [38;2;9;0;23m  [38;2;25;23;38m██[38;2;44;40;42m██[38;2;226;221;191m██[38;2;255;225;192m██[38;2;255;220;188m██[38;2;255;229;194m██[38;2;240;134;138m██[38;2;235;127;133m██[38;2;239;129;135m██[38;2;239;133;138m██[38;2;224;131;136m██[38;2;101;58;65m██[38;2;11;9;18m██[38;2;27;27;39m██[38;2;31;30;45m██[38;2;69;63;97m██[38;2;66;65;83m████[38;2;63;63;81m██[38;2;14;10;29m██[38;2;29;21;45m██[38;2;45;41;61m██[38;2;74;73;91m██
[38;2;2;0;6m  [38;2;0;0;3m  [38;2;0;0;2m    [38;2;10;0;24m  [38;2;0;0;16m  [38;2;0;0;0m  [38;2;11;0;27m██[38;2;11;1;26m  [38;2;28;29;41m██[38;2;5;0;19m  [38;2;9;6;19m██[38;2;29;24;24m██[38;2;30;17;28m██[38;2;35;28;58m██[38;2;19;17;36m██[38;2;59;56;71m██[38;2;152;145;175m██[38;2;17;22;30m██[38;2;3;3;4m██[38;2;7;6;9m██[38;2;11;10;16m██[38;2;20;17;32m██[38;2;24;24;37m██[38;2;24;24;36m██[38;2;32;31;45m██[38;2;43;42;58m██[38;2;40;39;55m██[38;2;70;70;87m██[38;2;6;3;20m  
[38;2;2;0;5m  [38;2;0;0;23m  [38;2;0;0;22m    [38;2;3;0;21m  [38;2;0;0;25m  [38;2;0;0;0m  [38;2;0;0;2m  [38;2;1;0;4m  [38;2;5;0;14m  [38;2;13;0;28m  [38;2;2;0;7m  [38;2;2;0;9m  [38;2;0;0;2m  [38;2;6;14;26m██[38;2;25;23;28m██[38;2;178;170;205m██[38;2;25;33;45m██[38;2;17;24;37m██[38;2;124;85;26m██[38;2;11;49;35m██[38;2;24;130;80m██[38;2;222;169;51m██[38;2;10;10;16m██[38;2;26;25;38m████[38;2;28;28;41m██[38;2;64;63;82m██[38;2;26;22;41m██[38;2;4;0;12m  
[38;2;2;0;5m  [38;2;0;0;23m  [38;2;0;0;22m    [38;2;3;0;21m  [38;2;0;0;25m  [38;2;0;0;0m  [38;2;0;0;1m  [38;2;2;0;5m  [38;2;3;0;9m  [38;2;3;0;14m  [38;2;0;0;0m  [38;2;59;23;42m  [38;2;79;30;57m██[38;2;4;10;17m██[38;2;22;29;40m  [38;2;70;68;84m██[38;2;25;32;45m  [38;2;10;17;30m██[38;2;132;124;54m██[38;2;20;63;43m██[38;2;195;159;50m██[38;2;84;130;66m██[38;2;23;111;67m██[38;2;27;26;39m████[38;2;26;25;38m██[38;2;24;23;37m██[38;2;67;66;85m██[38;2;61;60;79m██
[38;2;2;0;5m  [38;2;0;0;23m  [38;2;0;0;22m    [38;2;3;0;21m  [38;2;0;0;25m  [38;2;0;0;0m  [38;2;0;0;1m  [38;2;0;0;2m  [38;2;0;0;0m    [38;2;164;62;108m  [38;2;150;56;98m  [38;2;102;39;70m██[38;2;16;5;10m██[38;2;30;39;54m  [38;2;228;224;107m  [38;2;22;34;59m  [38;2;32;35;51m██[38;2;77;111;76m██[38;2;171;123;40m██[38;2;70;68;48m██[38;2;19;100;66m██[38;2;250;171;39m██[38;2;40;29;10m██[38;2;28;27;41m██[38;2;26;25;38m██[38;2;39;38;53m██[38;2;41;40;55m██[38;2;67;66;84m██[0m
