
[38;2;0;0;0m████[38;2;186;104;72m██[38;2;192;109;76m██[38;2;201;120;86m██[38;2;202;127;93m██[38;2;0;0;0m  [38;2;92;58;43m██[38;2;182;101;70m██[38;2;164;88;59m██[38;2;160;89;61m██[38;2;147;82;58m██[38;2;156;90;63m██[38;2;168;96;66m██[38;2;0;0;0m  ████[38;2;178;105;75m██[38;2;193;119;86m██[38;2;88;64;50m██[38;2;224;160;123m██[38;2;220;154;118m██[38;2;207;132;97m██[38;2;24;14;11m██[38;2;0;0;0m████████[38;2;1;1;1m  [38;2;2;2;2m  
[38;2;0;0;0m██[38;2;14;6;4m██[38;2;190;109;76m████[38;2;200;120;86m██[38;2;207;132;97m██[38;2;32;14;9m██[38;2;97;60;45m██[38;2;172;104;74m██[38;2;199;127;94m██[38;2;217;149;113m██[38;2;199;132;98m██[38;2;220;152;116m██[38;2;219;153;116m██[38;2;179;106;75m██[38;2;11;6;4m  [38;2;0;0;0m██[38;2;190;140;109m██[38;2;236;175;136m██[38;2;207;144;110m██[38;2;241;179;140m██[38;2;244;181;142m██[38;2;169;117;90m██[38;2;178;116;87m██[38;2;6;4;3m██[38;2;0;0;0m████[38;2;1;0;1m  [38;2;3;3;3m  [38;2;3;2;2m  
[38;2;0;0;0m██[38;2;58;25;15m  [38;2;190;109;76m██[38;2;177;96;66m██[38;2;185;104;73m██[38;2;194;115;82m██[38;2;141;73;48m██[38;2;93;59;43m██[38;2;204;136;103m██[38;2;211;145;110m██[38;2;228;164;126m██[38;2;230;166;128m██[38;2;226;164;126m██[38;2;235;174;136m██[38;2;238;179;140m██[38;2;171;103;73m██[38;2;35;25;20m██[38;2;78;58;47m██[38;2;241;185;146m██[38;2;243;181;141m██[38;2;123;85;66m██[38;2;230;160;122m██[38;2;225;156;119m██[38;2;212;139;103m██[38;2;186;108;76m██[38;2;0;0;0m██████  [38;2;3;3;4m  
[38;2;0;0;0m██[38;2;116;55;34m██[38;2;205;130;96m██[38;2;212;143;107m██[38;2;188;123;92m██[38;2;186;120;90m██[38;2;173;102;73m██[38;2;90;62;47m██[38;2;180;127;99m██[38;2;223;167;132m██[38;2;219;157;120m██[38;2;247;196;158m██[38;2;242;186;146m██[38;2;247;193;154m██[38;2;244;197;160m██[38;2;246;194;154m██[38;2;186;124;93m██[38;2;45;34;27m  [38;2;137;94;72m██[38;2;210;137;104m██[38;2;234;171;132m██[38;2;244;184;144m██[38;2;243;190;152m██[38;2;237;177;139m██[38;2;218;148;112m██[38;2;12;8;6m  [38;2;0;0;0m██████[38;2;2;2;1m  
[38;2;0;0;0m██[38;2;154;83;56m██[38;2;214;148;112m██[38;2;214;150;114m██[38;2;225;167;129m██[38;2;242;188;148m██[38;2;234;177;139m██[38;2;176;133;108m██[38;2;246;193;153m██[38;2;244;189;149m██[38;2;254;214;178m██[38;2;180;132;109m██[38;2;241;186;148m██[38;2;227;173;137m██[38;2;234;166;127m██[38;2;126;77;56m██[38;2;62;38;28m██[38;2;133;73;50m██[38;2;211;130;95m██[38;2;67;59;56m██[38;2;164;162;172m██[38;2;193;188;201m██[38;2;84;84;90m██[38;2;230;192;154m██[38;2;242;186;147m██[38;2;183;120;90m██[38;2;0;0;0m████████
[38;2;0;0;0m██[38;2;173;98;68m██[38;2;215;151;115m██[38;2;232;175;137m██[38;2;249;197;156m██[38;2;253;201;161m██[38;2;253;202;162m██[38;2;254;206;165m██[38;2;254;215;180m██[38;2;254;206;164m██[38;2;147;93;70m██[38;2;171;111;84m██[38;2;219;158;122m██[38;2;213;155;121m██[38;2;209;141;106m██[38;2;146;83;58m██[38;2;139;75;52m██[38;2;212;130;96m██[38;2;176;173;183m██[38;2;234;233;235m██[38;2;86;87;90m██[38;2;236;235;237m██[38;2;254;254;254m██[38;2;205;198;211m██[38;2;223;176;139m██[38;2;227;159;122m██[38;2;0;0;0m████████
[38;2;0;0;0m██[38;2;95;56;41m██[38;2;153;104;80m██[38;2;118;83;65m██[38;2;97;64;48m██[38;2;119;76;58m██[38;2;90;57;42m██[38;2;68;42;31m██[38;2;94;56;41m██[38;2;81;45;31m██[38;2;194;124;92m██[38;2;161;95;67m██[38;2;191;125;93m██[38;2;210;138;104m██[38;2;168;99;70m██[38;2;159;85;59m██[38;2;211;131;97m██[38;2;61;55;56m██[38;2;242;242;243m██[38;2;230;229;230m██[38;2;235;234;235m██[38;2;229;229;230m██[38;2;223;230;233m██[38;2;171;212;229m██[38;2;175;200;210m██[38;2;180;226;241m██[38;2;145;95;71m██[38;2;0;0;0m████[38;2;3;2;2m  
[38;2;0;0;0m██[38;2;177;106;75m██[38;2;217;147;111m██[38;2;231;160;123m██[38;2;96;62;46m██[38;2;60;47;44m██[38;2;67;61;61m██[38;2;61;36;27m██[38;2;199;121;88m██[38;2;175;103;73m██[38;2;163;90;62m██[38;2;169;100;71m██[38;2;193;119;86m██[38;2;194;110;77m██[38;2;148;89;65m██[38;2;199;120;86m██[38;2;215;139;104m██[38;2;176;173;184m██[38;2;248;248;248m██[38;2;244;243;244m██[38;2;220;231;235m██[38;2;111;151;169m██[38;2;230;204;178m██[38;2;251;208;174m██[38;2;231;164;125m██[38;2;176;221;237m██[38;2;239;220;207m██[38;2;0;0;0m██████
[38;2;0;0;0m██[38;2;179;107;76m██[38;2;213;151;116m██[38;2;163;161;171m██[38;2;135;134;138m██[38;2;182;181;184m██[38;2;240;239;240m██[38;2;235;234;237m██[38;2;206;199;211m██[38;2;73;54;44m██[38;2;224;156;119m██[38;2;217;145;110m██[38;2;214;141;106m██[38;2;192;94;65m██[38;2;129;59;36m██[38;2;72;49;39m██[38;2;234;157;119m██[38;2;193;210;220m██[38;2;205;226;235m██[38;2;138;188;207m██[38;2;171;215;231m██[38;2;228;166;130m██[38;2;226;154;118m██[38;2;207;122;90m██[38;2;133;92;80m██[38;2;227;178;154m██[38;2;139;61;39m██[38;2;134;162;169m██[38;2;0;0;0m████
[38;2;13;8;6m██[38;2;195;128;95m██[38;2;160;159;170m██[38;2;241;240;241m██[38;2;212;211;212m██[38;2;226;226;226m██[38;2;230;229;230m██[38;2;229;228;229m██[38;2;251;252;252m██[38;2;207;200;211m██[38;2;221;161;124m██[38;2;229;164;126m██[38;2;220;149;114m██[38;2;185;85;58m██[38;2;238;212;194m██[38;2;184;72;50m██[38;2;157;114;92m██[38;2;183;169;159m██[38;2;150;98;73m██[38;2;118;71;52m██[38;2;196;129;106m██[38;2;197;95;65m██[38;2;191;81;53m██[38;2;134;126;124m██[38;2;189;126;106m██[38;2;57;28;18m██[38;2;178;85;59m██[38;2;169;201;208m██[38;2;0;0;0m████
[38;2;43;30;23m██[38;2;154;97;70m██[38;2;224;221;227m██[38;2;239;238;239m██[38;2;230;229;230m██[38;2;233;232;233m██[38;2;233;230;230m██[38;2;234;231;232m██[38;2;231;229;230m██[38;2;221;230;234m██[38;2;207;232;242m██[38;2;214;174;151m██[38;2;218;143;108m██[38;2;197;98;69m██[38;2;192;85;58m██[38;2;197;91;63m██[38;2;180;117;88m██[38;2;153;109;88m██[38;2;174;211;222m██[38;2;146;82;56m██[38;2;171;209;220m██[38;2;187;183;178m██[38;2;215;119;86m██[38;2;97;49;33m██[38;2;84;42;29m██[38;2;195;92;62m██[38;2;204;107;77m██[38;2;199;139;112m██[38;2;0;0;0m████
[38;2;60;43;33m██[38;2;198;196;191m██[38;2;150;199;218m██[38;2;152;191;204m██[38;2;168;219;239m██[38;2;116;159;177m██[38;2;110;146;162m██[38;2;111;153;171m██[38;2;102;124;133m██[38;2;159;179;187m██[38;2;85;52;37m██[38;2;171;198;208m██[38;2;196;129;98m██[38;2;214;132;99m██[38;2;90;53;39m██[38;2;221;141;106m██[38;2;47;52;59m██[38;2;134;87;67m██[38;2;171;100;71m██[38;2;127;112;107m██[38;2;191;159;144m██[38;2;197;128;96m██[38;2;210;132;98m██[38;2;227;136;101m██[38;2;228;143;107m██[38;2;189;194;192m██[38;2;221;152;116m██[38;2;221;152;114m██[38;2;10;5;3m██[38;2;208;99;70m██
[38;2;62;73;78m██[38;2;126;148;159m██[38;2;216;203;188m██[38;2;202;208;204m██[38;2;240;177;137m██[38;2;236;176;137m██[38;2;223;150;114m██[38;2;190;109;80m██[38;2;138;66;43m██[38;2;93;57;42m██[38;2;231;149;112m██[38;2;116;82;73m██[38;2;218;156;121m██[38;2;118;83;64m██[38;2;188;144;121m██[38;2;231;168;130m██[38;2;201;170;150m██[38;2;236;211;185m██[38;2;254;209;172m██[38;2;255;206;164m██[38;2;181;218;228m██[38;2;199;141;109m██[38;2;233;171;133m██[38;2;231;167;129m██[38;2;234;173;135m██[38;2;190;228;240m██[38;2;235;177;138m██[38;2;221;175;146m██[38;2;60;33;23m██[38;2;30;14;8m██
[38;2;194;228;240m██[38;2;181;117;87m██[38;2;205;163;145m██[38;2;183;195;197m██[38;2;210;114;81m██[38;2;205;108;78m██[38;2;198;94;65m██[38;2;130;54;35m██[38;2;226;147;111m██[38;2;234;161;125m██[38;2;163;169;171m██[38;2;230;164;126m██[38;2;232;184;147m██[38;2;218;172;137m██[38;2;237;194;164m██[38;2;239;177;138m██[38;2;224;185;161m██[38;2;178;227;244m██[38;2;232;154;113m██[38;2;249;190;150m██[38;2;253;201;160m██[38;2;214;206;193m██[38;2;241;186;147m██[38;2;237;182;144m██[38;2;229;171;133m██[38;2;207;187;175m██[38;2;234;178;139m██[38;2;201;186;173m██[38;2;53;34;25m██[38;2;143;60;39m██
[38;2;170;218;234m██[38;2;202;103;74m██[38;2;198;92;63m██[38;2;165;188;197m██[38;2;141;130;127m██[38;2;107;48;32m██[38;2;185;91;64m██[38;2;210;117;87m██[38;2;229;154;119m██[38;2;169;100;71m██[38;2;227;159;122m██[38;2;248;196;156m██[38;2;253;208;170m██[38;2;227;157;120m██[38;2;184;219;231m██[38;2;176;177;186m██[38;2;225;222;228m██[38;2;232;234;237m██[38;2;241;239;242m██[38;2;245;243;247m██[38;2;159;181;191m██[38;2;193;226;236m██[38;2;237;169;129m██[38;2;235;179;141m██[38;2;228;171;133m██[38;2;218;158;121m██[38;2;221;162;126m██[38;2;207;172;150m██[38;2;110;85;73m██[38;2;199;109;79m██
[38;2;171;206;217m██[38;2;203;106;76m██[38;2;199;92;66m██[38;2;183;178;173m██[38;2;197;86;56m██[38;2;199;93;66m██[38;2;202;108;79m██[38;2;218;143;108m██[38;2;244;190;150m██[38;2;226;158;122m██[38;2;244;182;140m██[38;2;253;212;176m██[38;2;222;150;114m██[38;2;221;219;226m██[38;2;172;218;234m██[38;2;252;251;252m██[38;2;170;169;170m██[38;2;91;91;92m██[38;2;40;40;41m██[38;2;41;43;45m██[38;2;58;60;62m██[38;2;98;109;115m██[38;2;112;112;118m██[38;2;84;73;72m██[38;2;123;78;58m██[38;2;212;143;108m██[38;2;221;157;120m██[38;2;222;156;116m██[38;2;153;139;131m██[38;2;90;36;22m██
[38;2;160;179;186m██[38;2;204;106;74m██[38;2;202;105;76m██[38;2;199;113;85m██[38;2;203;103;72m██[38;2;204;115;84m██[38;2;218;149;113m██[38;2;245;191;152m██[38;2;213;145;110m██[38;2;229;170;135m██[38;2;245;199;162m██[38;2;213;132;95m██[38;2;234;235;238m██[38;2;239;238;239m██[38;2;129;185;207m██[38;2;0;0;0m██[38;2;82;64;53m██[38;2;110;87;73m██[38;2;20;14;11m██[38;2;90;95;99m██[38;2;131;129;132m██[38;2;161;173;178m██[38;2;182;181;184m██[38;2;181;180;182m██[38;2;153;151;155m██[38;2;88;88;91m██[38;2;137;95;79m██[38;2;224;162;124m██[38;2;174;208;218m██[38;2;148;73;49m██
[38;2;211;138;105m██[38;2;206;119;84m██[38;2;211;133;100m██[38;2;220;135;96m██[38;2;207;178;164m██[38;2;220;153;117m██[38;2;234;174;136m██[38;2;244;190;150m██[38;2;236;175;137m██[38;2;233;173;137m██[38;2;169;201;212m██[38;2;246;249;251m██[38;2;112;113;117m██[38;2;0;0;0m██[38;2;100;119;126m██[38;2;255;236;210m██[38;2;253;205;164m██[38;2;248;196;156m██[38;2;253;217;186m██[38;2;255;221;186m██[38;2;133;162;174m██[38;2;245;242;242m██[38;2;154;151;157m██[38;2;244;243;244m██[38;2;242;241;242m██[38;2;185;183;191m██[38;2;160;157;164m██[38;2;216;148;110m██[38;2;209;185;167m██[38;2;153;83;56m██
[38;2;166;108;81m██[38;2;172;194;202m██[38;2;215;176;151m██[38;2;235;170;131m██[38;2;208;170;150m██[38;2;229;172;134m██[38;2;244;189;149m██[38;2;226;161;124m██[38;2;238;172;132m██[38;2;95;96;104m██[38;2;177;217;231m██[38;2;1;1;1m██[38;2;52;51;53m██[38;2;108;130;141m  [38;2;255;208;166m██[38;2;238;177;138m██[38;2;154;86;60m██[38;2;118;62;43m██[38;2;165;96;68m██[38;2;198;142;111m██[38;2;252;201;158m██[38;2;133;121;115m██[38;2;201;194;204m██[38;2;245;244;245m██[38;2;243;242;243m██[38;2;216;217;224m██[38;2;190;184;195m██[38;2;156;169;173m██[38;2;200;143;111m██[38;2;150;99;77m██
[38;2;211;143;108m██[38;2;208;163;137m██[38;2;201;170;153m██[38;2;227;166;127m██[38;2;233;177;139m██[38;2;229;172;134m██[38;2;228;171;133m██[38;2;219;151;114m██[38;2;50;46;47m██[38;2;231;229;232m██[38;2;145;193;211m██[38;2;233;233;233m██[38;2;186;185;190m██[38;2;218;200;183m██[38;2;228;164;127m██[38;2;137;72;49m██[38;2;171;102;72m██[38;2;204;138;104m██[38;2;205;127;93m██[38;2;191;125;93m██[38;2;201;142;110m██[38;2;250;212;180m██[38;2;94;113;121m██[38;2;231;228;234m██[38;2;237;235;237m██[38;2;198;192;203m██[38;2;86;61;59m██[38;2;161;207;224m██[38;2;192;120;86m██[38;2;42;51;54m  
[38;2;220;150;113m██[38;2;203;169;149m██[38;2;208;170;145m██[38;2;235;172;131m██[38;2;228;172;134m██[38;2;224;164;127m██[38;2;219;157;120m██[38;2;177;114;83m██[38;2;192;188;198m██[38;2;59;58;60m██[38;2;243;243;243m██[38;2;245;244;245m██[38;2;88;84;86m██[38;2;207;186;169m██[38;2;180;108;77m██[38;2;189;128;98m██[38;2;211;144;109m██[38;2;222;152;116m██[38;2;217;154;119m██[38;2;231;171;133m██[38;2;237;176;138m██[38;2;230;167;130m██[38;2;209;161;133m██[38;2;136;148;152m██[38;2;140;83;61m██[38;2;185;145;127m██[38;2;121;59;38m██[38;2;197;214;219m██[38;2;161;102;74m██[38;2;186;232;242m  
[38;2;33;20;14m██[38;2;209;154;125m██[38;2;221;155;116m██[38;2;192;203;201m██[38;2;228;171;133m██[38;2;222;163;126m██[38;2;209;140;105m██[38;2;63;62;64m██[38;2;169;177;182m██[38;2;244;243;244m██[38;2;240;239;240m██[38;2;243;242;243m██[38;2;153;126;111m██[38;2;205;144;115m██[38;2;233;165;125m██[38;2;201;132;98m██[38;2;238;178;139m██[38;2;230;168;130m██[38;2;220;156;120m██[38;2;250;202;164m██[38;2;212;143;108m██[38;2;241;184;145m██[38;2;236;189;155m██[38;2;235;179;142m██[38;2;230;164;124m██[38;2;154;172;178m██[38;2;177;107;78m██[38;2;173;205;211m██[38;2;211;145;113m██[38;2;140;174;177m  
[38;2;140;77;53m██[38;2;156;98;71m██[38;2;215;147;109m██[38;2;173;206;218m██[38;2;222;162;126m██[38;2;221;161;125m██[38;2;183;112;81m██[38;2;56;56;59m██[38;2;235;244;247m██[38;2;244;243;244m██[38;2;223;219;225m██[38;2;218;214;220m██[38;2;205;174;155m██[38;2;214;158;126m██[38;2;192;198;196m██[38;2;211;142;106m██[38;2;248;197;159m██[38;2;244;189;150m██[38;2;243;189;150m██[38;2;242;184;145m██[38;2;241;186;147m██[38;2;236;175;137m██[38;2;238;192;157m██[38;2;250;199;157m██[38;2;242;184;144m██[38;2;198;170;155m██[38;2;235;169;128m██[38;2;191;131;106m██[38;2;166;213;229m██[38;2;24;30;33m  
[38;2;194;111;78m██[38;2;172;105;75m██[38;2;213;167;141m██[38;2;192;170;161m██[38;2;220;156;118m██[38;2;220;159;122m██[38;2;115;65;46m██[38;2;200;194;205m██[38;2;220;224;231m██[38;2;244;243;244m██[38;2;241;240;242m██[38;2;166;163;170m██[38;2;194;141;113m██[38;2;221;177;148m██[38;2;215;186;165m██[38;2;233;167;128m██[38;2;238;182;143m██[38;2;245;191;151m██[38;2;254;211;175m██[38;2;218;155;120m██[38;2;245;202;169m██[38;2;242;186;147m██[38;2;208;184;167m██[38;2;242;181;139m██[38;2;234;173;135m██[38;2;210;144;111m██[38;2;195;113;79m██[38;2;170;161;156m██[38;2;170;210;225m  [38;2;37;47;50m  
[38;2;204;123;89m██[38;2;201;122;88m██[38;2;161;199;214m██[38;2;194;145;123m██[38;2;218;154;117m██[38;2;159;109;84m██[38;2;114;83;69m██[38;2;175;171;179m██[38;2;166;160;168m██[38;2;205;199;208m██[38;2;200;193;204m██[38;2;107;50;29m██[38;2;200;150;127m██[38;2;236;181;143m██[38;2;224;173;141m██[38;2;243;196;159m██[38;2;249;199;161m██[38;2;236;175;137m██[38;2;253;203;163m██[38;2;238;180;141m██[38;2;229;165;127m██[38;2;234;172;134m██[38;2;218;155;121m██[38;2;213;164;134m██[38;2;207;132;98m██[38;2;175;149;139m██[38;2;126;72;50m██[38;2;168;213;231m  [38;2;8;10;11m  [38;2;2;1;1m  
[38;2;167;97;69m██[38;2;204;121;86m██[38;2;210;123;86m██[38;2;160;204;221m██[38;2;211;148;114m██[38;2;141;93;70m██[38;2;206;131;95m██[38;2;89;96;102m██[38;2;50;21;13m██[38;2;109;84;74m██[38;2;142;76;49m██[38;2;44;40;40m██[38;2;197;178;165m██[38;2;220;158;122m██[38;2;221;154;117m██[38;2;224;173;143m██[38;2;216;149;113m██[38;2;219;150;114m██[38;2;215;142;107m██[38;2;208;131;97m██[38;2;207;128;94m██[38;2;206;128;94m██[38;2;191;136;113m██[38;2;181;144;127m██[38;2;191;141;119m██[38;2;121;152;165m██[38;2;131;166;176m  [38;2;166;211;227m  [38;2;77;99;105m  [38;2;3;2;1m  
[38;2;0;0;0m██  ██[38;2;77;102;113m██[38;2;137;183;202m██[38;2;221;142;104m██[38;2;201;117;82m██[38;2;110;88;79m██[38;2;90;96;100m██[38;2;104;93;90m██[38;2;65;65;64m██[38;2;203;151;125m██[38;2;195;178;167m██[38;2;215;149;113m██[38;2;210;142;106m██[38;2;203;123;90m██[38;2;202;122;88m██[38;2;206;128;94m██[38;2;197;117;84m██[38;2;187;105;73m██[38;2;180;99;68m██[38;2;179;98;67m██[38;2;188;113;81m██[38;2;196;145;122m██[38;2;58;56;57m  [38;2;167;214;232m  [38;2;170;213;228m  [38;2;166;214;230m  [38;2;167;213;230m  [38;2;165;196;202m  
[38;2;0;0;0m██[38;2;1;1;1m  [38;2;2;2;2m  [38;2;61;77;84m██[38;2;18;22;24m██[38;2;121;150;160m██[38;2;192;128;101m██[38;2;153;180;190m██[38;2;166;212;229m██[38;2;167;182;188m██[38;2;207;128;91m██[38;2;205;138;104m██[38;2;166;172;175m██[38;2;187;110;78m██[38;2;189;109;76m██[38;2;191;112;79m██[38;2;191;112;80m██[38;2;182;102;71m██[38;2;180;101;70m██[38;2;181;103;72m██[38;2;186;110;79m██[38;2;192;119;86m██[38;2;169;170;171m██[38;2;39;52;59m██[38;2;11;14;15m  [38;2;173;214;229m  [38;2;175;222;236m  [38;2;169;215;231m  [38;2;179;230;243m  [38;2;3;3;4m  
[38;2;1;1;0m  [38;2;3;2;3m  [38;2;87;109;116m  [38;2;144;192;212m  [38;2;14;16;17m██[38;2;2;1;1m  [38;2;30;38;42m  [38;2;124;137;143m██[38;2;209;129;93m██[38;2;188;158;144m██[38;2;171;169;169m██[38;2;189;123;93m██[38;2;188;109;76m██[38;2;194;117;84m██[38;2;196;126;95m██[38;2;187;145;126m██[38;2;196;123;91m██[38;2;193;120;88m██[38;2;196;122;90m██[38;2;203;127;94m██[38;2;218;143;108m██[38;2;25;15;11m  [38;2;107;107;108m██[38;2;124;63;43m██[38;2;70;44;33m  [38;2;1;1;1m  [38;2;180;230;241m  [38;2;167;214;230m  [38;2;165;212;229m  [38;2;3;3;4m  
[38;2;3;2;2m  [38;2;3;3;3m  [38;2;59;75;80m  [38;2;124;169;188m██[38;2;16;19;21m  [38;2;2;2;1m  [38;2;135;173;181m  [38;2;4;5;5m  [38;2;31;35;37m  [38;2;0;0;0m██[38;2;58;63;67m██[38;2;30;18;13m██[38;2;104;112;119m██[38;2;117;132;140m██[38;2;34;14;9m██[38;2;65;74;79m██[38;2;68;61;58m██[38;2;29;19;15m██[38;2;18;8;5m██[38;2;28;10;6m██[38;2;61;26;17m██[38;2;104;35;13m██[38;2;123;78;60m██[38;2;182;111;80m██[38;2;207;180;164m██[38;2;16;20;21m  [38;2;114;147;159m  [38;2;177;222;237m  [38;2;176;225;240m  [38;2;2;2;2m  [0m
