
[38;2;144;52;55m  [38;2;150;50;54m  [38;2;164;55;57m  [38;2;250;74;74m  [38;2;238;72;73m██[38;2;238;71;73m██[38;2;238;71;72m██[38;2;239;72;75m██[38;2;238;71;72m██[38;2;249;74;75m  [38;2;112;37;38m  [38;2;13;4;4m  [38;2;108;47;47m  [38;2;0;0;0m    [38;2;64;64;64m  [38;2;255;255;255m                          
[38;2;122;49;52m  [38;2;200;62;66m  [38;2;239;70;72m██[38;2;239;69;71m██[38;2;239;70;74m██[38;2;239;73;75m██[38;2;237;70;71m██[38;2;239;72;72m██[38;2;240;72;72m██[38;2;238;71;73m██[38;2;239;69;70m██[38;2;190;60;60m  [38;2;0;0;0m      [38;2;64;64;64m  [38;2;255;255;255m                          
[38;2;169;57;57m  [38;2;239;70;71m██[38;2;240;70;72m██[38;2;238;71;74m██[38;2;234;47;49m██[38;2;247;87;83m██[38;2;253;206;209m██[38;2;253;134;134m██[38;2;237;71;70m██[38;2;241;71;71m██[38;2;239;71;72m██[38;2;238;69;71m██[38;2;81;27;28m  [38;2;0;0;0m    [38;2;64;64;64m  [38;2;255;255;255m                          
[38;2;253;78;76m  [38;2;239;70;72m██[38;2;240;72;72m██[38;2;242;58;59m██[38;2;255;249;250m██[38;2;255;255;255m████[38;2;254;239;240m██[38;2;240;58;58m██[38;2;240;72;72m██[38;2;238;71;71m████[38;2;252;76;74m  [38;2;1;0;0m  [38;2;0;0;0m  [38;2;64;64;64m  [38;2;255;255;255m                          
[38;2;242;71;71m██[38;2;239;72;70m██[38;2;240;71;71m██[38;2;241;64;64m██[38;2;251;136;133m██[38;2;253;201;207m██[38;2;255;255;255m██[38;2;254;230;234m██[38;2;238;63;61m██[38;2;240;72;70m██[38;2;239;71;71m████[38;2;241;72;74m██[38;2;27;10;11m  [38;2;0;0;0m  [38;2;64;64;64m  [38;2;255;255;255m                          
[38;2;238;71;71m██[38;2;241;71;70m██[38;2;241;70;70m██[38;2;242;72;70m██[38;2;240;78;79m██[38;2;251;80;74m██[38;2;255;255;255m██[38;2;254;232;236m██[38;2;238;61;61m██[38;2;240;72;73m██[38;2;239;71;70m██[38;2;240;71;71m██[38;2;237;70;71m██[38;2;184;58;58m  [38;2;0;0;0m  [38;2;64;64;64m  [38;2;255;255;255m                          
[38;2;236;72;70m██[38;2;241;71;70m████[38;2;242;71;70m██[38;2;239;74;73m██[38;2;247;92;91m██[38;2;255;255;255m██[38;2;254;235;238m██[38;2;238;59;59m██[38;2;240;72;71m██[38;2;239;71;70m██[38;2;240;71;71m██[38;2;237;70;72m██[38;2;188;60;60m  [38;2;0;0;0m  [38;2;64;64;64m  [38;2;255;255;255m    [38;2;80;124;178m  [38;2;89;114;141m  [38;2;102;130;157m  [38;2;73;134;164m  [38;2;255;255;255m              
[38;2;237;72;71m██[38;2;239;71;70m██[38;2;240;71;70m██[38;2;242;71;70m██[38;2;240;75;75m██[38;2;247;91;88m██[38;2;255;255;255m██[38;2;254;233;237m██[38;2;240;60;59m██[38;2;240;72;71m██[38;2;239;71;70m██[38;2;239;72;71m██[38;2;240;69;72m██[38;2;99;33;35m  [38;2;0;0;0m  [38;2;14;35;35m  [38;2;79;56;63m  [38;2;165;81;94m  [38;2;245;126;129m  [38;2;231;121;127m  [38;2;232;122;128m  [38;2;246;126;128m  [38;2;186;89;99m  [38;2;55;29;58m  [38;2;31;26;57m  [38;2;34;51;85m  [38;2;12;109;158m  [38;2;205;201;207m  [38;2;209;223;225m  
[38;2;240;74;75m██[38;2;239;72;71m██[38;2;239;71;70m██[38;2;240;71;70m██[38;2;240;75;74m██[38;2;246;91;91m██[38;2;255;255;255m██[38;2;254;234;238m██[38;2;237;59;59m██[38;2;240;72;71m██[38;2;239;71;71m██[38;2;241;70;71m██[38;2;245;72;74m██[38;2;27;13;16m  [38;2;130;69;81m  [38;2;211;106;114m  [38;2;230;119;124m  [38;2;230;119;125m██[38;2;232;120;125m██[38;2;228;117;123m██[38;2;228;117;122m██[38;2;228;116;121m██[38;2;228;115;121m██[38;2;228;114;120m  [38;2;230;113;119m  [38;2;230;114;118m  [38;2;229;112;118m  [38;2;168;78;89m  [38;2;186;83;96m  
[38;2;240;73;70m  [38;2;238;70;70m██[38;2;239;72;71m██[38;2;241;72;70m██[38;2;238;75;75m██[38;2;247;117;111m██[38;2;255;255;255m██[38;2;254;239;240m██[38;2;237;57;57m██[38;2;239;71;71m██[38;2;239;71;72m██[38;2;238;70;71m██[38;2;241;72;74m██[38;2;78;40;42m██[38;2;214;110;116m██[38;2;229;118;124m██[38;2;235;121;126m██[38;2;220;114;120m██[38;2;171;85;97m██[38;2;226;115;121m██[38;2;228;115;120m██[38;2;228;114;119m██[38;2;227;112;118m██[38;2;227;111;117m██[38;2;225;108;115m██[38;2;164;76;88m██[38;2;227;108;114m██[38;2;224;106;112m██[38;2;182;82;93m██
[38;2;38;14;15m  [38;2;245;75;70m██[38;2;239;72;70m██[38;2;239;72;71m██[38;2;237;71;70m██[38;2;240;64;66m██[38;2;240;40;36m██[38;2;241;47;47m██[38;2;240;70;71m██[38;2;240;71;71m██[38;2;239;70;71m██[38;2;246;70;74m██[38;2;38;16;16m██[38;2;139;71;75m██[38;2;228;117;123m██[38;2;204;105;113m██[38;2;228;122;127m██[38;2;143;61;80m██[38;2;233;118;122m██[38;2;228;113;119m██[38;2;227;112;118m██[38;2;227;111;116m██[38;2;227;110;116m██[38;2;237;115;120m██[38;2;75;25;49m██[38;2;129;53;70m██[38;2;227;108;114m██[38;2;226;107;113m██[38;2;226;106;112m██
[38;2;0;0;0m  [38;2;76;24;24m  [38;2;244;76;73m██[38;2;236;72;71m██[38;2;239;71;70m██[38;2;239;72;70m██[38;2;238;70;70m██[38;2;238;70;71m██[38;2;239;71;70m██[38;2;239;69;72m██[38;2;246;72;73m██[38;2;37;14;14m██[38;2;97;49;52m██[38;2;191;96;103m██[38;2;206;172;172m██[38;2;172;83;95m██[38;2;143;81;94m██[38;2;205;202;197m██[38;2;229;113;119m██[38;2;227;111;117m██[38;2;227;110;116m██[38;2;227;109;115m██[38;2;235;113;118m██[38;2;35;6;30m██[38;2;60;17;42m██[38;2;62;20;42m██[38;2;210;97;105m██[38;2;225;106;112m████
[38;2;88;37;40m  [38;2;0;0;0m  [38;2;19;6;7m  [38;2;208;65;63m  [38;2;248;73;74m██[38;2;239;72;71m██[38;2;235;72;71m██[38;2;239;70;72m██[38;2;248;72;75m██[38;2;211;62;64m██[38;2;24;9;10m██[38;2;86;44;46m██[38;2;136;95;104m██[38;2;247;218;208m██[38;2;198;189;185m██[38;2;163;95;106m██[38;2;251;232;218m██[38;2;165;121;127m██[38;2;227;110;116m██[38;2;227;109;115m██[38;2;226;108;114m██[38;2;225;107;113m██[38;2;143;62;77m██[38;2;66;20;44m██[38;2;64;18;43m██[38;2;52;11;37m██[38;2;103;40;60m██[38;2;180;84;95m██[38;2;221;104;110m██
[38;2;108;45;49m  [38;2;110;40;41m  [38;2;0;0;0m    [38;2;3;1;1m  [38;2;75;24;25m  [38;2;139;45;44m██[38;2;72;23;24m██[38;2;24;12;13m██[38;2;53;27;28m██[38;2;92;40;49m██[38;2;198;157;154m██[38;2;250;243;226m██[38;2;251;234;219m██[38;2;161;61;77m██[38;2;246;194;186m██[38;2;250;231;214m██[38;2;161;118;124m██[38;2;227;108;114m██[38;2;226;107;113m████[38;2;225;106;112m██[38;2;221;103;110m██[38;2;230;109;115m██[38;2;228;107;113m██[38;2;241;114;119m██[38;2;97;35;56m██[38;2;112;44;63m██[38;2;64;19;43m██
[38;2;0;0;0m          [38;2;169;84;91m██[38;2;87;42;50m██[38;2;140;71;74m██[38;2;170;87;90m██[38;2;125;52;69m██[38;2;234;174;170m██[38;2;253;239;224m██[38;2;251;233;219m██[38;2;251;244;228m██[38;2;210;173;168m██[38;2;254;242;226m██[38;2;250;234;219m██[38;2;203;198;193m██[38;2;228;108;114m██[38;2;225;106;112m██████[38;2;223;103;111m██[38;2;236;113;116m██[38;2;225;106;112m██[38;2;224;105;111m██[38;2;129;52;70m██[38;2;223;105;112m██[38;2;52;12;37m██
[38;2;0;0;0m        [38;2;185;87;96m  [38;2;227;114;120m██[38;2;242;132;134m██[38;2;145;71;85m██[38;2;140;61;80m██[38;2;245;199;190m██[38;2;253;239;224m██[38;2;251;233;219m████[38;2;235;229;217m██[38;2;244;217;206m██[38;2;251;234;218m██[38;2;250;232;217m██[38;2;252;237;221m██[38;2;207;88;98m██[38;2;226;106;112m██[38;2;225;106;112m████[38;2;196;91;100m██[38;2;222;104;110m██[38;2;224;106;112m██[38;2;226;107;113m██[38;2;113;42;63m██[38;2;232;109;115m██[38;2;246;121;124m██
[38;2;255;255;255m      [38;2;80;122;150m  [38;2;233;119;123m  [38;2;188;93;104m██[38;2;227;114;121m██[38;2;172;82;95m██[38;2;159;110;118m██[38;2;188;137;140m██[38;2;69;36;50m██[38;2;211;200;193m██[38;2;254;247;229m██[38;2;251;235;220m██[38;2;244;217;204m██[38;2;249;232;216m██[38;2;238;219;206m██[38;2;250;232;217m██[38;2;228;231;223m██[38;2;233;101;107m██[38;2;225;107;113m██[38;2;232;109;115m██[38;2;182;84;94m██[38;2;160;68;82m██[38;2;144;62;77m██[38;2;151;65;80m██[38;2;104;38;59m██[38;2;220;103;110m██[38;2;227;107;112m██
[38;2;160;188;201m  [38;2;107;83;99m  [38;2;126;180;203m  [38;2;169;77;90m  [38;2;225;114;118m██[38;2;231;117;121m██[38;2;234;119;123m██[38;2;157;72;88m██[38;2;64;35;43m██[38;2;150;127;139m██[38;2;194;182;188m██[38;2;122;92;109m██[38;2;35;15;16m██[38;2;180;118;126m██[38;2;210;197;190m██[38;2;249;229;216m██[38;2;194;174;170m██[38;2;206;188;187m██[38;2;233;227;219m██[38;2;118;95;107m██[38;2;47;12;32m██[38;2;27;1;20m██[38;2;51;9;33m██[38;2;89;29;53m██[38;2;213;100;106m██[38;2;203;92;102m██[38;2;99;33;56m██[38;2;223;104;110m██[38;2;225;106;112m██
[38;2;68;25;49m  [38;2;103;70;89m  [38;2;57;19;45m  [38;2;230;116;121m  [38;2;228;115;120m██[38;2;228;114;120m██[38;2;167;74;90m██[38;2;183;167;176m██[38;2;54;35;38m██[38;2;62;17;42m██[38;2;101;72;88m██[38;2;64;23;46m██[38;2;208;200;204m██[38;2;115;93;106m██[38;2;202;145;145m██[38;2;212;155;154m██[38;2;220;165;162m██[38;2;214;157;155m██[38;2;122;82;94m██[38;2;153;137;142m██[38;2;246;243;245m██[38;2;248;247;248m██[38;2;66;29;49m██[38;2;160;144;152m██[38;2;56;13;33m██[38;2;161;63;80m██[38;2;108;39;59m██[38;2;224;106;112m██[38;2;225;106;112m██
[38;2;70;29;52m  [38;2;69;28;51m  [38;2;125;58;76m██[38;2;227;114;120m██[38;2;228;114;120m██[38;2;229;115;120m██[38;2;51;10;32m██[38;2;240;237;239m██[38;2;54;12;33m██[38;2;108;79;94m██[38;2;110;93;99m██[38;2;209;200;205m██[38;2;214;207;213m██[38;2;237;171;165m██[38;2;223;164;161m██[38;2;224;165;162m██[38;2;222;162;159m██[38;2;222;158;156m██[38;2;231;213;214m██[38;2;44;6;24m██[38;2;41;7;20m██[38;2;46;5;27m██[38;2;72;35;55m██[38;2;53;14;35m██[38;2;249;248;249m██[38;2;44;6;29m██[38;2;182;82;93m██[38;2;225;106;112m████
[38;2;104;65;85m  [38;2;70;29;52m  [38;2;188;92;103m██[38;2;230;115;120m██[38;2;218;106;114m██[38;2;194;91;101m██[38;2;43;3;24m██[38;2;247;245;246m██[38;2;96;71;91m██[38;2;85;59;66m██[38;2;187;163;157m██[38;2;236;198;188m██[38;2;252;244;227m██[38;2;226;185;179m██[38;2;240;207;196m██[38;2;247;225;211m██[38;2;250;234;219m████[38;2;251;240;224m██[38;2;188;167;163m██[38;2;86;59;65m██[38;2;196;181;190m██[38;2;229;224;227m██[38;2;169;149;161m██[38;2;216;208;211m██[38;2;168;151;161m██[38;2;208;96;104m██[38;2;225;106;112m████
[38;2;162;238;232m  [38;2;201;195;201m  [38;2;168;79;93m  [38;2;227;112;119m██[38;2;143;62;78m██[38;2;132;51;71m██[38;2;239;208;195m██[38;2;223;177;169m██[38;2;231;181;170m██[38;2;241;214;202m██[38;2;249;229;215m██[38;2;249;231;216m██████████████[38;2;250;230;215m██[38;2;250;200;186m██[38;2;220;173;165m██[38;2;226;210;203m██[38;2;66;45;52m██[38;2;88;68;77m██[38;2;254;254;254m██[38;2;192;184;190m██[38;2;229;108;114m██[38;2;225;106;112m████
[38;2;119;122;140m  [38;2;233;113;119m  [38;2;162;77;89m██[38;2;172;81;94m██[38;2;228;112;118m██[38;2;156;77;92m██[38;2;241;195;184m██[38;2;252;228;212m██[38;2;249;232;216m██[38;2;249;231;216m████████████████████[38;2;250;231;215m██[38;2;249;214;200m██[38;2;245;196;183m██[38;2;218;170;163m██[38;2;236;201;189m██[38;2;198;176;173m██[38;2;142;54;70m██[38;2;226;107;113m██[38;2;200;89;100m██[38;2;225;106;112m██
[38;2;237;119;125m  [38;2;236;120;124m██[38;2;151;70;85m██[38;2;230;113;119m██[38;2;115;52;69m██[38;2;125;62;76m██[38;2;251;233;220m██[38;2;249;231;216m████████████████████████████[38;2;250;228;214m██[38;2;248;202;188m██[38;2;225;177;168m██[38;2;216;194;186m██[38;2;243;119;123m██[38;2;117;42;61m██[38;2;224;106;112m██[38;2;225;106;112m██
[38;2;238;119;124m██[38;2;209;103;110m██[38;2;226;110;117m██[38;2;187;87;98m██[38;2;180;167;165m██[38;2;251;234;218m██[38;2;248;230;215m██[38;2;249;231;216m██████████[38;2;249;230;215m██[38;2;249;231;216m██[38;2;249;231;215m██[38;2;249;231;216m██████████████[38;2;251;229;216m██[38;2;251;215;200m██[38;2;128;64;78m██[38;2;115;44;62m██[38;2;228;106;113m██[38;2;225;106;112m████
[38;2;153;71;86m██[38;2;226;111;117m██[38;2;225;108;115m██[38;2;153;65;80m██[38;2;219;209;198m██[38;2;249;231;216m██████████[38;2;249;228;213m██[38;2;175;158;156m██[38;2;164;127;135m██[38;2;196;171;168m██[38;2;170;131;139m██[38;2;236;231;219m██[38;2;231;222;209m██[38;2;238;230;214m██[38;2;249;230;215m██[38;2;249;231;216m██████[38;2;248;232;216m██[38;2;205;195;197m██[38;2;122;87;96m██[38;2;179;163;164m██[38;2;226;106;112m██[38;2;225;106;112m████
[38;2;216;105;113m  [38;2;236;116;120m██[38;2;227;108;114m██[38;2;179;78;91m██[38;2;168;147;149m██[38;2;249;230;215m██[38;2;249;231;216m████████[38;2;254;247;232m██[38;2;56;30;40m██[38;2;244;181;193m██[38;2;241;179;189m██[38;2;238;176;188m██[38;2;237;172;184m██[38;2;225;147;167m██[38;2;149;116;135m██[38;2;241;231;215m██[38;2;249;232;217m██[38;2;249;231;216m████[38;2;243;235;223m██[38;2;216;212;204m██[38;2;252;232;216m██[38;2;160;61;77m██[38;2;225;106;112m██████
[38;2;211;98;106m  [38;2;129;74;87m  [38;2;226;107;113m  [38;2;204;92;102m██[38;2;100;26;48m██[38;2;249;231;215m██[38;2;249;231;216m██████████[38;2;249;230;215m██[38;2;251;241;223m██[38;2;248;224;213m██[38;2;248;227;214m██[38;2;244;199;200m██[38;2;243;193;197m██[38;2;175;137;144m██[38;2;248;234;218m██[38;2;249;231;216m██████[38;2;249;230;216m██[38;2;249;232;216m██[38;2;196;195;191m██[38;2;231;110;115m██[38;2;225;106;112m████[38;2;223;105;112m██
[38;2;222;103;110m  [38;2;228;191;196m  [38;2;129;53;65m  [38;2;225;106;111m  [38;2;139;54;71m██[38;2;213;204;198m██[38;2;249;231;216m██████████████████████████████████[38;2;248;243;236m██[38;2;199;89;98m██[38;2;231;111;115m██[38;2;201;91;100m██[38;2;152;60;78m██[38;2;132;49;69m██[0m
