
[38;2;0;0;0m                    [38;2;33;29;19m  [38;2;231;209;129m██[38;2;229;208;131m██[38;2;228;209;132m████[38;2;206;178;114m██[38;2;219;188;122m██[38;2;230;208;135m██[38;2;0;0;0m  [38;2;11;13;13m  [38;2;0;0;0m              
[38;2;0;0;0m            [38;2;122;125;125m  [38;2;0;0;0m  [38;2;12;11;7m  [38;2;225;200;132m██[38;2;229;208;132m██[38;2;197;164;102m██[38;2;228;209;132m████[38;2;231;206;137m██[38;2;230;208;132m██[38;2;224;193;126m██[38;2;231;209;135m██[38;2;231;209;141m██[38;2;0;0;0m                
[38;2;0;0;0m              [38;2;230;210;133m██[38;2;233;208;133m██[38;2;219;192;130m██[38;2;228;209;130m██[38;2;195;162;100m██[38;2;229;207;131m██[38;2;229;208;133m██[38;2;233;207;136m██[38;2;230;208;132m████[38;2;201;176;105m██[38;2;229;208;132m██[38;2;194;160;103m██[38;2;225;205;131m██[38;2;0;0;0m  [38;2;176;181;185m██[38;2;0;0;0m        
[38;2;0;0;0m            [38;2;226;207;141m██[38;2;227;208;128m██[38;2;190;161;100m██[38;2;229;208;130m██[38;2;226;208;132m██[38;2;232;206;138m██[38;2;230;208;130m██[38;2;210;181;118m██[38;2;225;197;124m██[38;2;228;207;131m██[38;2;229;208;131m██[38;2;219;197;123m██[38;2;230;208;131m██[38;2;232;208;133m██[38;2;232;207;135m██[38;2;234;209;131m██[38;2;0;0;0m          
[38;2;0;0;0m            [38;2;229;207;127m██[38;2;136;113;47m██[38;2;229;207;129m██[38;2;215;193;125m██[38;2;220;197;133m██[38;2;230;207;134m██[38;2;229;207;129m██[38;2;198;174;109m██[38;2;201;161;101m██[38;2;224;197;132m██[38;2;231;209;132m██[38;2;229;207;130m████[38;2;229;207;129m██[38;2;229;205;131m██[38;2;227;208;127m██[38;2;0;0;0m  [38;2;0;1;1m  [38;2;0;0;0m      
[38;2;0;0;0m          [38;2;221;202;146m██[38;2;227;206;127m██[38;2;230;208;134m██[38;2;228;207;131m██[38;2;231;207;130m██[38;2;226;203;134m██[38;2;176;154;89m██[38;2;229;207;131m██[38;2;232;206;136m██[38;2;200;158;101m██[38;2;179;150;114m██[38;2;231;209;133m██[38;2;166;144;74m██[38;2;229;205;135m██[38;2;230;208;128m██[38;2;229;207;128m██[38;2;229;207;129m██[38;2;0;0;0m    [38;2;42;43;44m  [38;2;0;0;0m    
[38;2;0;0;0m          [38;2;227;206;128m██[38;2;227;206;124m██[38;2;207;151;97m██[38;2;210;148;99m██[38;2;187;136;103m██[38;2;209;147;102m██[38;2;137;100;84m██[38;2;156;134;67m██[38;2;227;208;134m██[38;2;167;126;80m██[38;2;104;60;41m██[38;2;207;143;101m██[38;2;205;144;99m██[38;2;192;133;88m██[38;2;228;207;130m██[38;2;198;176;105m██[38;2;229;207;127m██[38;2;229;208;128m██[38;2;0;0;0m        
[38;2;0;0;0m        [38;2;229;206;127m██[38;2;230;207;130m██[38;2;234;205;128m██[38;2;211;143;103m██[38;2;194;133;93m██[38;2;166;102;86m██[38;2;190;133;101m██[38;2;162;123;99m██[38;2;230;205;131m██[38;2;199;160;99m██[38;2;141;109;106m██[38;2;191;151;112m██[38;2;174;129;86m██[38;2;166;108;79m██[38;2;205;143;104m██[38;2;238;204;136m██[38;2;226;204;131m██[38;2;227;206;126m████[38;2;209;188;132m██[38;2;0;0;0m      
[38;2;0;0;0m  [38;2;43;43;43m  [38;2;0;0;0m  [38;2;146;132;94m  [38;2;226;208;128m██[38;2;227;194;122m██[38;2;208;145;102m██[38;2;175;117;84m██[38;2;92;51;45m██[38;2;151;86;74m██[38;2;101;68;62m██[38;2;137;105;109m██[38;2;145;112;115m██[38;2;186;123;84m██[38;2;141;110;113m██[38;2;135;104;107m██[38;2;139;107;87m██[38;2;159;88;71m██[38;2;88;60;63m██[38;2;140;93;72m██[38;2;228;205;131m██[38;2;163;142;77m██[38;2;220;199;119m██[38;2;226;205;128m██[38;2;105;69;44m  [38;2;0;0;0m    
[38;2;0;0;0m  [38;2;52;53;53m  [38;2;0;0;0m  [38;2;197;133;90m██[38;2;215;196;121m██[38;2;213;143;93m██[38;2;185;122;82m██[38;2;125;87;81m██[38;2;48;27;33m██[38;2;188;179;185m██[38;2;192;190;194m██[38;2;96;69;74m██[38;2;155;122;124m██[38;2;159;97;63m██[38;2;142;111;115m██[38;2;137;106;110m██[38;2;156;144;150m██[38;2;175;169;177m██[38;2;74;51;56m██[38;2;143;112;112m██[38;2;210;143;97m██[38;2;205;143;96m██[38;2;226;207;131m██[38;2;207;147;102m██[38;2;185;121;81m██[38;2;76;43;22m  [38;2;0;0;0m  
[38;2;0;0;0m    [38;2;191;136;102m██[38;2;190;128;86m██[38;2;208;141;101m██[38;2;210;143;91m██[38;2;97;46;17m██[38;2;136;105;108m██[38;2;214;208;212m██[38;2;139;119;110m██[38;2;233;235;237m██[38;2;197;173;177m██[38;2;195;166;169m██[38;2;132;102;103m██[38;2;139;105;109m██[38;2;159;128;129m██[38;2;238;241;244m██[38;2;243;240;239m██[38;2;236;237;240m██[38;2;115;91;95m██[38;2;188;131;92m██[38;2;210;143;93m██[38;2;203;145;99m██[38;2;212;145;101m██[38;2;211;144;99m██[38;2;173;122;95m██[38;2;0;0;0m  
[38;2;0;0;0m      [38;2;84;56;39m  [38;2;145;84;50m██[38;2;212;143;99m██[38;2;205;143;108m██[38;2;181;155;158m██[38;2;232;240;247m██[38;2;237;241;245m██[38;2;223;232;234m██[38;2;228;233;236m██[38;2;160;122;123m██[38;2;138;106;108m██[38;2;157;130;130m██[38;2;231;230;235m██[38;2;237;242;248m██[38;2;241;241;243m██[38;2;237;240;244m██[38;2;133;107;110m██[38;2;139;88;61m██[38;2;195;131;95m██[38;2;127;73;46m██[38;2;208;144;107m██[38;2;136;93;67m  [38;2;0;0;0m  [38;2;70;71;70m  
[38;2;0;0;0m      [38;2;178;126;90m██[38;2;204;141;103m██[38;2;142;92;75m██[38;2;131;93;92m██[38;2;227;214;221m██[38;2;187;164;168m██[38;2;146;112;116m██[38;2;149;116;115m██[38;2;162;124;125m██[38;2;165;134;133m██[38;2;146;110;103m██[38;2;162;127;125m██[38;2;162;124;125m██[38;2;116;84;85m██[38;2;93;68;71m██[38;2;159;183;192m██[38;2;198;189;194m██[38;2;213;144;96m██[38;2;166;100;56m██[38;2;188;129;94m██[38;2;175;121;92m██[38;2;0;0;0m      
[38;2;0;0;0m        [38;2;136;75;33m██[38;2;205;170;158m██[38;2;150;117;111m██[38;2;161;124;123m██[38;2;165;128;124m██[38;2;240;217;198m██[38;2;238;216;195m██[38;2;237;216;196m██[38;2;238;216;196m██████[38;2;238;216;197m██[38;2;239;216;198m██[38;2;195;167;158m██[38;2;159;124;123m██[38;2;161;124;124m██[38;2;204;172;163m██[38;2;164;131;121m██[38;2;155;97;62m██[38;2;104;47;18m██[38;2;165;113;85m██[38;2;0;0;0m    
[38;2;0;0;0m          [38;2;207;171;155m██[38;2;139;105;91m██[38;2;241;216;197m██[38;2;242;220;203m██[38;2;237;216;203m██[38;2;238;216;195m██[38;2;242;237;240m██[38;2;239;236;238m██[38;2;229;228;228m██[38;2;237;239;241m██[38;2;238;215;200m██[38;2;236;217;199m██[38;2;238;216;195m██[38;2;236;216;196m██[38;2;162;128;125m██[38;2;203;171;160m██[38;2;208;172;156m██[38;2;101;53;25m██[38;2;0;0;0m        
[38;2;0;0;0m        [38;2;14;14;14m  [38;2;191;162;155m██[38;2;205;173;161m██[38;2;238;216;195m██[38;2;236;216;195m██[38;2;238;216;195m██[38;2;238;217;204m██[38;2;244;240;245m██[38;2;238;239;242m██[38;2;236;240;243m██[38;2;238;239;243m██[38;2;206;203;208m██[38;2;236;216;194m██[38;2;237;216;196m██[38;2;237;219;201m██[38;2;207;185;170m██[38;2;204;170;156m██[38;2;118;86;83m██[38;2;0;0;0m  [38;2;167;172;169m██[38;2;0;0;0m      
[38;2;0;0;0m        [38;2;102;103;102m  [38;2;0;0;0m  [38;2;224;195;173m██[38;2;151;126;111m██[38;2;235;220;205m██[38;2;238;216;195m██[38;2;175;163;164m██[38;2;239;238;241m██[38;2;207;193;186m██[38;2;207;194;188m██[38;2;237;239;240m██[38;2;234;230;234m██[38;2;220;198;186m██[38;2;239;216;195m██[38;2;238;216;196m██[38;2;224;198;180m██[38;2;239;217;200m██[38;2;0;0;0m            
[38;2;0;0;0m            [38;2;198;133;91m██[38;2;137;68;32m██[38;2;235;213;194m██[38;2;226;203;182m██[38;2;186;180;185m██[38;2;235;217;197m██[38;2;222;194;176m██[38;2;230;206;188m██[38;2;233;211;192m██[38;2;236;239;240m██[38;2;183;166;156m██[38;2;238;216;199m██[38;2;239;216;199m██[38;2;184;122;79m██[38;2;208;143;99m██[38;2;0;0;0m  [38;2;18;19;18m  [38;2;0;0;0m        
[38;2;0;0;0m        [38;2;41;42;41m  [38;2;0;0;0m    [38;2;31;22;19m  [38;2;211;141;95m██[38;2;222;204;186m██[38;2;237;215;193m██[38;2;237;215;192m██[38;2;146;109;94m██[38;2;199;165;147m██[38;2;239;215;197m██[38;2;237;215;194m██[38;2;237;217;198m██[38;2;238;221;200m██[38;2;160;95;55m██[38;2;104;62;37m██[38;2;0;0;0m  [38;2;34;37;32m  [38;2;0;0;0m          
[38;2;0;0;0m        [38;2;2;2;2m  [38;2;48;50;46m  [38;2;48;48;47m  [38;2;0;0;0m    [38;2;109;79;68m  [38;2;234;211;196m██[38;2;237;216;194m██[38;2;239;214;194m██[38;2;208;180;160m██[38;2;237;214;193m██[38;2;237;214;194m██[38;2;238;214;196m██[38;2;204;141;96m██[38;2;45;19;11m  [38;2;0;0;0m    [38;2;63;64;61m  [38;2;0;0;0m          
[38;2;0;0;0m                    [38;2;205;170;151m██[38;2;29;4;3m██[38;2;227;206;196m██[38;2;237;216;197m██[38;2;178;156;146m██[38;2;192;159;150m██[38;2;207;169;151m██[38;2;0;0;0m                    
[38;2;0;0;0m        [38;2;4;3;1m  [38;2;215;186;102m██[38;2;0;0;0m      [38;2;116;109;114m██[38;2;185;180;186m██[38;2;182;181;183m██[38;2;179;181;184m██[38;2;175;172;179m██[38;2;183;179;185m██[38;2;184;182;192m██[38;2;153;153;162m██[38;2;100;98;103m  [38;2;0;0;0m              [38;2;51;51;47m  [38;2;0;0;0m  
[38;2;0;0;0m  [38;2;31;31;30m  [38;2;0;0;0m  [38;2;215;184;108m██[38;2;217;186;103m████[38;2;221;223;222m██[38;2;208;181;121m██[38;2;190;129;67m██[38;2;34;19;16m██[38;2;29;18;14m██[38;2;30;17;15m██[38;2;175;175;181m██[38;2;174;171;179m██[38;2;35;30;34m██[38;2;29;19;14m██[38;2;30;18;13m██[38;2;33;16;11m██[38;2;187;131;74m██[38;2;14;7;4m  [38;2;38;35;32m  [38;2;218;224;227m██[38;2;180;166;142m██[38;2;219;187;104m██[38;2;111;96;63m  [38;2;0;0;0m  [38;2;71;70;66m  
[38;2;0;0;0m    [38;2;211;184;107m██[38;2;212;182;100m██████[38;2;213;183;101m████[38;2;182;131;73m██[38;2;61;50;40m██[38;2;29;18;13m████[38;2;181;178;184m██[38;2;166;164;172m██[38;2;30;19;19m██[38;2;29;18;13m██[38;2;29;18;10m██[38;2;59;49;38m██[38;2;174;122;74m██[38;2;197;156;86m██[38;2;212;182;103m██[38;2;215;184;100m██[38;2;210;183;108m██[38;2;213;183;101m████[38;2;190;165;98m██[38;2;0;0;0m  
[38;2;42;42;41m  [38;2;85;68;35m██[38;2;207;178;98m██[38;2;207;177;97m██[38;2;207;178;98m██████[38;2;208;179;99m██[38;2;128;102;54m██[38;2;36;26;21m██[38;2;28;17;13m██[38;2;27;16;12m██[38;2;106;98;99m██[38;2;88;80;82m██[38;2;27;16;15m██[38;2;25;14;9m██[38;2;28;17;13m██[38;2;30;18;12m██[38;2;58;36;15m██[38;2;208;179;99m██[38;2;207;178;98m██████████[38;2;206;177;97m██[38;2;77;62;26m██
[38;2;0;0;0m  [38;2;201;173;93m████[38;2;209;203;204m██[38;2;202;173;95m██████[38;2;202;173;97m██[38;2;58;40;23m██[38;2;29;21;13m██[38;2;56;45;38m██[38;2;28;17;13m██[38;2;30;19;17m██[38;2;109;104;119m██[38;2;28;17;11m██[38;2;26;17;12m██[38;2;27;17;13m██[38;2;56;46;37m██[38;2;36;18;12m██[38;2;203;174;96m████[38;2;202;174;96m██[38;2;202;173;95m████[38;2;197;170;97m██[38;2;201;173;95m██[38;2;203;174;97m██
[38;2;0;0;0m  [38;2;198;169;90m██[38;2;200;203;207m██[38;2;169;166;163m██[38;2;197;169;93m██[38;2;198;170;93m██[38;2;197;169;93m██[38;2;198;170;94m██[38;2;56;45;35m██[38;2;56;46;36m██[38;2;40;30;24m██[38;2;56;45;38m██[38;2;62;54;55m██[38;2;101;105;122m██[38;2;28;18;16m██[38;2;35;25;18m██[38;2;48;38;31m██[38;2;55;44;36m██[38;2;56;45;35m██[38;2;197;169;93m██[38;2;196;169;92m██[38;2;195;169;92m██[38;2;197;169;93m████[38;2;191;171;96m██[38;2;199;199;201m██[38;2;198;170;92m██
[38;2;0;0;0m  [38;2;192;164;92m██[38;2;174;168;152m██[38;2;151;146;138m██[38;2;192;163;91m██[38;2;192;165;90m██[38;2;138;121;100m██[38;2;195;165;87m██[38;2;53;44;34m██[38;2;54;44;34m████[38;2;46;36;29m██[38;2;54;44;34m██[38;2;34;24;17m██[38;2;55;44;35m██[38;2;54;44;34m██████[38;2;57;44;38m██[38;2;192;165;90m████[38;2;140;124;97m██[38;2;192;165;90m████[38;2;191;165;91m██[38;2;196;198;197m██[38;2;152;141;118m██
[38;2;88;78;53m  [38;2;186;160;87m██[38;2;187;160;88m██[38;2;146;124;73m██[38;2;140;95;45m██[38;2;179;158;90m██[38;2;175;172;167m██[38;2;188;164;87m██[38;2;52;43;33m██[38;2;53;44;34m██[38;2;52;43;33m██[38;2;53;43;33m██[38;2;52;43;33m██████████[38;2;95;88;85m██[38;2;189;186;186m██[38;2;188;160;87m██[38;2;186;160;89m██[38;2;190;192;195m██[38;2;187;160;88m██[38;2;181;145;83m██[38;2;188;160;87m██[38;2;154;135;90m██[38;2;189;161;90m██[0m
