
[38;2;0;0;0m                      [38;2;246;217;97m██[38;2;246;217;91m██[38;2;247;218;92m██[38;2;247;217;94m██[38;2;247;216;105m██[38;2;236;198;93m██[38;2;239;212;120m  [38;2;0;0;0m                        
[38;2;0;0;0m                [38;2;249;215;90m██[38;2;244;216;89m██[38;2;246;211;98m██[38;2;248;217;95m██[38;2;247;218;95m██[38;2;247;217;91m██[38;2;248;217;95m██[38;2;247;201;99m██[38;2;249;216;99m██[38;2;247;211;95m██[38;2;246;218;97m██[38;2;248;218;101m██[38;2;195;172;100m  [38;2;0;0;0m                  
[38;2;0;0;0m                [38;2;249;214;96m██[38;2;242;197;93m██[38;2;247;217;93m██[38;2;247;218;95m██[38;2;247;218;92m██[38;2;247;218;95m██[38;2;248;217;95m██[38;2;248;215;94m██[38;2;235;169;82m██[38;2;246;213;90m██[38;2;224;182;74m██[38;2;247;213;91m██[38;2;247;218;95m██[38;2;0;0;0m                  
[38;2;0;0;0m            [38;2;244;210;111m██[38;2;248;219;94m██[38;2;244;215;93m██[38;2;236;174;89m██[38;2;248;218;90m██[38;2;246;217;91m██[38;2;247;218;92m██[38;2;246;220;96m██[38;2;248;219;96m██[38;2;248;212;91m██[38;2;222;160;84m██[38;2;247;211;98m██[38;2;242;210;93m██[38;2;231;174;90m██[38;2;247;211;100m██[38;2;247;218;105m██[38;2;0;0;0m                
[38;2;0;0;0m            [38;2;247;216;99m██[38;2;248;219;96m██[38;2;242;213;90m██[38;2;230;171;87m██[38;2;248;213;96m██[38;2;246;216;98m██[38;2;246;217;96m██[38;2;247;218;95m██[38;2;248;213;96m██[38;2;246;218;97m██[38;2;248;211;102m██[38;2;247;210;97m██[38;2;247;218;92m██[38;2;245;214;96m██[38;2;235;170;83m██[38;2;245;215;97m██[38;2;0;0;0m                
[38;2;0;0;0m            [38;2;246;217;96m██[38;2;247;220;93m██[38;2;241;210;97m██[38;2;235;180;85m██[38;2;248;207;97m██[38;2;247;218;102m██[38;2;245;216;95m██[38;2;246;215;100m██[38;2;235;173;104m██[38;2;246;194;93m██[38;2;247;204;102m██[38;2;244;214;94m██[38;2;248;219;96m██[38;2;245;219;91m██[38;2;242;201;105m██[38;2;249;213;105m██[38;2;243;220;135m██[38;2;0;0;0m              
[38;2;0;0;0m          [38;2;92;92;92m  [38;2;241;156;94m██[38;2;242;154;96m██[38;2;230;158;115m██[38;2;238;155;102m██[38;2;239;195;109m██[38;2;246;214;106m██[38;2;247;215;107m██[38;2;236;195;119m██[38;2;225;148;100m██[38;2;239;155;106m██[38;2;240;155;94m██[38;2;247;218;95m██[38;2;249;220;99m██[38;2;246;217;97m██[38;2;246;215;98m██[38;2;231;178;87m██[38;2;246;222;107m██[38;2;0;0;0m              
[38;2;0;0;0m          [38;2;240;171;126m██[38;2;237;153;95m██[38;2;232;147;103m██[38;2;208;138;93m██[38;2;216;140;80m██[38;2;198;137;79m██[38;2;247;199;111m██[38;2;236;167;91m██[38;2;247;209;115m██[38;2;210;138;77m██[38;2;214;130;87m██[38;2;240;158;113m██[38;2;246;214;95m██[38;2;247;217;99m██[38;2;247;218;95m██[38;2;248;218;109m██[38;2;245;205;108m██[38;2;240;161;97m██[38;2;170;106;83m  [38;2;0;0;0m            
[38;2;0;0;0m  [38;2;229;203;188m██[38;2;246;221;194m██[38;2;0;0;0m  [38;2;129;90;70m  [38;2;230;139;84m██[38;2;239;154;95m██[38;2;227;160;128m██[38;2;222;150;81m██[38;2;249;213;104m██[38;2;247;211;170m██[38;2;228;142;83m██[38;2;245;159;111m██[38;2;234;202;140m██[38;2;245;215;97m██[38;2;238;162;106m██[38;2;202;133;101m██[38;2;235;159;105m██[38;2;242;158;104m██[38;2;245;156;94m██[38;2;238;155;96m██[38;2;239;160;103m██[38;2;240;157;108m██[38;2;212;129;78m██[38;2;233;165;134m██[38;2;0;0;0m          
[38;2;103;91;86m██[38;2;248;212;179m██[38;2;238;204;171m██[38;2;242;210;180m██[38;2;71;60;51m  [38;2;218;135;89m██[38;2;219;146;105m██[38;2;223;153;106m██[38;2;220;146;90m██[38;2;238;202;164m██[38;2;242;218;174m██[38;2;241;155;97m██[38;2;241;162;115m██[38;2;246;216;174m██[38;2;243;205;153m██[38;2;236;152;101m██[38;2;246;204;171m██[38;2;230;150;104m██[38;2;239;155;103m██[38;2;243;157;99m██[38;2;245;158;110m██[38;2;245;158;108m██[38;2;237;153;100m██[38;2;130;83;58m  [38;2;224;168;135m██[38;2;0;0;0m          
[38;2;246;219;193m██[38;2;237;205;170m██[38;2;228;183;152m██[38;2;243;209;179m██[38;2;39;0;0m  [38;2;71;67;65m  [38;2;225;155;119m██[38;2;247;207;170m██[38;2;166;131;107m██[38;2;90;66;61m██[38;2;248;216;179m██[38;2;221;163;120m██[38;2;228;172;136m██[38;2;102;69;50m██[38;2;84;59;54m██[38;2;245;210;187m██[38;2;247;210;174m██[38;2;225;169;132m██[38;2;242;156;106m██[38;2;242;156;99m██[38;2;228;141;92m██[38;2;242;156;99m██[38;2;203;124;79m██[38;2;237;156;105m██[38;2;200;144;114m██[38;2;0;0;0m          
[38;2;76;69;69m  [38;2;248;217;183m██[38;2;245;217;182m██[38;2;235;202;185m██[38;2;98;80;78m██[38;2;100;73;57m██[38;2;223;135;90m██[38;2;171;135;116m██[38;2;152;118;109m██[38;2;243;206;173m██[38;2;246;219;178m██[38;2;246;220;178m██[38;2;247;219;178m██[38;2;245;215;175m██[38;2;240;208;181m██[38;2;84;62;62m██[38;2;75;62;69m██[38;2;248;212;175m██[38;2;246;157;101m██[38;2;241;155;98m██[38;2;201;116;65m██[38;2;221;135;86m██[38;2;241;153;97m██[38;2;229;164;126m██[38;2;0;0;0m            
[38;2;0;0;0m  [38;2;212;205;205m██[38;2;239;215;197m██[38;2;228;220;211m██[38;2;109;82;74m██[38;2;126;72;55m██[38;2;236;154;100m██[38;2;244;191;150m██[38;2;246;192;149m██[38;2;246;206;165m██[38;2;246;216;176m██[38;2;246;221;183m██[38;2;246;220;180m██[38;2;247;218;177m██[38;2;248;209;170m██[38;2;242;193;148m██[38;2;245;191;148m██[38;2;248;209;168m██[38;2;238;157;100m██[38;2;236;149;99m██[38;2;232;175;146m██[38;2;235;157;107m██[38;2;241;158;99m██[38;2;0;0;0m              
[38;2;0;0;0m  [38;2;95;82;88m██[38;2;225;219;215m██[38;2;97;84;77m██[38;2;91;80;70m██[38;2;236;143;95m██[38;2;61;45;40m██[38;2;248;188;151m██[38;2;247;188;145m██[38;2;247;202;165m██[38;2;241;231;223m██[38;2;244;237;223m██[38;2;240;232;225m██[38;2;215;181;159m██[38;2;249;202;162m██[38;2;246;187;145m██[38;2;245;186;142m██[38;2;248;203;164m██[38;2;246;217;177m██[38;2;214;164;137m██[38;2;224;170;138m██[38;2;226;153;112m██[38;2;241;157;102m██[38;2;146;146;146m  [38;2;0;0;0m            
[38;2;0;0;0m  [38;2;189;140;121m██[38;2;92;82;80m██[38;2;89;78;78m██[38;2;91;61;55m██[38;2;242;131;71m██[38;2;250;142;89m██[38;2;243;193;163m██[38;2;247;202;163m██[38;2;246;209;167m██[38;2;121;73;77m██[38;2;180;101;99m██[38;2;187;105;98m██[38;2;189;121;112m██[38;2;246;209;169m██[38;2;245;201;157m██[38;2;245;200;155m██[38;2;245;209;171m██[38;2;245;214;180m██[38;2;247;213;181m██[38;2;249;215;182m██[38;2;240;155;104m██[38;2;0;0;0m                
[38;2;129;82;52m██[38;2;210;187;171m██[38;2;95;78;69m██[38;2;96;64;54m██[38;2;225;129;91m██[38;2;241;126;66m██[38;2;245;132;75m██[38;2;210;131;84m██[38;2;245;216;171m██[38;2;249;215;183m██[38;2;189;125;105m██[38;2;228;135;112m██[38;2;229;136;115m██[38;2;246;194;170m██[38;2;246;215;181m██[38;2;216;179;146m██[38;2;234;201;162m██[38;2;248;212;179m██[38;2;244;210;183m██[38;2;239;206;173m██[38;2;235;158;108m██[38;2;0;0;0m                  
[38;2;238;150;108m██[38;2;213;190;177m██[38;2;229;138;90m██[38;2;235;133;77m██[38;2;238;221;204m██[38;2;214;147;97m██[38;2;248;144;75m██[38;2;249;153;75m██[38;2;232;204;185m██[38;2;244;213;179m██[38;2;242;215;177m██[38;2;229;146;120m██[38;2;217;139;118m██[38;2;246;216;180m██[38;2;243;209;176m██[38;2;245;209;178m██[38;2;233;194;162m██[38;2;218;151;123m██[38;2;236;158;100m██[38;2;177;114;78m██[38;2;0;0;0m                    
[38;2;222;143;107m██[38;2;221;135;86m██[38;2;241;126;66m██[38;2;233;120;55m██[38;2;225;142;102m██[38;2;234;148;97m██[38;2;251;143;70m██[38;2;246;161;78m██[38;2;246;217;171m██[38;2;232;207;161m██[38;2;215;167;118m██[38;2;245;207;173m██[38;2;248;212;178m██[38;2;240;207;175m██[38;2;113;80;76m██[38;2;244;209;176m██[38;2;247;214;180m██[38;2;126;70;39m██[38;2;243;138;79m██[38;2;117;86;72m██[38;2;0;0;0m                    
[38;2;224;128;82m██[38;2;241;133;75m██[38;2;239;119;61m██[38;2;231;116;57m██[38;2;213;95;63m██[38;2;235;117;76m██[38;2;246;149;73m██[38;2;249;171;72m██[38;2;246;192;81m██[38;2;238;180;85m██[38;2;247;188;89m██[38;2;103;70;59m██[38;2;182;171;172m██[38;2;190;181;181m██[38;2;81;64;65m██[38;2;245;209;176m██[38;2;245;217;182m██[38;2;227;200;188m██[38;2;243;143;88m██[38;2;238;233;222m██[38;2;218;154;123m██[38;2;84;54;48m██[38;2;226;180;145m██[38;2;248;143;78m██[38;2;248;147;80m██[38;2;244;154;81m██[38;2;189;140;110m██[38;2;0;0;0m      
[38;2;246;141;81m██[38;2;235;160;124m██[38;2;227;169;130m██[38;2;236;119;60m██[38;2;232;106;68m██[38;2;215;108;77m██[38;2;219;161;106m██[38;2;247;181;78m██[38;2;248;197;90m██[38;2;233;224;191m██[38;2;246;194;94m██[38;2;67;58;59m██[38;2;78;70;90m██[38;2;118;107;120m██[38;2;80;70;69m██[38;2;201;170;148m██[38;2;240;208;190m██[38;2;210;194;187m██[38;2;208;125;82m██[38;2;230;121;72m██[38;2;211;98;60m██[38;2;230;152;101m██[38;2;234;224;216m██[38;2;231;174;140m██[38;2;248;144;81m██[38;2;241;225;211m██[38;2;231;149;88m██[38;2;248;147;79m██[38;2;34;34;34m  [38;2;0;0;0m  
[38;2;249;140;75m██[38;2;235;142;101m██[38;2;208;152;120m██[38;2;247;140;79m██[38;2;232;113;62m██[38;2;209;108;81m██[38;2;204;199;173m██[38;2;229;191;129m██[38;2;210;178;132m██[38;2;206;178;111m██[38;2;118;85;60m██[38;2;90;79;78m██[38;2;89;82;86m██[38;2;115;96;101m██[38;2;213;166;94m██[38;2;109;77;76m██[38;2;97;79;80m██[38;2;97;78;81m██[38;2;236;133;73m██[38;2;217;104;64m██[38;2;250;134;69m██[38;2;251;143;73m██[38;2;250;143;81m██[38;2;246;142;77m██[38;2;249;136;79m██[38;2;241;229;218m██[38;2;235;228;212m██[38;2;239;143;92m██[38;2;236;129;79m██[38;2;0;0;0m  
[38;2;241;126;74m██[38;2;242;130;71m██[38;2;251;140;79m██[38;2;251;137;72m██[38;2;249;134;75m██[38;2;225;110;72m██[38;2;214;119;84m██[38;2;233;159;89m██[38;2;247;197;94m██[38;2;217;177;106m██[38;2;87;83;75m██[38;2;87;75;74m██[38;2;214;203;201m██[38;2;180;151;109m██[38;2;200;159;113m██[38;2;191;132;107m██[38;2;79;68;59m██[38;2;81;59;50m██[38;2;248;131;78m██[38;2;247;134;82m██[38;2;235;118;61m██[38;2;246;133;79m██[38;2;243;143;80m██[38;2;249;137;77m██[38;2;249;138;78m██[38;2;227;120;59m██[38;2;247;139;78m██[38;2;243;136;79m██[38;2;137;86;74m██[38;2;0;0;0m  
[38;2;246;137;73m██[38;2;251;136;77m██[38;2;246;131;76m██[38;2;252;138;67m██[38;2;250;136;73m██[38;2;247;130;74m██[38;2;225;122;81m██[38;2;214;140;72m██[38;2;243;185;87m██[38;2;94;83;74m██[38;2;85;79;76m██[38;2;80;74;73m██[38;2;127;122;138m██[38;2;105;88;87m██[38;2;176;153;136m██[38;2;216;137;86m██[38;2;199;182;170m██[38;2;116;66;47m██[38;2;246;135;70m██[38;2;233;117;62m██[38;2;245;141;79m██[38;2;245;216;198m██[38;2;244;220;200m██[38;2;241;130;67m██[38;2;250;139;82m██[38;2;249;139;78m██[38;2;251;145;72m██[38;2;239;154;107m██[38;2;0;0;0m    
[38;2;248;142;80m██[38;2;236;124;60m██[38;2;249;140;77m██[38;2;248;143;73m██[38;2;245;225;211m██[38;2;244;150;87m██[38;2;248;151;83m██[38;2;245;168;82m██[38;2;137;116;97m██[38;2;88;84;78m██[38;2;80;74;72m██[38;2;69;64;63m██[38;2;176;166;181m██[38;2;75;64;65m██[38;2;88;79;78m██[38;2;200;174;159m██[38;2;215;129;91m██[38;2;217;182;161m██[38;2;227;132;87m██[38;2;250;138;80m██[38;2;238;122;64m██[38;2;246;142;90m██[38;2;222;151;105m██[38;2;249;141;80m██[38;2;240;128;64m██[38;2;250;138;76m██[38;2;225;134;90m██[38;2;0;0;0m      
[38;2;238;224;209m██[38;2;232;146;94m██[38;2;248;138;71m██[38;2;245;141;73m██[38;2;244;224;207m██[38;2;236;223;209m██[38;2;218;123;67m██[38;2;220;185;158m██[38;2;93;82;75m██[38;2;92;83;76m██[38;2;88;82;79m██[38;2;84;75;78m██[38;2;179;169;192m██[38;2;89;82;80m██[38;2;86;79;79m██[38;2;148;136;135m██[38;2;200;122;76m██[38;2;187;97;65m██[38;2;212;139;96m██[38;2;245;135;69m██[38;2;244;131;76m██[38;2;248;136;76m██[38;2;248;139;75m██[38;2;244;139;71m██[38;2;249;139;80m██[38;2;227;122;83m██[38;2;62;49;48m  [38;2;0;0;0m      
[38;2;247;212;190m██[38;2;233;146;88m██[38;2;249;140;68m██[38;2;249;140;73m██[38;2;247;141;77m██[38;2;249;145;82m██[38;2;214;158;123m██[38;2;207;191;177m██[38;2;206;187;182m██[38;2;218;214;208m██[38;2;174;167;171m██[38;2;210;210;210m██[38;2;200;194;194m██[38;2;210;205;203m██[38;2;190;184;190m██[38;2;185;176;169m██[38;2;215;196;187m██[38;2;243;134;78m██[38;2;248;138;79m██[38;2;241;209;184m██[38;2;222;137;89m██[38;2;241;136;88m██[38;2;241;130;74m██[38;2;224;134;89m██[38;2;241;146;84m██[38;2;246;142;77m██[38;2;248;142;78m██[38;2;238;154;102m██[38;2;0;0;0m    
[38;2;243;151;95m██[38;2;235;130;65m██[38;2;249;141;79m██[38;2;249;138;66m██[38;2;249;138;78m██[38;2;224;146;117m██[38;2;209;193;182m██[38;2;205;193;179m██[38;2;210;192;187m██[38;2;217;218;212m██[38;2;179;178;182m██[38;2;178;178;180m██[38;2;174;172;178m██[38;2;212;210;217m██[38;2;193;191;194m██[38;2;207;202;203m██[38;2;209;198;198m██[38;2;218;200;193m██[38;2;246;131;74m██[38;2;236;139;103m██[38;2;246;206;174m██[38;2;246;141;70m██[38;2;250;136;71m██[38;2;240;200;182m██[38;2;234;234;216m██[38;2;244;139;71m██[38;2;248;139;74m██[38;2;248;145;78m██[38;2;200;117;86m██[38;2;0;0;0m  
[38;2;0;0;0m  [38;2;60;54;54m  [38;2;204;129;92m██[38;2;241;143;82m██[38;2;181;92;54m██[38;2;211;193;181m██[38;2;209;193;180m██[38;2;204;188;173m██[38;2;88;81;78m██[38;2;89;84;79m██[38;2;93;82;84m██[38;2;85;78;78m██[38;2;87;80;80m██[38;2;86;79;79m██[38;2;83;77;77m██[38;2;88;81;81m██[38;2;87;80;80m██[38;2;88;82;83m██[38;2;91;79;89m██[38;2;221;141;93m██[38;2;247;135;75m██[38;2;250;137;76m██[38;2;249;139;75m██[38;2;246;141;76m██[38;2;240;230;217m██[38;2;248;147;79m██[38;2;251;142;74m██[38;2;247;145;71m██[38;2;219;147;96m██[38;2;43;41;39m  
[38;2;0;0;0m        [38;2;202;184;177m██[38;2;209;191;178m██[38;2;206;194;183m██[38;2;163;145;138m██[38;2;88;82;79m██[38;2;92;83;74m██[38;2;87;81;77m██[38;2;92;81;82m██[38;2;92;82;80m██[38;2;87;81;77m██[38;2;87;80;80m██[38;2;86;76;77m██[38;2;93;81;79m██[38;2;90;83;76m██[38;2;92;82;80m██[38;2;118;109;127m██[38;2;146;127;152m██[38;2;193;136;123m██[38;2;243;142;88m██[38;2;249;141;73m██[38;2;247;143;81m██[38;2;246;146;71m██[38;2;249;140;76m██[38;2;243;226;202m██[38;2;236;233;219m██[38;2;244;143;78m██
[38;2;0;0;0m      [38;2;99;99;99m  [38;2;207;196;185m██[38;2;209;192;182m██[38;2;202;191;174m██[38;2;95;82;85m██[38;2;86;81;77m██[38;2;93;83;80m██[38;2;88;82;79m██[38;2;89;82;80m██[38;2;89;83;80m██[38;2;86;80;76m██[38;2;88;82;80m██[38;2;84;78;76m██[38;2;94;82;77m██[38;2;93;83;81m██[38;2;89;82;80m██[38;2;94;84;80m██[38;2;156;154;179m██[38;2;179;175;195m██[38;2;160;151;167m██[38;2;214;193;183m██[38;2;64;59;56m  [38;2;247;144;79m██[38;2;249;140;83m██[38;2;250;141;72m██[38;2;241;203;182m██[38;2;246;143;82m██[0m
