
[38;2;212;212;212m    [38;2;215;215;215m  [38;2;137;137;137m  [38;2;0;0;0m  [38;2;11;9;8m██[38;2;186;153;132m██[38;2;176;146;126m██[38;2;222;182;157m██[38;2;221;181;156m██[38;2;226;185;160m██[38;2;184;155;134m██[38;2;0;0;0m██[38;2;114;114;114m  [38;2;202;202;202m  [38;2;212;212;212m        [38;2;208;208;208m    [38;2;0;0;0m  [38;2;253;253;253m██[38;2;255;255;255m████████[38;2;171;171;171m██[38;2;0;0;0m    
[38;2;213;213;213m    [38;2;215;215;215m  [38;2;0;0;0m██[38;2;161;138;120m██[38;2;194;161;140m██[38;2;201;165;143m██[38;2;222;181;156m██[38;2;221;181;156m████████[38;2;224;184;158m██[38;2;43;35;31m██[38;2;155;155;155m  [38;2;212;212;212m        [38;2;181;181;181m  [38;2;47;47;47m  [38;2;244;244;244m██[38;2;255;255;255m████████████[38;2;202;202;202m██[38;2;0;0;0m  
[38;2;197;197;197m    [38;2;0;0;0m  [38;2;183;165;143m██[38;2;205;180;155m██[38;2;218;188;162m██[38;2;220;180;156m██[38;2;221;181;156m████████████[38;2;220;181;156m██[38;2;12;10;9m██[38;2;192;192;192m  [38;2;193;193;193m      [38;2;196;196;196m  [38;2;86;86;86m██[38;2;255;255;255m████████████████[38;2;0;0;0m  
[38;2;191;191;191m  [38;2;47;47;47m  [38;2;125;103;90m██[38;2;194;160;138m██[38;2;224;184;159m██[38;2;159;131;114m██[38;2;221;181;156m████████████████[38;2;239;196;169m██[38;2;0;0;0m  [38;2;174;174;174m      [38;2;43;43;43m  [38;2;255;255;255m██████████████████[38;2;135;135;135m██
[38;2;181;181;181m  [38;2;0;0;0m██[38;2;151;125;108m██[38;2;184;151;130m██[38;2;197;162;140m██[38;2;213;175;151m██[38;2;223;183;157m██[38;2;221;181;156m████████████████[38;2;72;58;50m██[38;2;168;168;168m      [38;2;9;9;9m██[38;2;255;255;255m████████████████████
[38;2;80;80;80m  [38;2;58;48;41m██[38;2;115;95;83m██[38;2;142;117;100m██[38;2;172;142;123m██[38;2;221;182;157m██[38;2;215;177;152m██[38;2;221;181;156m████████████████[38;2;235;193;166m██[38;2;94;94;94m  [38;2;188;188;188m    [38;2;141;141;141m██[38;2;255;255;255m████████████████████
[38;2;0;0;0m  [38;2;191;157;136m██[38;2;192;157;136m██[38;2;194;159;138m██[38;2;207;169;146m██[38;2;227;186;160m██[38;2;214;175;151m██[38;2;221;181;156m██████████████████[38;2;0;0;0m  [38;2;154;154;154m  [38;2;77;77;77m  [38;2;243;243;243m██[38;2;255;255;255m████████████████████
[38;2;0;0;0m██[38;2;112;92;79m██[38;2;95;78;68m██[38;2;98;81;70m██[38;2;128;105;91m██[38;2;229;187;161m██[38;2;226;185;160m██[38;2;236;194;167m██[38;2;215;176;152m██[38;2;199;164;142m██[38;2;204;169;146m██[38;2;222;182;157m████[38;2;238;197;170m██[38;2;226;186;160m██[38;2;233;192;165m██[38;2;3;2;1m██[38;2;129;129;129m  [38;2;29;29;29m  [38;2;255;255;255m██████████████████████
[38;2;0;0;0m██[38;2;204;172;148m██[38;2;210;172;149m██[38;2;215;176;152m██[38;2;219;179;155m██[38;2;221;181;156m██[38;2;228;187;161m██[38;2;245;205;177m██[38;2;241;202;175m██[38;2;253;211;181m██[38;2;238;197;169m██[38;2;221;181;156m██[38;2;223;182;157m██[38;2;236;194;167m██[38;2;192;164;140m██[38;2;249;207;178m██[38;2;61;50;43m██[38;2;67;67;67m  [38;2;0;0;0m  [38;2;255;255;255m██████[38;2;113;113;113m██[38;2;67;67;67m██[38;2;255;255;255m██[38;2;104;104;104m██[38;2;255;255;255m██[38;2;63;63;63m██[38;2;255;255;255m████
[38;2;0;0;0m██[38;2;75;62;54m██[38;2;157;130;112m██[38;2;210;172;149m██[38;2;221;181;156m████[38;2;72;73;74m██[38;2;239;239;239m██[38;2;198;198;198m██[38;2;255;255;255m██[38;2;176;145;125m██[38;2;222;182;157m██[38;2;91;81;74m██[38;2;255;255;255m████[38;2;55;56;57m██[38;2;96;79;68m██[38;2;170;170;170m  [38;2;0;0;0m  [38;2;255;255;255m████[38;2;26;26;26m██[38;2;133;133;133m██[38;2;165;165;165m██[38;2;109;109;109m██[38;2;0;0;0m██[38;2;19;19;19m██[38;2;118;118;118m██[38;2;255;255;255m████
[38;2;10;8;7m██[38;2;0;0;0m██[38;2;205;170;146m██[38;2;213;175;151m██[38;2;210;173;149m██[38;2;221;181;156m██[38;2;185;151;129m██[38;2;194;196;197m██[38;2;255;255;255m██[38;2;52;51;49m██[38;2;224;183;158m██[38;2;178;147;127m██[38;2;158;134;116m██[38;2;246;246;246m██[38;2;191;192;192m██[38;2;193;158;137m██[38;2;106;87;75m██[38;2;185;185;185m  [38;2;0;0;0m  [38;2;255;255;255m████[38;2;29;29;29m██[38;2;255;255;255m██[38;2;160;160;160m██[38;2;128;128;128m██[38;2;0;0;0m██[38;2;26;26;26m██[38;2;255;255;255m██████
[38;2;39;33;28m██[38;2;33;27;24m██[38;2;50;41;36m██[38;2;113;94;81m██[38;2;147;121;105m██[38;2;221;181;157m██[38;2;221;181;156m██[38;2;229;187;161m██[38;2;238;197;170m██[38;2;220;180;156m██[38;2;221;181;156m██[38;2;224;183;158m██[38;2;236;193;167m██[38;2;238;198;170m██[38;2;234;192;166m██[38;2;221;181;156m██[38;2;115;94;81m██[38;2;25;25;25m  [38;2;0;0;0m  [38;2;255;255;255m████[38;2;0;0;0m██[38;2;125;125;125m██[38;2;1;1;1m██[38;2;255;255;255m██[38;2;0;0;0m██[38;2;179;179;179m██[38;2;0;0;0m██[38;2;255;255;255m████
[38;2;167;139;119m██[38;2;82;71;62m██[38;2;195;170;146m██[38;2;183;153;132m██[38;2;176;145;125m██[38;2;208;171;148m██[38;2;221;181;156m██████████[38;2;238;197;169m██[38;2;221;182;157m██[38;2;221;181;156m██████[38;2;117;96;83m██[38;2;12;12;12m  [38;2;66;66;66m██[38;2;255;255;255m████[38;2;163;163;163m██[38;2;102;102;102m██[38;2;255;255;255m████[38;2;87;87;87m██[38;2;255;255;255m████████
[38;2;216;177;153m██[38;2;75;62;54m██[38;2;239;197;170m██[38;2;221;181;156m██[38;2;222;182;157m██[38;2;221;181;156m██[38;2;213;175;151m██[38;2;221;181;156m██████████[38;2;120;98;85m██[38;2;221;181;156m██████[38;2;108;88;76m██[38;2;139;139;139m  [38;2;114;114;114m  [38;2;190;190;190m██[38;2;255;255;255m████████████████████
[38;2;167;150;134m██[38;2;144;132;123m██[38;2;194;170;147m██[38;2;199;163;141m██[38;2;213;175;151m██[38;2;221;181;156m██[38;2;228;187;161m██[38;2;221;181;156m██████████[38;2;206;170;147m██[38;2;221;181;156m██████[38;2;85;68;59m██[38;2;106;106;106m    [38;2;116;116;116m██[38;2;255;255;255m████████████████████
[38;2;2;1;1m██[38;2;68;56;49m██[38;2;140;115;100m██[38;2;161;132;115m██[38;2;194;159;138m██[38;2;221;181;156m██[38;2;228;187;161m██[38;2;221;181;156m██████████████████[38;2;14;10;7m██[38;2;147;147;147m    [38;2;14;14;14m██[38;2;255;255;255m██████████████████[38;2;199;199;199m██
[38;2;156;156;156m  [38;2;5;4;3m██[38;2;10;8;7m██[38;2;166;148;129m██[38;2;181;163;141m██[38;2;200;174;150m██[38;2;220;180;156m██[38;2;221;181;156m██████[38;2;230;188;162m██[38;2;89;73;63m██[38;2;181;148;128m██[38;2;221;181;156m██████[38;2;0;0;0m██[38;2;165;165;165m    [38;2;0;0;0m██[38;2;255;255;255m██████████████████[38;2;59;59;59m██
[38;2;210;210;210m  [38;2;155;155;155m  [38;2;125;125;125m  [38;2;161;133;114m██[38;2;211;173;150m██[38;2;217;178;154m██[38;2;229;188;162m██[38;2;221;181;156m████████████████[38;2;232;190;164m██[38;2;43;43;43m  [38;2;167;167;167m    [38;2;0;0;0m  [38;2;255;255;255m██████████████████[38;2;0;0;0m  
[38;2;211;211;211m  [38;2;168;168;168m  [38;2;189;189;189m  [38;2;0;0;0m██[38;2;149;122;106m██[38;2;173;142;123m██[38;2;205;169;146m██[38;2;216;178;153m██[38;2;221;181;156m██████████████[38;2;27;22;19m██[38;2;185;185;185m      [38;2;92;92;92m  [38;2;218;218;218m██[38;2;255;255;255m██████████████[38;2;137;137;137m██[38;2;0;0;0m  
[38;2;204;204;204m  [38;2;207;207;207m    [38;2;157;157;157m  [38;2;38;32;27m██[38;2;146;120;104m██[38;2;211;174;150m██[38;2;221;181;156m██████████████[38;2;221;186;161m██[38;2;48;48;48m  [38;2;186;186;186m      [38;2;199;199;199m  [38;2;0;0;0m  [38;2;255;255;255m████████████[38;2;210;210;210m██[38;2;0;0;0m    
[38;2;206;206;206m  [38;2;207;207;207m      [38;2;40;40;40m  [38;2;88;72;63m██[38;2;190;157;135m██[38;2;235;193;166m██[38;2;221;181;156m██████████[38;2;237;196;169m██[38;2;0;0;0m  [38;2;205;205;205m    [38;2;210;210;210m  [38;2;113;113;113m  [38;2;209;209;209m    [38;2;0;0;0m  [38;2;107;107;107m██[38;2;255;255;255m██████[38;2;72;72;72m██[38;2;0;0;0m      [0m
