
[38;2;5;0;15m  [38;2;2;0;9m  [38;2;10;0;25m  [38;2;42;39;58m██[38;2;65;64;82m██[38;2;64;63;81m██[38;2;123;124;152m██[38;2;62;61;78m██[38;2;64;63;81m████[38;2;47;46;63m██[38;2;67;66;85m██[38;2;64;63;81m██████████████████████████[38;2;62;61;78m██[38;2;61;60;77m██[38;2;66;65;83m██[38;2;22;22;35m██
[38;2;10;1;26m██[38;2;32;26;48m██[38;2;70;70;87m██[38;2;64;63;81m██[38;2;63;62;80m██[38;2;126;129;156m██[38;2;133;134;163m██[38;2;67;66;85m██[38;2;64;63;81m████[38;2;66;65;84m██[38;2;64;63;81m████████████████████[38;2;64;64;81m██[38;2;64;63;81m████[38;2;63;62;80m██[38;2;120;122;149m██[38;2;140;142;173m██[38;2;63;62;80m██[38;2;66;64;83m██
[38;2;17;11;31m██[38;2;32;30;46m██[38;2;36;36;51m██[38;2;26;26;39m██[38;2;118;121;147m██[38;2;133;135;164m████[38;2;133;136;165m██[38;2;124;125;153m██[38;2;63;62;80m████[38;2;64;63;81m██████[38;2;63;62;80m██[38;2;60;59;76m██[38;2;64;63;81m██████[38;2;59;58;75m██[38;2;78;77;97m██[38;2;43;35;62m██[38;2;85;85;106m██[38;2;69;69;88m██[38;2;135;137;166m██[38;2;133;135;164m████[38;2;105;106;131m██[38;2;64;63;81m██
[38;2;3;0;11m  [38;2;18;12;32m██[38;2;20;20;32m██[38;2;126;127;155m██[38;2;133;135;164m████████[38;2;138;141;170m██[38;2;140;142;172m██[38;2;134;135;164m██[38;2;100;101;124m██[38;2;71;70;90m██[38;2;75;75;95m██[38;2;97;98;121m██[38;2;142;144;174m██[38;2;87;87;108m██[38;2;111;112;137m██[38;2;134;136;165m██[38;2;137;139;169m██[38;2;133;135;164m██[38;2;16;15;21m██[38;2;133;135;164m██████████[38;2;136;138;168m██[38;2;61;60;78m██
[38;2;11;0;27m  [38;2;30;30;43m██[38;2;99;100;123m██[38;2;71;70;89m██[38;2;97;98;121m██[38;2;125;127;155m██[38;2;135;137;166m██[38;2;133;135;164m██[38;2;55;54;70m██[38;2;133;135;164m██████████[38;2;86;86;107m██[38;2;136;137;167m██[38;2;133;135;164m████████[38;2;134;136;165m██[38;2;21;21;26m██[38;2;133;135;164m██████[38;2;138;140;170m██[38;2;133;135;164m██[38;2;132;134;163m██[38;2;72;71;90m██
[38;2;65;65;82m██[38;2;64;63;81m██████████[38;2;53;51;68m██[38;2;143;145;176m██[38;2;101;102;126m██[38;2;133;135;164m██████████[38;2;65;65;82m██[38;2;134;136;165m██[38;2;133;135;164m████████[38;2;148;151;181m██[38;2;43;37;58m██[38;2;134;136;165m██[38;2;105;105;130m██[38;2;56;55;72m██[38;2;60;59;77m██[38;2;55;53;70m██[38;2;97;97;121m██[38;2;117;118;145m██
[38;2;64;63;81m██████████████[38;2;63;62;79m██[38;2;135;137;166m██[38;2;141;143;174m██[38;2;134;136;166m██[38;2;133;135;164m████[38;2;135;137;166m██[38;2;53;51;68m██[38;2;133;135;164m██████████[38;2;106;105;134m██[38;2;64;64;81m██[38;2;72;72;91m██[38;2;64;63;81m██████████[38;2;62;61;79m██
[38;2;64;63;81m██████████████[38;2;63;62;80m██[38;2;107;108;133m██[38;2;64;63;81m██[38;2;56;55;71m██[38;2;81;81;101m██[38;2;118;119;146m██[38;2;135;137;166m██[38;2;69;68;87m██[38;2;136;138;168m██[38;2;135;137;166m██[38;2;130;131;160m██[38;2;114;115;141m██[38;2;110;112;137m██[38;2;44;37;63m██[38;2;29;30;42m██[38;2;64;63;81m██████████████
[38;2;69;68;86m██[38;2;64;63;81m████████████[38;2;56;53;72m██[38;2;67;66;84m██[38;2;64;63;81m████████[38;2;62;61;79m██[38;2;77;76;97m██[38;2;62;61;78m██[38;2;64;62;80m██[38;2;64;63;81m██[38;2;34;34;48m██[38;2;65;65;82m██[38;2;18;6;26m██[38;2;4;2;12m██[38;2;65;64;83m██[38;2;64;63;81m████████████
[38;2;60;59;76m██[38;2;64;63;81m████████████[38;2;42;37;58m██[38;2;65;64;82m██[38;2;64;63;81m████████[38;2;48;47;63m██[38;2;65;64;82m██[38;2;64;63;81m████[38;2;59;58;76m██[38;2;55;54;72m██[38;2;64;64;82m██[38;2;180;100;109m██[38;2;141;77;88m██[38;2;22;23;34m██[38;2;65;64;82m██████[38;2;64;63;81m██████
[38;2;64;63;81m██████████████[38;2;20;12;35m██[38;2;64;63;81m████████[38;2;68;67;86m██[38;2;24;24;37m██[38;2;64;63;81m████[38;2;68;67;85m██[38;2;22;21;35m██[38;2;66;65;83m██[38;2;4;2;18m██[38;2;236;151;146m██[38;2;224;115;124m██[38;2;10;5;25m██[38;2;46;46;62m██[38;2;68;67;85m████[38;2;64;63;81m██████
[38;2;64;63;81m████████████[38;2;69;68;87m██[38;2;22;14;38m██[38;2;64;63;81m████████[38;2;27;26;40m██[38;2;41;41;57m██[38;2;64;63;81m████[38;2;28;29;40m██[38;2;11;1;24m██[38;2;60;57;77m██[38;2;184;95;108m██[38;2;255;223;190m██[38;2;250;216;185m██[38;2;84;43;62m██[38;2;26;28;39m██[38;2;43;44;58m██[38;2;70;70;87m██[38;2;64;63;81m██████
[38;2;64;63;81m████████████[38;2;32;33;45m██[38;2;37;30;53m██[38;2;64;63;81m██████[38;2;48;48;64m██[38;2;26;27;39m██[38;2;67;66;84m██[38;2;64;63;81m██[38;2;46;45;60m██[38;2;27;12;30m██[38;2;41;39;61m██[38;2;28;8;25m██[38;2;254;231;196m██[38;2;255;217;186m████[38;2;237;136;137m██[38;2;7;4;19m██[38;2;27;29;40m██[38;2;62;61;79m██[38;2;64;63;81m██████
[38;2;2;0;17m██[38;2;64;63;81m████████[38;2;66;65;84m██[38;2;17;11;31m██[38;2;33;26;49m██[38;2;64;63;81m████[38;2;67;66;84m██[38;2;26;27;39m██[38;2;5;3;19m██[38;2;64;63;81m██[38;2;52;52;68m██[38;2;10;4;23m██[38;2;76;41;54m██[38;2;2;0;16m██[38;2;22;18;19m██[38;2;29;23;24m██[38;2;24;19;20m██[38;2;30;23;35m██[38;2;209;202;182m██[38;2;181;100;110m██[38;2;28;29;40m██[38;2;64;63;81m████████
[38;2;29;24;45m██[38;2;64;63;81m████████[38;2;35;35;48m██[38;2;88;46;61m██[38;2;42;37;59m██[38;2;67;67;84m██[38;2;71;71;88m██[38;2;25;25;37m██[38;2;10;2;26m██[38;2;55;52;71m██[38;2;52;52;67m██[38;2;15;4;25m██[38;2;67;30;46m██[38;2;2;0;8m██[38;2;255;234;199m██[38;2;255;218;187m██[38;2;255;217;186m██[38;2;255;218;186m██[38;2;255;223;191m██[38;2;247;230;196m██[38;2;147;117;108m██[38;2;8;3;23m██[38;2;66;66;83m██[38;2;64;63;81m██████
[38;2;51;48;68m██[38;2;64;63;81m████[38;2;65;63;82m██[38;2;69;68;86m██[38;2;20;18;34m██[38;2;171;95;105m██[38;2;13;7;29m██[38;2;4;2;21m██[38;2;9;3;25m██[38;2;9;3;19m██[38;2;17;8;28m██[38;2;29;23;41m██[38;2;82;40;56m██[38;2;241;178;162m██[38;2;37;31;30m██[38;2;255;229;196m██[38;2;255;217;186m████[38;2;255;219;187m██[38;2;255;218;186m██[38;2;255;217;186m████[38;2;255;222;189m██[38;2;184;98;108m██[38;2;60;57;77m██[38;2;63;62;79m██[38;2;64;63;81m████
[38;2;63;62;80m██[38;2;64;63;81m████[38;2;39;38;54m██[38;2;31;32;44m██[38;2;9;1;26m██[38;2;8;0;24m██[38;2;71;71;88m██[38;2;29;31;42m██[38;2;20;11;22m██[38;2;126;73;86m██[38;2;155;94;100m██[38;2;249;211;184m██[38;2;255;221;188m██[38;2;255;219;187m██[38;2;255;217;186m████[38;2;254;228;193m██[38;2;219;111;120m██[38;2;248;202;178m██[38;2;185;164;146m██[38;2;201;178;156m██[38;2;255;238;201m██[38;2;255;213;183m██[38;2;95;51;69m██[38;2;69;70;86m██[38;2;57;57;74m██[38;2;64;63;82m██[38;2;64;63;81m██
[38;2;66;66;83m██[38;2;64;63;81m██[38;2;66;65;83m██[38;2;16;12;29m██[38;2;17;14;32m██[38;2;237;134;138m██[38;2;6;2;17m██[38;2;32;31;45m██[38;2;84;46;58m██[38;2;223;127;130m██[38;2;254;232;196m██[38;2;255;218;187m██[38;2;255;217;186m████████[38;2;247;202;177m██[38;2;232;201;177m██[38;2;2;0;8m██[38;2;10;0;26m██████[38;2;11;0;27m██[38;2;12;8;15m██[38;2;40;28;35m██[38;2;69;65;83m██[38;2;25;19;39m██[38;2;64;63;81m████
[38;2;66;66;83m██[38;2;64;63;81m██[38;2;38;38;53m██[38;2;17;10;32m██[38;2;101;53;67m██[38;2;230;128;133m██[38;2;7;5;18m██[38;2;219;124;129m██[38;2;224;198;169m██[38;2;183;165;147m██[38;2;245;213;181m██[38;2;233;154;146m██[38;2;255;219;187m██[38;2;255;217;186m██████[38;2;255;246;207m██[38;2;9;0;23m██[38;2;11;0;27m██[38;2;4;2;13m██[38;2;76;57;61m██[38;2;139;104;100m██[38;2;102;76;76m██[38;2;35;24;39m██[38;2;36;16;37m██[38;2;81;71;86m██[38;2;37;34;46m██[38;2;64;63;81m████
[38;2;66;66;83m██[38;2;58;58;75m██[38;2;12;2;27m██[38;2;8;1;24m██[38;2;221;122;128m██[38;2;201;110;117m██[38;2;218;194;171m██[38;2;4;0;11m██[38;2;10;0;26m██████[38;2;5;2;9m██[38;2;253;228;195m██[38;2;255;217;186m██████[38;2;176;157;142m██[38;2;35;29;29m██[38;2;250;224;193m██[38;2;248;193;169m██[38;2;245;181;161m██[38;2;243;174;157m██[38;2;244;176;158m██[38;2;245;193;170m██[38;2;100;73;86m██[38;2;49;30;45m██[38;2;55;48;62m██[38;2;65;63;81m██[38;2;64;63;81m██
[38;2;69;69;86m██[38;2;25;24;38m██[38;2;23;20;36m██[38;2;27;27;40m██[38;2;88;50;63m██[38;2;244;192;172m██[38;2;8;0;23m██[38;2;3;0;14m██[38;2;53;41;50m██[38;2;119;95;91m██[38;2;79;64;66m██[38;2;2;0;6m██[38;2;179;149;136m██[38;2;255;217;186m██████[38;2;243;217;186m██[38;2;253;211;182m██[38;2;251;203;176m██[38;2;248;191;167m██[38;2;244;178;159m██[38;2;242;170;154m██[38;2;243;174;156m██[38;2;176;121;116m██[38;2;102;54;69m██[38;2;55;38;50m██[38;2;75;67;83m██[38;2;65;63;81m██[38;2;64;63;81m██
[38;2;24;26;36m██[38;2;9;0;25m██[38;2;28;26;42m██[38;2;28;26;39m██[38;2;28;20;35m██[38;2;255;212;185m██[38;2;147;119;109m██[38;2;251;194;171m██[38;2;247;190;167m██[38;2;250;198;173m██[38;2;252;205;177m██[38;2;253;211;182m██[38;2;255;223;191m██[38;2;255;218;187m██[38;2;250;206;179m██[38;2;255;217;186m██[38;2;254;217;186m██[38;2;253;211;182m██[38;2;251;204;177m██[38;2;249;194;171m██[38;2;246;185;164m██[38;2;245;182;162m██[38;2;250;189;166m██[38;2;90;41;59m██[38;2;215;122;125m██[38;2;55;41;51m██[38;2;73;68;85m██[38;2;64;63;81m████
[38;2;11;0;25m██[38;2;1;0;3m  [38;2;22;14;37m██[38;2;42;37;50m██[38;2;56;42;52m██[38;2;95;58;69m██[38;2;243;174;156m██[38;2;242;170;153m██[38;2;244;175;157m██[38;2;247;191;168m██[38;2;251;201;175m██[38;2;252;208;179m██[38;2;254;213;183m██[38;2;254;217;186m██[38;2;255;220;188m██[38;2;255;238;201m██[38;2;254;224;190m██[38;2;238;193;167m██[38;2;251;211;181m██[38;2;250;201;175m██[38;2;249;196;172m██[38;2;249;194;170m██[38;2;248;194;170m██[38;2;251;203;176m██[38;2;94;45;64m██[38;2;44;37;47m██[38;2;65;63;81m██[38;2;65;64;82m██[38;2;14;12;25m██
[38;2;8;0;25m  [38;2;4;0;14m  [38;2;6;0;20m  [38;2;77;70;86m██[38;2;57;42;51m██[38;2;78;48;59m██[38;2;249;188;166m██[38;2;244;177;159m██[38;2;246;183;163m██[38;2;248;192;169m██[38;2;250;200;174m██[38;2;252;207;179m██[38;2;254;219;188m██[38;2;198;111;110m██[38;2;185;42;63m██[38;2;252;145;150m██[38;2;251;143;147m██[38;2;247;139;144m██[38;2;223;98;113m██[38;2;252;209;180m██[38;2;251;205;178m██[38;2;251;204;177m████[38;2;253;213;183m██[38;2;15;4;26m██[38;2;62;58;76m██[38;2;66;66;84m██[38;2;10;2;25m██[38;2;6;0;17m  
[38;2;8;0;24m  [38;2;4;0;13m  [38;2;9;0;23m  [38;2;77;73;89m██[38;2;77;64;77m██[38;2;73;52;60m██[38;2;223;184;163m██[38;2;248;190;168m██[38;2;248;191;168m██[38;2;249;196;172m██[38;2;251;202;176m██[38;2;252;208;180m██[38;2;215;148;137m██[38;2;209;74;83m██[38;2;246;137;142m████████[38;2;221;97;112m██[38;2;254;216;185m██[38;2;254;215;185m██[38;2;254;213;184m██[38;2;254;215;185m██[38;2;237;225;195m██[38;2;18;16;31m██[38;2;70;70;87m██[38;2;10;2;24m██[38;2;13;0;29m  [38;2;4;0;14m  
[38;2;2;0;19m    [38;2;2;0;18m  [38;2;43;36;58m██[38;2;56;48;62m██[38;2;46;25;44m██[38;2;39;15;36m██[38;2;251;204;177m██[38;2;250;201;174m██[38;2;251;204;176m██[38;2;252;207;179m██[38;2;253;213;183m██[38;2;255;219;188m██[38;2;205;77;95m██[38;2;246;137;142m████████[38;2;180;59;74m██[38;2;255;217;186m██████[38;2;243;233;199m██[38;2;2;1;12m██[38;2;42;40;58m██[38;2;19;12;33m██[38;2;11;1;27m  [38;2;5;0;16m  [38;2;7;2;23m██
[38;2;6;0;21m      [38;2;10;1;25m██[38;2;35;36;47m██[38;2;35;15;37m  [38;2;46;39;48m██[38;2;34;24;34m██[38;2;254;232;198m██[38;2;254;212;183m██[38;2;254;215;185m██[38;2;255;217;186m████[38;2;254;228;194m██[38;2;194;69;86m██[38;2;252;152;154m██[38;2;253;151;154m██[38;2;212;89;105m██[38;2;254;227;194m██[38;2;255;220;188m██[38;2;255;238;202m██[38;2;75;61;68m██[38;2;25;25;37m██[38;2;12;2;27m██[38;2;55;49;78m██[38;2;8;1;23m██[38;2;30;26;46m  [38;2;68;67;85m██[38;2;9;2;25m  
[38;2;2;0;18m      [38;2;6;0;22m  [38;2;24;19;38m██[38;2;36;2;1m  [38;2;23;1;23m  [38;2;28;28;40m██[38;2;12;10;25m██[38;2;71;61;62m██[38;2;226;219;188m██[38;2;255;226;193m████[38;2;255;225;192m██[38;2;255;223;191m██[38;2;255;248;209m██[38;2;253;243;206m██[38;2;232;218;187m██[38;2;154;129;122m██[38;2;66;32;36m██[38;2;9;10;11m██[38;2;26;26;38m██[38;2;26;25;38m██[38;2;72;66;101m██[38;2;13;9;29m██[38;2;57;58;74m██[38;2;66;65;83m████[38;2;61;60;78m██
[38;2;0;0;2m        [38;2;14;0;30m  [38;2;0;0;3m  [38;2;0;0;8m  [38;2;14;3;31m██[38;2;20;15;34m  [38;2;25;24;38m██[38;2;22;19;35m██[38;2;11;1;23m██[38;2;7;0;20m██[38;2;4;0;20m██[38;2;13;9;27m██[38;2;92;89;103m██[38;2;89;87;107m██[38;2;51;49;60m██[38;2;145;142;173m██[38;2;51;49;60m██[38;2;4;5;8m██[38;2;10;9;14m██[38;2;17;14;22m██[38;2;3;1;9m██[38;2;31;30;45m██[38;2;27;26;39m██[38;2;26;25;38m██[38;2;25;24;37m████[0m
