
[38;2;10;0;26m  [38;2;5;0;13m  [38;2;11;0;27m  [38;2;5;0;22m  [38;2;4;0;16m  [38;2;8;0;22m  [38;2;29;26;45m██[38;2;66;65;82m██[38;2;64;63;81m████████[38;2;41;41;56m██[38;2;29;29;43m██[38;2;66;65;83m██[38;2;65;64;82m██[38;2;64;63;81m██[38;2;68;67;85m██[38;2;21;20;33m██[38;2;26;27;40m██[38;2;36;36;50m██[38;2;26;25;38m██[38;2;31;31;44m██[38;2;63;62;80m██[38;2;68;69;86m██[38;2;4;0;19m  [38;2;4;0;9m  [38;2;0;0;1m  [38;2;0;0;0m    
[38;2;10;0;26m  [38;2;5;0;12m  [38;2;11;0;27m  [38;2;5;0;21m  [38;2;11;8;26m██[38;2;68;68;86m██[38;2;64;63;81m██[38;2;69;69;87m██[38;2;62;61;79m██[38;2;64;63;81m████[38;2;41;40;56m██[38;2;61;59;77m██[38;2;64;63;81m██████████[38;2;68;67;85m██[38;2;25;25;37m██[38;2;30;30;43m██[38;2;67;66;84m██[38;2;64;63;81m██[38;2;65;64;82m██[38;2;41;41;56m██[38;2;68;68;85m██[38;2;14;9;30m██[38;2;0;0;0m      
[38;2;7;0;21m  [38;2;13;4;28m  [38;2;56;55;73m██[38;2;70;69;87m██[38;2;67;65;84m██[38;2;66;65;84m██[38;2;108;109;134m██[38;2;134;136;165m██[38;2;57;56;73m██[38;2;64;63;81m██[38;2;52;51;68m██[38;2;67;66;85m██[38;2;64;63;81m██████████████[38;2;65;64;82m██[38;2;64;63;81m████████[38;2;63;62;80m██[38;2;30;30;43m██[38;2;66;65;84m██[38;2;13;7;28m  [38;2;0;0;13m    
[38;2;7;0;21m  [38;2;4;0;14m  [38;2;6;0;18m  [38;2;16;11;31m██[38;2;19;19;31m██[38;2;126;128;155m██[38;2;133;135;164m████[38;2;138;140;170m██[38;2;114;116;141m██[38;2;122;124;151m██[38;2;64;63;81m████████████████████████[38;2;58;57;74m██[38;2;121;123;150m██[38;2;65;64;82m██[38;2;21;22;34m██[38;2;67;66;84m██[38;2;6;1;20m  [38;2;0;0;9m  
[38;2;2;0;13m  [38;2;2;0;4m  [38;2;14;6;29m██[38;2;45;45;61m██[38;2;135;137;167m██[38;2;142;144;175m██[38;2;133;135;164m████[38;2;132;134;163m██[38;2;74;73;93m██[38;2;135;137;166m██[38;2;95;96;119m██[38;2;61;60;77m██[38;2;63;63;80m██[38;2;75;74;94m██[38;2;62;61;79m██[38;2;58;57;75m██[38;2;55;54;70m██[38;2;69;69;87m██[38;2;119;121;148m██[38;2;91;90;115m██[38;2;67;67;85m██[38;2;86;86;108m██[38;2;136;138;168m██[38;2;133;135;164m██[38;2;58;57;74m██[38;2;67;65;84m██[38;2;34;33;47m██[38;2;47;43;64m██[38;2;3;0;15m  
[38;2;3;0;16m  [38;2;13;10;29m██[38;2;69;69;87m██[38;2;64;63;81m██████[38;2;53;52;68m██[38;2;132;134;163m██[38;2;137;139;169m██[38;2;140;143;173m██[38;2;133;135;164m██████[38;2;134;136;165m██[38;2;83;83;104m██[38;2;133;135;164m██[38;2;136;138;168m██[38;2;134;136;165m██[38;2;133;135;164m██[38;2;138;141;170m██[38;2;117;118;145m██[38;2;133;135;164m████████[38;2;118;119;146m██[38;2;64;63;81m██[38;2;28;28;41m██[38;2;71;71;88m██[38;2;4;0;14m  
[38;2;52;50;69m██[38;2;64;63;81m████████████[38;2;62;61;79m██[38;2;59;59;76m██[38;2;133;135;164m████████[38;2;136;138;168m██[38;2;115;116;142m██[38;2;133;135;164m████████[38;2;116;116;146m██[38;2;133;135;163m██[38;2;133;135;164m██[38;2;140;142;173m██[38;2;140;143;173m██[38;2;134;137;166m██[38;2;136;138;168m██[38;2;62;61;78m██[38;2;65;64;82m████[38;2;5;0;20m  
[38;2;64;63;81m████████████████[38;2;86;85;110m██[38;2;64;64;82m██[38;2;111;112;137m██[38;2;136;138;167m██[38;2;133;135;164m██[38;2;124;126;153m██[38;2;135;137;167m██[38;2;133;135;164m████████[38;2;23;15;40m██[38;2;138;140;169m██[38;2;56;55;72m██[38;2;62;61;79m██[38;2;64;63;81m██[38;2;55;54;70m██[38;2;122;124;152m██[38;2;61;60;77m██[38;2;64;63;81m██[38;2;54;54;70m██[38;2;28;23;44m██
[38;2;24;16;39m██[38;2;31;29;45m██[38;2;63;62;80m██[38;2;64;63;81m████████[38;2;66;65;83m██[38;2;91;91;114m██[38;2;64;63;81m████[38;2;62;61;78m██[38;2;95;95;118m██[38;2;53;51;68m██[38;2;132;134;163m██[38;2;108;109;134m██[38;2;111;112;137m██[38;2;94;94;117m██[38;2;146;149;178m██[38;2;6;4;19m██[38;2;63;62;79m██[38;2;64;63;81m██████████████[38;2;64;62;81m██[38;2;64;62;80m██
[38;2;17;10;31m██[38;2;66;65;83m██[38;2;64;63;81m██████████[38;2;66;64;82m██[38;2;66;65;83m██[38;2;64;63;81m████████[38;2;50;49;66m██[38;2;64;63;81m████[38;2;69;67;86m██[38;2;62;60;78m██[38;2;61;58;81m██[38;2;122;66;77m██[38;2;57;56;72m██[38;2;64;63;81m████████████████[38;2;66;66;83m██
[38;2;68;67;85m██[38;2;64;63;81m██████████[38;2;64;62;81m██[38;2;38;36;53m██[38;2;65;65;82m██[38;2;64;63;81m██████[38;2;42;42;57m██[38;2;69;68;86m██[38;2;64;63;81m██[38;2;64;63;82m██[38;2;20;20;33m██[38;2;68;68;86m██[38;2;28;12;29m██[38;2;231;129;132m██[38;2;17;17;31m██[38;2;64;63;81m██[38;2;63;62;80m██[38;2;64;63;81m████████████[38;2;65;64;82m██
[38;2;64;63;81m████████[38;2;65;64;82m██[38;2;64;63;81m██[38;2;69;68;87m██[38;2;14;10;30m██[38;2;64;63;81m██████[38;2;61;60;78m██[38;2;20;20;33m██[38;2;64;63;81m████[38;2;33;34;46m██[38;2;19;11;34m██[38;2;33;29;45m██[38;2;237;135;137m██[38;2;237;159;150m██[38;2;8;3;20m██[38;2;55;54;71m██[38;2;45;43;60m██[38;2;64;63;81m██████████████
[38;2;64;63;80m██[38;2;64;63;81m██████[38;2;24;18;38m██[38;2;64;63;81m██[38;2;28;30;40m██[38;2;26;17;41m██[38;2;64;63;81m████[38;2;68;66;85m██[38;2;24;24;37m██[38;2;47;44;63m██[38;2;64;63;81m██[38;2;37;38;51m██[38;2;66;31;51m██[38;2;60;58;79m██[38;2;182;97;107m██[38;2;255;220;188m██[38;2;255;222;189m██[38;2;147;77;91m██[38;2;26;28;39m██[38;2;15;7;29m██[38;2;64;63;81m██████████████
[38;2;66;65;83m██[38;2;64;63;81m████[38;2;66;65;83m██[38;2;29;24;45m██[38;2;64;63;81m██[38;2;21;12;30m██[38;2;34;29;52m██[38;2;64;63;81m██[38;2;68;66;85m██[38;2;24;24;36m██[38;2;6;1;21m██[38;2;66;66;83m██[38;2;30;31;43m██[38;2;43;21;38m██[38;2;8;5;19m██[38;2;152;116;113m██[38;2;255;216;185m██[38;2;255;217;186m████[38;2;245;175;161m██[38;2;6;6;18m██[38;2;14;4;29m██[38;2;64;63;81m██████[38;2;54;53;70m██[38;2;64;63;81m██[38;2;65;64;82m██[38;2;64;63;81m██
[38;2;66;65;83m██[38;2;64;63;81m████[38;2;64;64;82m██[38;2;40;35;55m██[38;2;20;20;33m██[38;2;184;102;110m██[38;2;70;70;87m██[38;2;71;70;89m██[38;2;19;16;32m██[38;2;12;0;26m██[38;2;71;70;87m██[38;2;8;7;14m██[38;2;199;98;109m██[38;2;67;46;57m██[38;2;2;0;6m██[38;2;36;32;29m██[38;2;185;170;149m██[38;2;255;246;208m██[38;2;255;225;192m██[38;2;255;222;189m██[38;2;162;81;95m██[38;2;25;18;41m██[38;2;64;63;81m██████[38;2;36;36;50m██[38;2;64;63;81m██[38;2;16;14;30m██[38;2;62;61;79m██
[38;2;66;66;83m██[38;2;64;63;81m████[38;2;24;25;37m██[38;2;24;21;37m██[38;2;59;32;38m██[38;2;37;20;25m██[38;2;49;46;65m██[38;2;7;0;19m██[38;2;117;65;77m██[38;2;46;28;36m██[38;2;161;105;107m██[38;2;255;217;186m██[38;2;187;159;143m██[38;2;255;234;199m██[38;2;255;221;188m██[38;2;250;230;201m██[38;2;250;227;193m██[38;2;179;161;149m██[38;2;68;58;62m██[38;2;59;50;44m██[38;2;48;27;44m██[38;2;14;8;28m██[38;2;66;65;83m██[38;2;64;63;81m████[38;2;49;48;64m██[38;2;53;52;69m██[38;2;45;41;61m██[38;2;30;32;43m██
[38;2;66;66;83m██[38;2;64;63;81m██[38;2;57;56;72m██[38;2;20;15;34m██[38;2;14;4;29m██[38;2;64;32;50m██[38;2;20;16;34m██[38;2;6;1;17m██[38;2;124;69;79m██[38;2;208;156;142m██[38;2;247;180;165m██[38;2;255;217;186m██[38;2;254;216;185m████[38;2;250;208;180m██[38;2;173;111;107m██[38;2;25;21;20m██[38;2;6;0;21m██[38;2;11;0;21m██[38;2;10;0;20m████[38;2;4;0;22m██[38;2;10;7;21m██[38;2;64;63;81m██████[38;2;49;46;64m██[38;2;15;10;30m██[38;2;71;72;89m██[38;2;24;22;37m██
[38;2;66;66;84m██[38;2;67;65;84m██[38;2;23;21;36m██[38;2;18;14;33m██[38;2;15;0;29m██[38;2;28;26;33m██[38;2;76;64;89m██[38;2;13;0;27m██[38;2;14;0;29m██[38;2;108;102;115m██[38;2;20;14;19m██[38;2;253;210;181m██[38;2;251;204;176m██[38;2;251;201;175m██[38;2;144;116;109m██[38;2;136;133;161m██[38;2;11;0;27m██[38;2;13;0;31m██[38;2;9;6;24m██[38;2;182;182;184m██[38;2;72;66;91m██[38;2;198;192;229m██[38;2;30;27;41m██[38;2;29;23;43m██[38;2;64;63;81m████[38;2;16;16;31m██[38;2;151;99;106m██[38;2;27;27;41m██[38;2;8;5;22m██
[38;2;68;68;86m██[38;2;22;22;34m██[38;2;13;5;28m██[38;2;26;26;39m██[38;2;26;11;32m██[38;2;195;187;229m██[38;2;83;74;103m██[38;2;14;10;51m██[38;2;14;13;56m██[38;2;156;156;174m██[38;2;6;6;21m██[38;2;247;190;168m██[38;2;246;187;165m██[38;2;245;184;163m██[38;2;245;181;161m██[38;2;216;216;225m██[38;2;20;34;94m██[38;2;20;33;93m██[38;2;16;27;85m██[38;2;140;144;173m██[38;2;34;32;60m██[38;2;135;121;133m██[38;2;61;47;68m██[38;2;51;47;61m██[38;2;64;63;81m████[38;2;10;3;23m██[38;2;220;215;193m██[38;2;16;8;30m██[38;2;14;1;28m██
[38;2;24;24;36m██[38;2;16;10;31m██[38;2;8;0;22m  [38;2;23;22;34m██[38;2;25;20;34m██[38;2;254;227;202m██[38;2;209;204;205m██[38;2;18;35;98m██[38;2;25;44;109m██[38;2;26;49;116m██[38;2;6;12;46m██[38;2;242;169;152m██[38;2;241;166;151m██[38;2;240;164;149m██[38;2;240;162;147m██[38;2;249;215;209m██[38;2;40;94;195m██[38;2;49;103;197m██[38;2;44;98;194m██[38;2;75;119;197m██[38;2;170;176;193m██[38;2;99;75;88m██[38;2;49;38;49m██[38;2;74;70;87m██[38;2;64;63;81m██[38;2;65;64;82m██[38;2;118;97;90m██[38;2;61;38;51m██[38;2;10;3;24m  [38;2;4;0;19m  
[38;2;27;29;40m██[38;2;7;0;22m  [38;2;4;0;19m  [38;2;59;56;71m██[38;2;68;53;61m██[38;2;201;209;223m██[38;2;188;206;230m██[38;2;203;219;236m██[38;2;116;154;216m██[38;2;42;110;218m██[38;2;76;46;53m██[38;2;240;164;149m██[38;2;241;167;151m██[38;2;240;166;150m██[38;2;242;170;153m████[38;2;137;98;90m██[38;2;176;195;223m██[38;2;199;214;232m██[38;2;191;208;231m██[38;2;224;232;243m██[38;2;255;255;255m██[38;2;112;118;135m██[38;2;70;66;83m██[38;2;64;63;81m██[38;2;62;61;79m██[38;2;136;117;117m██[38;2;26;25;39m██[38;2;5;0;14m  [38;2;2;0;8m  [0m
