
[38;2;0;0;0m                    [38;2;7;1;4m  [38;2;0;0;0m  [38;2;40;30;42m  [38;2;46;48;57m██[38;2;43;41;51m██[38;2;47;46;57m██[38;2;57;63;75m██[38;2;56;60;72m  [38;2;0;0;0m                
[38;2;0;0;0m                      [38;2;39;29;41m  [38;2;51;52;64m██[38;2;45;45;55m██[38;2;38;35;42m██[38;2;57;63;75m██[38;2;54;56;69m██[38;2;54;57;69m██[38;2;31;25;34m  [38;2;0;0;0m              
[38;2;0;0;0m                      [38;2;43;35;47m  [38;2;53;56;68m██[38;2;54;58;70m██[38;2;50;51;62m██[38;2;38;36;44m██[38;2;44;42;52m██[38;2;48;49;60m██[38;2;54;57;69m██[38;2;6;0;3m  [38;2;0;0;0m            
[38;2;0;0;0m                    [38;2;27;16;25m  [38;2;35;31;38m  [38;2;38;34;42m██[38;2;50;52;62m██[38;2;49;51;61m██[38;2;46;39;45m██[38;2;76;62;65m██[38;2;38;34;42m██[38;2;51;54;65m  [38;2;20;14;20m  [38;2;0;0;0m            
[38;2;0;0;0m                    [38;2;7;1;4m  [38;2;40;36;45m  [38;2;43;41;50m██[38;2;142;116;115m██[38;2;157;125;116m██[38;2;225;200;179m██[38;2;148;126;123m██[38;2;51;47;55m██[38;2;37;34;41m██[38;2;14;3;9m  [38;2;0;0;0m            
[38;2;0;0;0m                    [38;2;7;1;4m  [38;2;37;32;40m  [38;2;44;42;52m██[38;2;233;196;176m██[38;2;255;227;202m██[38;2;254;227;202m██[38;2;255;228;203m██[38;2;100;83;82m██[38;2;35;31;38m  [38;2;42;35;46m  [38;2;0;0;0m            
[38;2;0;0;0m                      [38;2;15;6;11m  [38;2;35;31;38m  [38;2;179;159;145m██[38;2;255;227;202m██[38;2;237;210;188m██[38;2;255;227;202m██[38;2;41;33;40m  [38;2;32;22;31m  [38;2;0;0;0m              
[38;2;0;0;0m                        [38;2;32;20;29m  [38;2;55;45;54m██[38;2;182;160;152m██[38;2;238;213;190m██[38;2;164;145;144m██[38;2;35;28;36m  [38;2;32;21;30m  [38;2;0;0;0m              
[38;2;0;0;0m                      [38;2;16;4;10m  [38;2;110;56;70m  [38;2;37;28;39m██[38;2;25;32;40m██[38;2;145;141;148m██[38;2;25;32;40m██[38;2;144;101;67m██[38;2;68;45;31m  [38;2;0;0;0m              
[38;2;0;0;0m                    [38;2;115;57;72m  [38;2;138;71;87m████[38;2;42;43;52m██[38;2;25;30;38m██[38;2;101;77;44m██[38;2;33;42;50m██[38;2;211;158;86m██[38;2;98;105;81m██[38;2;58;92;84m██[38;2;56;34;29m  [38;2;0;0;0m          
[38;2;0;0;0m                  [38;2;55;24;35m  [38;2;138;71;87m██████[38;2;53;65;74m██[38;2;50;60;69m██[38;2;50;63;72m██[38;2;140;142;146m██[38;2;73;128;93m██[38;2;219;169;92m██[38;2;196;158;91m██[38;2;88;134;91m██[38;2;6;0;3m  [38;2;0;0;0m        
[38;2;0;0;0m                  [38;2;137;70;86m██[38;2;138;71;87m██████[38;2;54;67;76m██[38;2;42;51;60m██[38;2;54;66;76m██[38;2;53;67;76m██[38;2;59;104;83m██[38;2;205;139;77m██[38;2;193;145;84m██[38;2;90;111;82m██[38;2;50;79;62m  [38;2;0;0;0m        
[38;2;0;0;0m                [38;2;25;9;15m  [38;2;119;60;76m██[38;2;136;70;86m██[38;2;138;71;87m████[38;2;54;68;77m██[38;2;51;62;71m██[38;2;65;68;67m██[38;2;54;68;77m██[38;2;69;88;76m██[38;2;186;162;93m██[38;2;140;123;76m██[38;2;60;92;84m██[38;2;214;166;90m██[38;2;0;0;0m        
[38;2;0;0;0m                [38;2;107;52;67m  [38;2;79;36;51m██[38;2;124;62;78m██[38;2;138;71;87m████[38;2;54;68;77m██[38;2;51;61;71m██[38;2;54;68;77m████[38;2;54;74;74m██[38;2;66;132;94m██[38;2;179;116;69m██[38;2;223;174;94m██[38;2;172;128;78m██[38;2;15;10;12m  [38;2;0;0;0m      
[38;2;0;0;0m                [38;2;138;71;87m██[38;2;101;49;65m██[38;2;100;48;64m██[38;2;138;71;87m████[38;2;26;33;41m██[38;2;29;33;42m██[38;2;64;56;47m██[38;2;26;33;41m██[38;2;26;32;40m██[38;2;144;138;84m██[38;2;212;163;90m██[38;2;135;132;82m██[38;2;65;130;93m██[38;2;104;76;52m  [38;2;0;0;0m      
[38;2;0;0;0m              [38;2;23;8;15m  [38;2;78;35;50m██[38;2;138;71;87m██[38;2;77;35;50m██[38;2;138;71;87m██[38;2;139;72;88m██[38;2;25;32;40m██[38;2;25;29;38m██[38;2;25;32;40m████[38;2;24;30;39m██[38;2;78;131;92m██[38;2;60;114;83m██[38;2;48;89;71m██[38;2;112;124;82m██[38;2;148;113;74m  [38;2;0;0;0m      
[38;2;0;0;0m              [38;2;70;30;44m  [38;2;112;56;71m██[38;2;86;40;56m██[38;2;94;45;60m██[38;2;138;71;87m██[38;2;135;69;85m██[38;2;32;41;49m██[38;2;25;29;37m██[38;2;25;32;40m██[38;2;27;34;42m██[38;2;41;52;61m██[38;2;58;95;83m██[38;2;75;119;84m██[38;2;182;138;79m██[38;2;57;78;63m██[38;2;72;110;79m██[38;2;8;7;7m  [38;2;0;0;0m    
[38;2;0;0;0m              [38;2;138;71;87m██████[38;2;101;49;64m██[38;2;138;71;87m██[38;2;119;62;77m██[38;2;25;32;40m██[38;2;40;48;57m██[38;2;85;71;49m██[38;2;25;32;40m████[38;2;141;129;85m██[38;2;73;125;88m██[38;2;176;132;76m██[38;2;211;135;75m██[38;2;67;137;97m██[38;2;207;160;87m  [38;2;0;0;0m    
[38;2;0;0;0m            [38;2;95;45;60m  [38;2;138;71;87m████████[38;2;126;64;79m██[38;2;142;96;110m██[38;2;182;183;183m██[38;2;202;201;201m██[38;2;210;210;210m██[38;2;161;161;163m██[38;2;183;180;184m██[38;2;211;163;89m██[38;2;121;110;72m██[38;2;147;133;81m██[38;2;66;95;84m██[38;2;65;130;94m██[38;2;71;135;95m██[38;2;0;0;0m    
[38;2;0;0;0m            [38;2;115;58;73m  [38;2;138;71;87m████[38;2;130;67;83m██[38;2;76;46;58m██[38;2;127;66;82m██[38;2;132;115;124m██[38;2;154;156;157m██[38;2;206;205;205m██[38;2;224;224;223m██[38;2;170;169;170m██[38;2;172;168;175m██[38;2;100;102;76m██[38;2;121;128;83m██[38;2;197;145;81m██[38;2;212;164;90m██[38;2;140;140;86m██[38;2;109;141;92m██[38;2;47;32;21m  [38;2;0;0;0m  
[38;2;0;0;0m            [38;2;124;63;78m  [38;2;138;71;87m██[38;2;117;62;77m██[38;2;25;32;40m██[38;2;85;93;100m██[38;2;44;50;59m██[38;2;53;38;48m██[38;2;25;32;40m██████████[38;2;45;50;58m██[38;2;79;82;89m██[38;2;54;67;76m██[38;2;41;57;58m██[38;2;67;137;97m██[38;2;227;179;96m██[38;2;60;40;28m  [38;2;0;0;0m  
[38;2;0;0;0m            [38;2;117;59;74m██[38;2;138;71;87m██[38;2;27;32;40m██[38;2;111;110;117m██[38;2;208;175;159m██[38;2;255;228;203m██[38;2;242;217;193m██[38;2;25;32;40m████[38;2;25;31;39m██[38;2;25;29;37m██[38;2;124;112;106m██[38;2;255;229;203m██[38;2;249;219;195m██[38;2;202;198;200m██[38;2;25;32;40m██[38;2;62;119;88m██[38;2;67;137;97m██[38;2;66;44;41m  [38;2;0;0;0m  
[38;2;0;0;0m          [38;2;29;8;18m  [38;2;83;39;54m██[38;2;99;56;70m██[38;2;71;33;48m██[38;2;67;61;70m██[38;2;230;207;185m██[38;2;237;211;189m██[38;2;232;206;184m██[38;2;25;28;37m██[38;2;25;32;40m██████[38;2;205;182;165m██[38;2;246;221;197m██[38;2;236;210;187m██[38;2;87;72;73m██[38;2;25;30;39m██[38;2;52;48;48m██[38;2;86;94;72m██[38;2;65;70;68m██[38;2;0;0;0m  
[38;2;0;0;0m          [38;2;71;34;45m  [38;2;77;35;50m██[38;2;54;38;49m██[38;2;54;67;76m██[38;2;30;35;43m██[38;2;54;68;77m██[38;2;67;73;80m██[38;2;48;61;70m██[38;2;25;32;40m████[38;2;25;29;38m██[38;2;25;32;40m████[38;2;43;54;63m██[38;2;54;68;77m██[38;2;44;55;64m██[38;2;25;32;40m██[38;2;39;49;58m██[38;2;78;57;48m██[38;2;155;112;74m██[38;2;13;1;7m  
[38;2;0;0;0m        [38;2;35;26;36m  [38;2;76;34;49m██[38;2;61;44;56m██[38;2;54;68;77m██[38;2;42;53;62m██[38;2;54;68;77m████████[38;2;25;32;40m████[38;2;25;29;38m██[38;2;25;32;40m████[38;2;54;68;77m████████[38;2;26;32;40m██[38;2;54;68;77m██[38;2;131;79;63m██[38;2;53;34;25m  
[38;2;0;0;0m      [38;2;15;6;11m  [38;2;42;50;59m██[38;2;78;36;51m██[38;2;53;62;71m██[38;2;54;68;77m██[38;2;34;39;48m██[38;2;54;68;77m██████[38;2;25;32;40m██████[38;2;25;29;38m██[38;2;25;32;40m████[38;2;38;48;57m██[38;2;54;68;77m██████[38;2;34;42;51m██[38;2;54;68;77m██[38;2;49;69;68m██[38;2;19;13;14m  
[38;2;0;0;0m      [38;2;45;52;60m  [38;2;20;11;18m  [38;2;73;33;47m  [38;2;53;61;70m██[38;2;54;68;77m██[38;2;33;39;48m██[38;2;54;68;77m████[38;2;25;32;40m████████[38;2;25;29;38m██[38;2;25;32;40m████████[38;2;54;68;77m████[38;2;47;60;69m██[38;2;54;68;77m██[38;2;47;61;65m██[38;2;58;74;64m██
[38;2;0;0;0m  [38;2;24;7;14m  [38;2;43;38;48m  [38;2;28;28;40m  [38;2;127;64;80m██[38;2;77;35;50m██[38;2;27;28;37m  [38;2;36;45;54m██[38;2;29;33;42m██[38;2;54;68;77m████[38;2;25;32;40m████[38;2;25;29;37m██[38;2;125;118;125m  [38;2;12;11;12m  [38;2;157;152;159m██[38;2;25;29;37m██[38;2;25;32;40m████[38;2;54;68;77m████[38;2;39;50;58m██[38;2;54;68;77m██[38;2;22;24;31m  [38;2;24;23;36m  
[38;2;5;0;3m  [38;2;202;193;187m██[38;2;168;164;163m██[38;2;96;37;57m  [38;2;0;0;0m  [38;2;8;1;5m  [38;2;21;22;30m  [38;2;25;32;40m██[38;2;25;29;37m██[38;2;25;32;40m██████████[38;2;6;4;6m  [38;2;0;0;0m  [38;2;14;14;19m  [38;2;25;32;40m██████████[38;2;25;29;37m██[38;2;25;32;40m██[38;2;25;22;31m  [38;2;0;0;0m  
[38;2;4;0;1m  [38;2;131;133;137m██[38;2;35;14;22m  [38;2;5;1;3m  [38;2;0;0;0m      [38;2;15;14;19m  [38;2;25;32;40m██████[38;2;25;30;38m  [38;2;25;28;37m  [38;2;12;2;7m  [38;2;7;1;4m  [38;2;3;0;2m  [38;2;4;1;2m  [38;2;6;2;4m  [38;2;14;14;19m  [38;2;21;24;31m  [38;2;25;32;40m████[38;2;25;30;38m  [38;2;13;12;17m  [38;2;4;0;2m  [38;2;0;0;0m  [0m
