
[38;2;0;0;0m          [38;2;128;96;96m  [38;2;253;233;225m  [38;2;243;236;248m  [38;2;241;236;247m██[38;2;241;234;246m██[38;2;238;232;248m██[38;2;232;222;235m██[38;2;118;107;123m██[38;2;75;74;121m██[38;2;80;72;127m██[38;2;79;70;98m██[38;2;85;76;105m██[38;2;84;78;117m██[38;2;78;75;122m██[38;2;81;76;125m██[38;2;245;238;253m██[38;2;239;230;245m██[38;2;249;232;239m  [38;2;128;128;128m  [38;2;0;0;0m            
[38;2;0;0;0m        [38;2;128;128;128m  [38;2;248;236;244m  [38;2;244;235;248m██[38;2;241;236;248m██[38;2;240;234;249m██[38;2;232;227;243m██[38;2;91;86;104m██[38;2;116;110;129m██[38;2;113;108;118m██[38;2;82;72;109m██[38;2;93;88;109m██[38;2;240;235;249m██[38;2;238;233;248m██[38;2;214;208;227m██[38;2;77;72;96m██[38;2;80;74;107m██[38;2;110;106;116m██[38;2;134;130;140m██[38;2;241;234;248m██[38;2;239;238;244m  [38;2;128;121;124m  [38;2;0;0;0m          
[38;2;0;0;0m      [38;2;128;128;128m  [38;2;246;237;248m  [38;2;238;236;252m██[38;2;238;236;251m██[38;2;237;235;248m██[38;2;130;125;142m██[38;2;126;122;137m██[38;2;240;235;249m████[38;2;241;237;250m██[38;2;204;197;215m██[38;2;239;233;252m██[38;2;241;236;253m████[38;2;241;236;252m██[38;2;238;233;250m██[38;2;232;227;243m██[38;2;241;237;250m██[38;2;242;238;251m██[38;2;115;106;122m██[38;2;238;234;244m██[38;2;241;235;245m  [38;2;186;180;186m  [38;2;0;0;0m        
[38;2;0;0;0m    [38;2;128;64;64m  [38;2;249;234;244m  [38;2;240;235;251m██[38;2;241;236;253m██[38;2;243;236;252m██[38;2;90;85;100m██[38;2;225;220;234m██[38;2;240;235;251m██[38;2;241;236;252m██████[38;2;234;230;243m██[38;2;241;236;253m████[38;2;241;236;252m██[38;2;241;237;251m██[38;2;209;205;218m██[38;2;241;236;249m██[38;2;241;236;252m██[38;2;242;238;253m██[38;2;241;234;248m██[38;2;176;171;183m██[38;2;237;231;241m██[38;2;247;235;249m  [38;2;128;128;128m  [38;2;0;0;0m      
[38;2;0;0;0m    [38;2;248;229;237m  [38;2;239;235;251m██[38;2;241;236;254m██[38;2;240;234;248m██[38;2;94;84;101m██[38;2;242;234;248m██[38;2;241;236;252m████████[38;2;241;236;251m██[38;2;218;210;224m██[38;2;241;236;252m██████[38;2;241;237;251m██[38;2;243;239;251m██[38;2;244;239;252m██[38;2;240;235;251m██[38;2;221;217;232m██[38;2;238;233;246m██[38;2;240;235;250m██[38;2;169;163;174m██[38;2;242;234;246m██[38;2;251;225;238m  [38;2;64;0;0m  [38;2;0;0;0m    
[38;2;0;0;0m  [38;2;128;128;128m  [38;2;241;237;249m  [38;2;241;236;252m██[38;2;241;235;249m██[38;2;114;108;116m██[38;2;242;233;247m██[38;2;231;225;236m██[38;2;241;236;252m████████[38;2;241;237;251m██[38;2;239;232;244m██[38;2;241;236;251m██[38;2;241;236;252m████[38;2;241;237;251m██[38;2;241;237;250m██[38;2;206;202;215m██[38;2;240;235;251m██[38;2;242;235;249m██[38;2;227;222;235m██[38;2;240;235;252m██[38;2;243;237;252m██[38;2;232;226;235m██[38;2;204;195;207m  [38;2;181;175;181m  [38;2;0;0;0m    
[38;2;0;0;0m  [38;2;252;217;220m  [38;2;242;236;251m██[38;2;241;235;254m██[38;2;232;226;238m██[38;2;245;238;247m██[38;2;231;222;232m██[38;2;241;235;246m██[38;2;241;236;252m████████[38;2;244;240;253m██[38;2;243;236;247m██[38;2;242;236;251m██[38;2;241;236;252m████[38;2;241;237;251m██[38;2;241;237;250m██[38;2;212;207;218m██[38;2;240;235;251m██[38;2;243;236;250m██[38;2;220;215;225m██[38;2;241;236;251m██[38;2;240;235;250m██[38;2;210;203;216m██[38;2;243;234;248m██[38;2;246;226;233m  [38;2;64;64;64m  [38;2;0;0;0m  
[38;2;128;96;128m  [38;2;245;235;246m  [38;2;240;237;250m██[38;2;242;236;252m██[38;2;210;203;213m██[38;2;241;235;251m██[38;2;190;182;191m██[38;2;240;235;251m██[38;2;229;224;239m██[38;2;241;237;250m██[38;2;241;236;252m████[38;2;244;239;254m██[38;2;247;236;247m██[38;2;241;236;251m██[38;2;241;236;252m████████[38;2;236;231;245m██[38;2;242;235;248m██[38;2;240;237;253m██[38;2;245;239;252m██[38;2;243;236;249m██[38;2;242;235;250m██[38;2;244;237;252m██[38;2;237;231;239m██[38;2;197;190;201m  [38;2;128;128;128m  [38;2;0;0;0m  
[38;2;128;128;64m  [38;2;241;236;251m██[38;2;241;237;251m██[38;2;244;237;251m██[38;2;246;239;250m██[38;2;240;235;248m██[38;2;229;221;231m██[38;2;240;236;249m██[38;2;199;195;209m██[38;2;242;237;252m██[38;2;241;236;252m██[38;2;241;237;253m██[38;2;236;231;243m██[38;2;247;237;247m██[38;2;241;237;252m██[38;2;241;236;252m████████[38;2;246;240;253m██[38;2;246;236;248m██[38;2;240;237;253m██[38;2;241;237;251m██[38;2;201;195;208m██[38;2;242;235;250m██[38;2;243;235;252m██[38;2;193;187;195m██[38;2;230;223;235m██[38;2;124;117;120m  [38;2;0;0;0m  
[38;2;128;115;115m  [38;2;241;235;250m  [38;2;241;236;252m██[38;2;215;209;221m██[38;2;240;233;251m██[38;2;246;241;252m██[38;2;247;239;253m██[38;2;241;237;250m██[38;2;195;189;201m██[38;2;242;235;249m██[38;2;243;237;252m██[38;2;240;233;249m██[38;2;201;186;196m██[38;2;240;233;246m██[38;2;240;236;252m██[38;2;241;236;252m████████[38;2;246;241;254m██[38;2;251;239;247m██[38;2;242;236;250m██[38;2;241;237;250m██[38;2;220;210;221m██[38;2;242;235;248m██[38;2;242;237;252m██[38;2;229;222;234m██[38;2;237;234;248m██[38;2;244;229;240m  [38;2;128;128;128m  
[38;2;252;217;216m  [38;2;241;237;252m██[38;2;241;237;250m██[38;2;203;198;211m██[38;2;240;234;250m██[38;2;222;218;228m██[38;2;242;235;250m██[38;2;240;236;250m██[38;2;208;201;213m██[38;2;243;237;250m██[38;2;241;235;250m██[38;2;243;236;251m██[38;2;193;177;184m██[38;2;240;234;247m██[38;2;240;235;250m██[38;2;241;236;252m██████[38;2;241;237;252m██[38;2;242;238;252m██[38;2;244;233;240m██[38;2;240;236;252m████[38;2;245;238;250m██[38;2;241;235;247m██[38;2;241;237;251m██[38;2;246;241;252m██[38;2;242;237;251m██[38;2;205;194;201m  [38;2;128;128;128m  
[38;2;248;232;231m  [38;2;241;235;251m██[38;2;241;237;250m██[38;2;209;203;217m██[38;2;242;234;252m██[38;2;202;198;207m██[38;2;242;238;251m██[38;2;240;236;250m██[38;2;218;211;223m██[38;2;242;235;248m██[38;2;243;237;251m██[38;2;241;235;250m██[38;2;199;181;184m██[38;2;225;217;229m██[38;2;230;225;238m██[38;2;241;237;252m██[38;2;241;236;252m██[38;2;238;232;247m██[38;2;242;236;251m██[38;2;228;223;236m██[38;2;201;189;194m██[38;2;240;235;252m████[38;2;243;238;252m██[38;2;240;234;248m██[38;2;240;237;252m██[38;2;242;239;254m██[38;2;241;235;246m██[38;2;194;186;191m██[38;2;128;64;128m  
[38;2;240;235;246m  [38;2;240;235;251m██[38;2;240;236;251m██[38;2;216;210;222m██[38;2;242;234;252m██[38;2;200;193;204m██[38;2;241;236;252m██[38;2;240;236;252m██[38;2;229;220;229m██[38;2;245;239;250m██[38;2;213;208;222m██[38;2;188;182;194m██[38;2;203;187;185m██[38;2;243;233;245m██[38;2;202;195;205m██[38;2;241;235;249m██[38;2;241;236;252m██[38;2;230;225;237m██[38;2;241;235;248m██[38;2;243;236;252m██[38;2;194;172;167m██[38;2;189;182;201m██[38;2;241;233;245m██[38;2;242;233;246m██[38;2;219;211;221m██[38;2;243;237;253m██[38;2;241;237;252m██[38;2;227;222;228m██[38;2;220;212;219m  [38;2;121;110;119m  
[38;2;237;235;245m  [38;2;240;235;251m██[38;2;243;234;253m██[38;2;223;216;228m██[38;2;242;234;252m██[38;2;201;195;205m██[38;2;244;236;252m██[38;2;242;235;251m██[38;2;226;213;222m██[38;2;242;239;252m██[38;2;239;235;248m██[38;2;241;234;246m██[38;2;237;222;216m██[38;2;246;236;248m██[38;2;196;187;198m██[38;2;242;236;250m██[38;2;241;236;252m██[38;2;219;214;226m██[38;2;241;233;246m██[38;2;244;236;254m██[38;2;233;221;213m██[38;2;242;236;249m██[38;2;247;238;246m██[38;2;230;222;234m██[38;2;173;166;170m██[38;2;241;237;254m██[38;2;241;236;252m██[38;2;213;207;214m██[38;2;236;228;236m██[38;2;250;246;251m  
[38;2;243;236;253m  [38;2;240;236;250m██[38;2;244;234;251m██[38;2;228;219;230m██[38;2;242;234;252m██[38;2;203;197;207m██[38;2;243;235;253m██[38;2;243;235;251m██[38;2;227;214;220m██[38;2;240;235;251m██[38;2;241;236;251m██[38;2;197;185;195m██[38;2;204;193;188m██[38;2;248;234;246m██[38;2;193;181;194m██[38;2;242;234;249m██[38;2;241;236;252m██[38;2;204;198;208m██[38;2;242;233;242m██[38;2;244;235;249m██[38;2;200;184;167m██[38;2;232;218;227m██[38;2;247;237;249m██[38;2;238;234;249m██[38;2;192;184;188m██[38;2;241;236;252m██[38;2;240;238;250m██[38;2;203;198;204m██[38;2;245;237;246m██[38;2;244;226;235m  
[38;2;243;236;253m  [38;2;241;235;250m██[38;2;244;234;251m██[38;2;229;219;230m██[38;2;243;235;253m██[38;2;206;201;210m██[38;2;243;235;248m██[38;2;246;238;251m██[38;2;227;215;216m██[38;2;240;235;252m██[38;2;241;237;251m██[38;2;237;226;233m██[38;2;250;235;222m██[38;2;244;230;236m██[38;2;197;185;191m██[38;2;243;234;249m██[38;2;243;236;252m██[38;2;195;186;198m██[38;2;241;234;245m██[38;2;246;239;253m██[38;2;254;241;231m██[38;2;250;234;244m██[38;2;243;230;242m██[38;2;239;234;251m██[38;2;202;192;197m██[38;2;244;235;249m██[38;2;242;236;253m██[38;2;203;197;205m██[38;2;247;238;251m██[38;2;250;236;245m  
[38;2;242;236;254m  [38;2;240;236;251m██[38;2;242;235;252m██[38;2;223;213;226m██[38;2;243;234;252m██[38;2;210;203;213m██[38;2;221;213;222m██[38;2;246;237;249m██[38;2;218;204;205m██[38;2;241;234;252m██[38;2;245;238;246m██[38;2;240;223;225m██[38;2;249;235;214m██[38;2;233;219;219m██[38;2;205;193;198m██[38;2;241;234;251m██[38;2;241;236;254m██[38;2;208;194;208m██[38;2;244;237;245m██[38;2;239;229;239m██[38;2;254;236;213m██[38;2;225;207;214m██[38;2;225;212;220m██[38;2;240;232;240m██[38;2;216;206;196m██[38;2;236;222;231m██[38;2;241;236;251m██[38;2;204;198;203m██[38;2;248;239;251m██[38;2;250;241;248m  
[38;2;239;234;252m  [38;2;241;238;253m██[38;2;242;234;253m██[38;2;213;203;218m██[38;2;243;234;252m██[38;2;210;201;211m██[38;2;192;179;187m██[38;2;248;234;242m██[38;2;206;188;197m██[38;2;241;236;244m██[38;2;242;231;244m██[38;2;211;194;205m██[38;2;214;198;196m██[38;2;170;153;149m██[38;2;203;188;180m██[38;2;247;236;250m██[38;2;246;234;249m██[38;2;214;197;200m██[38;2;249;236;237m██[38;2;208;191;193m██[38;2;203;183;163m██[38;2;151;131;133m██[38;2;170;154;161m██[38;2;231;213;235m██[38;2;218;209;204m██[38;2;207;198;196m██[38;2;240;234;249m██[38;2;209;204;208m██[38;2;247;238;250m██[38;2;244;239;248m  
[38;2;241;237;254m  [38;2;234;230;244m██[38;2;242;235;250m██[38;2;210;202;214m██[38;2;245;233;251m██[38;2;201;190;201m██[38;2;159;141;147m██[38;2;145;125;127m██[38;2;94;77;88m██[38;2;96;79;100m██[38;2;87;68;89m██[38;2;84;65;74m██[38;2;92;70;91m██[38;2;94;73;93m██[38;2;191;171;162m██[38;2;210;200;192m██[38;2;205;193;188m██[38;2;232;220;211m██[38;2;242;229;219m██[38;2;155;139;132m██[38;2;89;71;103m██[38;2;89;65;93m██[38;2;83;65;84m██[38;2;76;56;76m██[38;2;113;95;101m██[38;2;92;78;66m██[38;2;243;230;250m██[38;2;226;219;226m██[38;2;242;233;246m██[38;2;242;237;244m  
[38;2;237;237;248m██[38;2;237;232;241m██[38;2;242;235;250m██[38;2;212;200;213m██[38;2;243;230;249m██[38;2;213;198;215m██[38;2;169;150;159m██[38;2;104;82;66m██[38;2;170;159;162m██[38;2;193;173;197m██[38;2;64;48;112m██[38;2;104;89;148m██[38;2;70;44;117m██[38;2;162;142;160m██[38;2;254;235;224m██[38;2;254;237;227m██[38;2;253;238;227m██[38;2;252;238;227m██[38;2;252;238;225m██[38;2;248;235;227m██[38;2;154;139;185m██[38;2;58;45;128m██[38;2;80;67;158m██[38;2;79;58;162m██[38;2;169;159;177m██[38;2;153;136;123m██[38;2;251;236;252m██[38;2;245;233;252m██[38;2;242;231;247m██[38;2;245;236;244m  
[38;2;243;233;254m██[38;2;207;201;209m██[38;2;241;236;252m██[38;2;210;196;212m██[38;2;242;225;247m██[38;2;236;216;237m██[38;2;232;208;227m██[38;2;230;216;208m██[38;2;238;236;234m██[38;2;68;48;136m██[38;2;66;60;146m██[38;2;112;104;185m██[38;2;102;83;174m██[38;2;166;151;177m██[38;2;253;236;231m██[38;2;252;238;228m██[38;2;252;238;227m████[38;2;252;238;228m██[38;2;252;240;230m██[38;2;86;53;137m██[38;2;58;62;147m██[38;2;60;67;142m██[38;2;102;120;188m██[38;2;222;213;222m██[38;2;249;238;231m██[38;2;197;178;211m██[38;2;241;223;247m██[38;2;229;215;232m██[38;2;236;233;240m██
[38;2;242;235;252m██[38;2;216;213;220m██[38;2;242;235;249m██[38;2;218;205;220m██[38;2;242;219;245m██[38;2;245;221;246m██[38;2;245;222;245m██[38;2;253;241;228m██[38;2;252;241;234m██[38;2;110;90;143m██[38;2;115;184;219m██[38;2;109;156;189m██[38;2;181;232;243m██[38;2;252;241;229m██[38;2;252;238;227m██[38;2;252;238;225m████[38;2;252;238;226m██[38;2;252;238;227m██[38;2;252;238;228m██[38;2;170;163;175m██[38;2;106;214;213m██[38;2;135;242;238m██[38;2;132;171;166m██[38;2;249;234;228m██[38;2;252;237;223m██[38;2;203;178;214m██[38;2;240;222;248m██[38;2;209;193;207m██[38;2;241;235;245m██
[38;2;246;240;250m██[38;2;244;239;252m██[38;2;241;237;250m██[38;2;231;219;231m██[38;2;242;215;245m██[38;2;243;217;244m██[38;2;244;218;248m██[38;2;253;234;226m██[38;2;207;213;223m██[38;2;245;229;231m██[38;2;189;182;179m██[38;2;182;194;188m██[38;2;248;235;231m██[38;2;252;237;226m██[38;2;253;238;227m██[38;2;252;238;225m████████[38;2;252;238;227m██[38;2;250;234;223m██[38;2;249;228;226m██[38;2;245;215;220m██[38;2;252;221;223m██[38;2;255;223;220m██[38;2;229;212;205m██[38;2;218;189;225m██[38;2;240;217;245m██[38;2;192;173;187m██[38;2;194;188;195m██
[38;2;205;197;203m██[38;2;240;236;249m██[38;2;241;238;251m██[38;2;248;237;252m██[38;2;244;211;247m██[38;2;242;210;242m██[38;2;245;210;246m██[38;2;241;227;222m██[38;2;208;229;250m██[38;2;211;215;226m██[38;2;249;206;212m██[38;2;249;217;217m██[38;2;253;230;223m██[38;2;254;237;227m████[38;2;253;238;226m██████[38;2;253;238;225m██[38;2;253;238;226m██[38;2;254;236;225m██[38;2;250;223;219m██[38;2;246;203;208m██[38;2;245;207;209m██[38;2;252;221;218m██[38;2;203;175;182m██[38;2;234;201;238m██[38;2;244;209;244m██[38;2;202;185;196m██[38;2;217;209;220m██
[38;2;237;228;241m██[38;2;241;236;251m██[38;2;240;237;251m██[38;2;243;238;250m██[38;2;245;202;241m██[38;2;241;204;244m██[38;2;243;205;243m██[38;2;217;198;202m██[38;2;192;225;244m██[38;2;190;212;222m██[38;2;250;210;213m██[38;2;251;221;217m██[38;2;254;232;224m██[38;2;254;237;227m████████[38;2;254;237;226m██[38;2;254;237;225m████[38;2;253;237;226m██[38;2;255;233;224m██[38;2;254;226;221m██[38;2;252;227;222m██[38;2;254;230;223m██[38;2;185;148;177m██[38;2;240;200;240m██[38;2;245;200;244m██[38;2;227;213;225m██[38;2;229;218;234m██
[38;2;244;234;249m██[38;2;242;234;254m██[38;2;214;209;222m██[38;2;241;236;247m██[38;2;228;185;219m██[38;2;243;197;240m██[38;2;245;196;242m██[38;2;203;170;185m██[38;2;206;220;231m██[38;2;232;231;236m██[38;2;248;230;219m██[38;2;254;235;223m██[38;2;253;238;225m██[38;2;254;237;227m████████[38;2;254;237;226m██[38;2;254;238;225m████[38;2;255;239;228m██[38;2;254;237;227m██[38;2;255;235;227m██[38;2;254;235;228m██[38;2;253;235;229m██[38;2;191;141;186m██[38;2;244;194;240m██[38;2;244;196;241m██[38;2;243;233;249m██[38;2;200;185;207m██
[38;2;218;209;233m██[38;2;243;234;254m██[38;2;202;194;206m██[38;2;241;237;251m██[38;2;206;171;193m██[38;2;247;193;240m██[38;2;245;192;241m██[38;2;205;153;184m██[38;2;253;232;226m██[38;2;255;236;226m██[38;2;255;237;228m██[38;2;255;238;228m████[38;2;253;239;226m████[38;2;252;238;225m██████████████[38;2;254;237;227m██[38;2;254;235;228m██[38;2;183;155;172m██[38;2;208;148;209m██[38;2;236;182;230m██[38;2;244;193;241m██[38;2;242;237;253m██[38;2;166;151;171m  
[38;2;158;143;160m██[38;2;225;216;237m██[38;2;174;164;186m██[38;2;243;231;254m██[38;2;213;184;205m██[38;2;246;186;243m██[38;2;246;185;237m██[38;2;228;172;217m██[38;2;200;186;182m██[38;2;250;236;225m██[38;2;254;239;226m██[38;2;254;237;227m██[38;2;253;239;228m██[38;2;253;240;226m████[38;2;253;239;226m████[38;2;252;239;225m██[38;2;252;238;225m████[38;2;254;237;227m██████[38;2;179;156;163m██[38;2;205;176;203m██[38;2;226;164;227m██[38;2;243;182;236m██[38;2;220;172;215m██[38;2;189;175;206m██[38;2;183;165;179m  
[38;2;201;170;190m  [38;2;200;164;201m██[38;2;160;145;157m██[38;2;193;175;211m██[38;2;195;178;218m██[38;2;243;181;242m██[38;2;240;179;231m██[38;2;239;182;233m██[38;2;251;246;245m██[38;2;178;168;161m██[38;2;188;172;172m██[38;2;249;234;222m██[38;2;253;237;219m██[38;2;253;238;224m██[38;2;253;239;227m██[38;2;255;239;226m██[38;2;211;196;183m██[38;2;252;237;225m██[38;2;252;238;227m████[38;2;254;239;228m██[38;2;214;203;191m██[38;2;169;149;153m██[38;2;196;175;214m██[38;2;164;139;171m██[38;2;239;174;236m██[38;2;238;176;233m██[38;2;181;137;168m██[38;2;190;173;183m  [38;2;0;0;0m  
[38;2;25;15;20m  [38;2;123;111;123m  [38;2;167;155;182m██[38;2;164;145;170m██[38;2;197;169;206m  [38;2;235;171;231m██[38;2;230;168;221m██[38;2;239;178;238m██[38;2;249;243;244m██[38;2;246;244;242m██[38;2;240;231;234m██[38;2;215;200;210m██[38;2;194;178;183m██[38;2;205;189;183m██[38;2;237;224;214m██[38;2;252;237;221m██[38;2;247;231;219m██[38;2;223;212;202m██[38;2;198;184;180m██[38;2;193;179;178m██[38;2;213;194;202m██[38;2;248;242;242m██[38;2;251;248;249m██[38;2;168;154;173m██[38;2;163;131;160m██[38;2;204;140;188m██[38;2;237;170;232m██[38;2;103;80;85m██[38;2;79;41;45m  [38;2;0;0;0m  [0m
