
[38;2;12;0;26m  [38;2;8;0;25m  [38;2;8;0;24m  [38;2;5;0;20m  [38;2;52;51;70m██[38;2;65;65;82m██[38;2;65;64;82m██[38;2;96;96;120m██[38;2;77;76;96m██[38;2;64;63;81m████[38;2;56;56;72m██[38;2;66;65;84m██[38;2;64;63;81m██████████████[38;2;64;64;82m██[38;2;66;65;83m██[38;2;64;63;81m████████[38;2;67;66;84m██[38;2;20;20;32m██[38;2;70;70;88m██[38;2;4;0;20m  
[38;2;7;0;22m  [38;2;13;3;28m██[38;2;48;48;64m██[38;2;62;62;79m██[38;2;64;63;80m██[38;2;61;61;78m██[38;2;122;123;151m██[38;2;133;135;164m██[38;2;141;143;174m██[38;2;58;56;74m██[38;2;65;63;82m██[38;2;73;71;91m██[38;2;64;63;81m██████████████████████████[38;2;66;65;83m██[38;2;60;59;76m██[38;2;65;64;82m██[38;2;22;22;34m██[38;2;71;70;88m██
[38;2;9;0;24m  [38;2;8;0;24m  [38;2;4;0;10m  [38;2;22;20;36m██[38;2;16;16;28m██[38;2;133;135;164m████████[38;2;136;138;167m██[38;2;78;78;98m██[38;2;52;51;67m██[38;2;64;63;81m████[38;2;65;64;82m██[38;2;63;62;79m██[38;2;64;63;81m████████[38;2;56;55;71m██[38;2;95;94;120m██[38;2;58;56;73m██[38;2;63;62;80m██[38;2;67;65;84m██[38;2;134;137;166m██[38;2;136;138;168m██[38;2;64;63;81m██[38;2;48;47;63m██[38;2;43;42;57m██
[38;2;0;0;3m  [38;2;1;0;5m  [38;2;13;5;28m██[38;2;41;41;56m██[38;2;115;116;142m██[38;2;117;118;144m██[38;2;136;138;168m██[38;2;134;136;165m██[38;2;133;135;164m██[38;2;124;126;154m██[38;2;137;139;169m██[38;2;134;136;165m██[38;2;136;138;167m██[38;2;115;116;142m██[38;2;131;133;163m██[38;2;68;67;85m██[38;2;131;132;161m██[38;2;97;98;121m██[38;2;118;120;147m██[38;2;136;138;167m████[38;2;29;19;46m██[38;2;135;138;167m██[38;2;141;143;174m██[38;2;133;135;164m██████[38;2;68;67;86m██[38;2;64;63;81m██[38;2;20;20;32m██
[38;2;2;0;10m  [38;2;16;9;31m██[38;2;67;66;84m██[38;2;64;63;81m██████[38;2;62;61;79m██[38;2;61;60;77m██[38;2;136;138;168m██[38;2;60;59;76m██[38;2;133;135;164m████████[38;2;135;137;167m██[38;2;79;79;99m██[38;2;133;135;164m██████████[38;2;19;18;24m██[38;2;133;135;164m██████████[38;2;126;127;155m██[38;2;64;63;81m██[38;2;62;60;79m██
[38;2;41;37;56m██[38;2;63;62;80m██[38;2;64;63;81m████████████[38;2;68;68;86m██[38;2;122;124;151m██[38;2;134;136;165m██[38;2;133;135;164m██████[38;2;142;144;175m██[38;2;114;115;141m██[38;2;133;135;164m████████[38;2;147;150;180m██[38;2;43;37;59m██[38;2;134;136;165m██[38;2;123;125;152m██[38;2;78;78;98m██[38;2;66;65;83m██[38;2;128;130;159m██[38;2;137;138;168m██[38;2;62;61;79m██[38;2;64;63;81m██
[38;2;64;63;81m████████████████[38;2;67;66;84m██[38;2;126;128;156m██[38;2;59;58;75m██[38;2;96;96;119m██[38;2;140;143;173m██[38;2;132;134;163m██[38;2;94;95;117m██[38;2;138;140;170m██[38;2;133;135;164m████████[38;2;97;95;123m██[38;2;68;69;85m██[38;2;63;62;79m██[38;2;64;63;81m████████[38;2;62;61;79m██[38;2;63;62;80m██[38;2;64;63;81m██
[38;2;56;53;72m██[38;2;58;57;75m██[38;2;58;57;74m██[38;2;64;63;81m██████████[38;2;50;48;67m██[38;2;67;66;84m██[38;2;64;63;81m████[38;2;63;62;80m██[38;2;93;94;117m██[38;2;58;57;74m██[38;2;127;129;157m██[38;2;82;81;102m██[38;2;79;79;100m██[38;2;64;64;83m██[38;2;70;69;88m██[38;2;21;20;30m██[38;2;40;41;54m██[38;2;64;63;81m████████████████
[38;2;12;1;28m  [38;2;44;44;59m██[38;2;64;63;81m████████████[38;2;25;16;41m██[38;2;64;63;81m████████[38;2;65;64;82m██[38;2;54;53;69m██[38;2;64;63;81m████[38;2;65;64;83m██[38;2;35;35;49m██[38;2;67;67;84m██[38;2;123;67;76m██[38;2;5;5;19m██[38;2;67;66;84m██[38;2;64;63;81m██[38;2;65;64;82m██[38;2;64;63;81m██████████
[38;2;48;49;64m██[38;2;64;63;81m██████████████[38;2;28;20;43m██[38;2;64;63;81m████████[38;2;45;45;61m██[38;2;66;65;84m██[38;2;64;63;81m████[38;2;37;37;51m██[38;2;63;61;80m██[38;2;25;20;39m██[38;2;230;129;133m██[38;2;55;26;45m██[38;2;40;40;54m██[38;2;64;63;81m██[38;2;56;55;72m██[38;2;64;63;81m██████████
[38;2;64;63;81m████████████[38;2;63;62;80m██[38;2;59;59;76m██[38;2;57;55;74m██[38;2;64;63;81m██████[38;2;65;65;82m██[38;2;24;24;37m██[38;2;65;64;82m██[38;2;64;63;81m██[38;2;56;55;71m██[38;2;10;3;25m██[38;2;73;73;90m██[38;2;120;66;79m██[38;2;220;122;127m██[38;2;229;128;133m██[38;2;22;21;36m██[38;2;70;69;87m██[38;2;49;46;65m██[38;2;64;63;81m██████████
[38;2;57;56;73m██[38;2;64;63;81m██████[38;2;68;67;85m██[38;2;70;69;87m██[38;2;66;65;83m██[38;2;19;17;32m██[38;2;66;66;83m██[38;2;64;63;81m████[38;2;67;66;85m██[38;2;24;24;37m██[38;2;36;34;50m██[38;2;64;63;81m██[38;2;63;63;80m██[38;2;6;4;20m██[38;2;29;27;50m██[38;2;18;9;17m██[38;2;220;122;127m████[38;2;230;128;132m██[38;2;21;11;23m██[38;2;28;28;41m██[38;2;36;29;52m██[38;2;64;63;81m██████████
[38;2;64;63;81m████[38;2;65;64;82m██[38;2;8;7;17m██[38;2;56;55;72m██[38;2;70;70;88m██[38;2;43;43;58m██[38;2;17;3;29m██[38;2;66;65;83m██[38;2;64;63;81m██[38;2;66;65;84m██[38;2;22;23;35m██[38;2;16;9;30m██[38;2;71;71;88m██[38;2;61;60;77m██[38;2;4;3;19m██[38;2;136;73;88m██[38;2;29;18;28m██[38;2;227;126;131m██[38;2;245;137;140m██[38;2;64;35;49m██[38;2;10;5;18m██[38;2;149;81;92m██[38;2;22;17;35m██[38;2;24;16;39m██[38;2;66;65;83m██[38;2;64;63;81m████[38;2;54;53;71m██[38;2;64;63;81m██
[38;2;66;66;83m██[38;2;64;63;81m████[38;2;65;64;82m██[38;2;17;11;31m██[38;2;14;8;28m██[38;2;16;13;31m██[38;2;111;60;69m██[38;2;66;65;83m██[38;2;65;64;82m██[38;2;23;24;36m██[38;2;9;2;26m██[38;2;35;30;51m██[38;2;55;55;71m██[38;2;22;12;18m██[38;2;248;142;143m██[38;2;74;39;50m██[38;2;230;128;132m██[38;2;95;52;62m██[38;2;27;15;22m██[38;2;247;142;145m██[38;2;228;126;131m██[38;2;226;125;130m██[38;2;20;10;22m██[38;2;46;42;63m██[38;2;64;63;81m██████[38;2;49;48;65m██[38;2;68;67;85m██
[38;2;66;66;83m██[38;2;64;63;81m████[38;2;66;65;83m██[38;2;13;8;27m██[38;2;31;33;44m██[38;2;75;39;54m██[38;2;9;0;24m██[38;2;16;11;29m██[38;2;17;10;32m██[38;2;11;1;26m██[38;2;10;4;21m██[38;2;9;7;14m██[38;2;191;106;112m██[38;2;247;142;146m██[38;2;21;11;17m██[38;2;61;29;50m██[38;2;9;0;22m██[38;2;13;0;27m██[38;2;6;1;23m██[38;2;10;0;23m████[38;2;6;0;23m██[38;2;16;8;23m██[38;2;24;21;38m██[38;2;64;63;81m██████[38;2;59;58;76m██[38;2;30;30;43m██
[38;2;66;66;83m██[38;2;64;63;81m████[38;2;42;42;57m██[38;2;14;6;28m██[38;2;9;5;21m██[38;2;3;0;12m██[38;2;14;0;28m██[38;2;11;0;25m████[38;2;9;0;23m██[38;2;190;108;112m██[38;2;220;122;127m████[38;2;205;113;121m██[38;2;242;137;140m██[38;2;10;0;20m██[38;2;27;25;34m██[38;2;82;72;102m██[38;2;62;55;85m██[38;2;127;119;152m██[38;2;163;156;191m██[38;2;139;133;165m██[38;2;49;41;66m██[38;2;9;6;20m██[38;2;62;61;78m██[38;2;64;63;81m████[38;2;64;65;80m██[38;2;9;4;25m██
[38;2;64;63;81m████[38;2;69;68;87m██[38;2;23;20;36m██[38;2;9;2;23m██[38;2;35;30;51m██[38;2;156;149;183m██[38;2;184;177;213m██[38;2;52;48;66m██[38;2;12;7;25m██[38;2;172;165;199m██[38;2;189;145;169m██[38;2;220;122;127m████████[38;2;201;161;187m██[38;2;170;162;203m██[38;2;58;55;82m██[38;2;12;0;29m██[38;2;13;1;31m██[38;2;180;175;211m██[38;2;169;161;201m██[38;2;55;49;73m██[38;2;67;67;84m██[38;2;35;32;50m██[38;2;64;63;81m████[38;2;55;53;71m██[38;2;217;149;154m██
[38;2;55;52;72m██[38;2;65;64;82m██[38;2;23;25;35m██[38;2;21;17;35m██[38;2;4;2;23m██[38;2;21;15;25m██[38;2;176;169;207m██[38;2;187;181;216m██[38;2;10;5;34m██[38;2;16;16;60m██[38;2;16;13;48m██[38;2;189;187;218m██[38;2;221;121;125m██[38;2;220;122;127m██████[38;2;234;167;169m██[38;2;254;253;255m██[38;2;72;74;104m██[38;2;26;49;114m██[38;2;26;46;109m██[38;2;232;229;232m██[38;2;254;253;255m██[38;2;12;5;12m██[38;2;68;68;86m██[38;2;43;44;58m██[38;2;64;63;81m████[38;2;36;32;55m██[38;2;255;254;223m██
[38;2;42;38;58m██[38;2;37;36;51m██[38;2;14;7;29m██[38;2;27;28;40m██[38;2;27;28;39m██[38;2;242;137;138m██[38;2;254;251;252m██[38;2;253;252;254m██[38;2;16;31;90m██[38;2;25;47;112m██[38;2;8;17;79m██[38;2;255;255;255m██[38;2;219;118;123m██[38;2;220;122;127m██████[38;2;216;105;111m██[38;2;253;253;255m██[38;2;238;231;224m██[38;2;50;117;226m██[38;2;28;100;218m██[38;2;254;254;255m██[38;2;255;222;222m██[38;2;45;41;63m██[38;2;21;18;34m██[38;2;57;56;74m██[38;2;64;63;81m████[38;2;11;10;15m██[38;2;246;234;208m██
[38;2;11;5;23m██[38;2;21;21;34m██[38;2;10;0;26m  [38;2;62;63;79m██[38;2;98;98;103m██[38;2;51;26;40m██[38;2;215;105;110m██[38;2;255;254;255m██[38;2;117;110;116m██[38;2;47;92;177m██[38;2;159;160;174m██[38;2;250;237;238m██[38;2;220;122;127m██[38;2;221;121;127m██[38;2;187;88;95m██[38;2;219;119;126m████[38;2;227;134;139m██[38;2;124;127;141m██[38;2;141;139;159m██[38;2;105;99;121m██[38;2;156;133;146m██[38;2;87;42;60m██[38;2;77;37;57m██[38;2;25;26;39m██[38;2;68;67;86m██[38;2;64;63;81m██[38;2;66;65;83m██[38;2;86;68;71m██[38;2;29;15;26m██
[38;2;224;237;230m██[38;2;242;247;239m██[38;2;213;213;205m  [38;2;191;222;228m██[38;2;158;207;228m██[38;2;145;146;137m██[38;2;227;127;131m██[38;2;219;116;122m██[38;2;157;122;132m██[38;2;135;86;106m██[38;2;166;86;96m██[38;2;220;117;123m██[38;2;235;165;154m██[38;2;254;218;187m██[38;2;255;219;187m████[38;2;255;221;188m██[38;2;246;193;171m██[38;2;228;140;138m██[38;2;220;121;127m██[38;2;219;121;126m██[38;2;232;139;138m██[38;2;173;131;127m██[38;2;122;63;77m██[38;2;25;25;37m██[38;2;64;63;81m██[38;2;66;65;83m██[38;2;66;66;83m██[38;2;9;0;24m██[38;2;27;28;40m██
[38;2;162;209;229m██[38;2;157;206;228m██[38;2;255;255;231m██[38;2;168;212;228m██[38;2;162;209;228m██[38;2;250;251;240m██[38;2;186;111;115m██[38;2;220;120;126m████[38;2;224;133;133m██[38;2;240;176;160m██[38;2;255;223;190m██[38;2;255;217;186m████████[38;2;248;224;191m██[38;2;231;168;151m██[38;2;255;218;187m██[38;2;255;222;189m██[38;2;255;224;190m██[38;2;255;219;187m██[38;2;255;229;193m██[38;2;4;3;13m██[38;2;62;61;78m██[38;2;68;67;85m██[38;2;5;1;20m██[38;2;59;56;76m██[38;2;27;27;39m██[38;2;26;26;39m██
[38;2;161;209;228m████[38;2;239;247;230m██[38;2;193;223;227m██[38;2;157;203;226m██[38;2;190;220;233m██[38;2;27;17;31m██[38;2;255;219;187m██[38;2;255;219;188m██[38;2;255;218;187m██[38;2;255;217;186m████[38;2;255;227;193m██[38;2;211;86;100m██[38;2;218;106;114m██[38;2;216;107;113m██[38;2;245;128;134m██[38;2;244;127;133m██[38;2;231;166;150m██[38;2;255;217;186m██████[38;2;255;237;202m██[38;2;18;15;32m██[38;2;65;63;81m██[38;2;9;5;24m██[38;2;11;1;26m  [38;2;12;1;28m██[38;2;25;24;38m██[38;2;26;26;39m██
[38;2;149;197;223m██[38;2;150;195;221m██[38;2;163;201;222m██[38;2;219;234;226m██[38;2;141;185;217m██[38;2;135;181;216m██[38;2;28;28;28m██[38;2;221;213;183m██[38;2;255;217;186m████████[38;2;253;227;192m██[38;2;249;132;137m██[38;2;244;125;132m██[38;2;227;107;117m██[38;2;209;105;109m██[38;2;205;105;109m██[38;2;255;221;189m██[38;2;255;217;186m████[38;2;255;223;191m██[38;2;40;33;41m██[38;2;47;43;63m██[38;2;23;19;36m██[38;2;12;2;28m  [38;2;0;0;2m  [38;2;2;0;8m  [38;2;9;0;21m  [38;2;26;26;39m██
[38;2;133;178;214m██[38;2;133;176;213m██[38;2;114;161;209m██[38;2;235;241;229m██[38;2;122;163;208m██[38;2;112;155;205m██[38;2;53;52;57m██[38;2;23;21;35m██[38;2;143;135;124m██[38;2;255;228;194m██[38;2;255;217;186m██████[38;2;251;223;190m██[38;2;253;222;189m██[38;2;255;217;186m████████[38;2;255;230;195m██[38;2;199;179;159m██[38;2;11;6;24m██[38;2;15;8;30m██[38;2;27;28;40m██[38;2;10;1;25m██[38;2;2;0;16m  [38;2;36;30;52m  [38;2;76;78;91m  [38;2;2;0;8m  [38;2;7;0;16m  
[38;2;177;200;216m██[38;2;108;148;201m██[38;2;101;139;197m██[38;2;245;247;236m██[38;2;90;127;191m██[38;2;74;112;185m██[38;2;197;198;172m  [38;2;14;3;29m██[38;2;18;12;31m██[38;2;7;7;19m██[38;2;88;76;75m██[38;2;199;173;152m██[38;2;235;226;192m██[38;2;251;226;193m██[38;2;254;226;194m██[38;2;245;227;195m██[38;2;229;216;186m██[38;2;178;148;137m██[38;2;85;61;58m██[38;2;6;6;9m██[38;2;27;26;39m██[38;2;25;24;36m██[38;2;71;64;99m██[38;2;9;7;20m██[38;2;71;71;89m  [38;2;65;64;82m██[38;2;9;7;24m██[38;2;8;0;24m  [38;2;9;3;24m██[38;2;18;13;33m██
[38;2;253;253;233m  [38;2;73;108;183m██[38;2;63;96;177m██[38;2;242;244;228m██[38;2;49;82;172m██[38;2;47;80;172m██[38;2;255;255;237m  [38;2;2;0;5m  [38;2;2;0;11m  [38;2;11;1;27m    [38;2;11;0;26m  [38;2;11;0;28m  [38;2;13;6;29m██[38;2;16;16;20m██[38;2;173;165;202m██[38;2;74;73;88m██[38;2;145;143;173m██[38;2;46;45;54m██[38;2;1;1;2m██[38;2;33;31;51m██[38;2;53;49;75m██[38;2;11;6;26m██[38;2;26;27;39m██[38;2;23;24;36m██[38;2;41;40;55m██[38;2;61;61;78m██[38;2;65;64;82m██[38;2;63;63;80m██[38;2;68;68;85m██
[38;2;255;255;232m  [38;2;35;70;168m  [38;2;56;88;174m██[38;2;244;246;228m██[38;2;73;102;179m██[38;2;66;96;177m  [38;2;255;255;230m  [38;2;200;199;193m  [38;2;2;0;8m  [38;2;4;0;18m  [38;2;9;0;19m  [38;2;0;0;0m    [38;2;19;7;14m██[38;2;18;6;12m██[38;2;23;32;44m██[38;2;131;126;151m██[38;2;7;9;12m██[38;2;24;31;43m██[38;2;53;36;8m██[38;2;80;59;25m██[38;2;13;65;43m██[38;2;15;97;60m██[38;2;14;14;21m██[38;2;27;26;39m████[38;2;26;25;38m██[38;2;53;52;69m██[38;2;62;60;79m██[38;2;6;0;21m  
[38;2;255;255;221m  [38;2;247;249;231m██[38;2;217;223;226m██[38;2;255;255;230m██[38;2;255;255;235m  [38;2;41;76;170m██[38;2;249;250;232m  [38;2;255;255;229m  [38;2;205;205;190m  [38;2;1;0;3m  [38;2;0;0;0m  [38;2;89;33;58m██[38;2;99;38;69m██[38;2;72;28;52m██[38;2;29;9;17m██[38;2;24;31;43m██[38;2;18;19;23m██[38;2;19;26;37m██[38;2;26;33;47m██[38;2;112;75;23m██[38;2;13;55;38m██[38;2;38;73;46m██[38;2;236;162;46m██[38;2;203;151;46m██[38;2;27;27;39m██[38;2;27;26;39m████[38;2;25;24;37m██[38;2;67;66;84m██[38;2;58;57;76m██
[38;2;255;255;241m  [38;2;255;255;235m  [38;2;34;70;167m██[38;2;59;90;175m██[38;2;171;185;209m██[38;2;43;77;170m██[38;2;250;251;232m  [38;2;255;255;228m  [38;2;103;103;98m  [38;2;0;0;0m    [38;2;146;55;96m██[38;2;143;54;94m██[38;2;96;37;66m██[38;2;66;21;39m██[38;2;41;51;68m██[38;2;189;166;84m██[38;2;26;34;52m██[38;2;48;60;79m██[38;2;12;119;74m██[38;2;183;127;40m██[38;2;239;141;49m██[38;2;22;133;79m██[38;2;22;130;79m██[38;2;14;9;5m██[38;2;28;27;39m██[38;2;27;26;39m████[38;2;21;20;32m██[38;2;63;62;81m██[0m
