
[38;2;0;0;0m    [38;2;23;8;10m  [38;2;86;21;30m  [38;2;0;0;0m        [38;2;14;4;5m  [38;2;91;29;37m  [38;2;134;45;56m  [38;2;160;53;67m  [38;2;171;57;72m██[38;2;174;58;74m██[38;2;174;59;73m██[38;2;167;53;70m██[38;2;186;85;86m  [38;2;125;48;55m  [38;2;138;44;57m  [38;2;185;62;78m██[38;2;184;62;78m██[38;2;183;62;78m██[38;2;177;61;76m██[38;2;156;53;67m██[38;2;30;20;20m  [38;2;0;1;0m  [38;2;0;0;0m      
[38;2;0;0;0m    [38;2;41;14;17m  [38;2;125;38;49m  [38;2;0;0;0m    [38;2;21;6;8m  [38;2;101;32;41m  [38;2;176;59;75m██[38;2;187;63;79m██[38;2;185;62;78m██[38;2;184;62;78m██[38;2;180;61;76m██[38;2;172;58;73m██[38;2;171;57;72m██[38;2;179;61;76m██[38;2;226;108;107m██[38;2;194;72;84m██[38;2;162;54;68m██[38;2;185;62;79m██[38;2;159;53;67m  [38;2;124;42;52m  [38;2;129;44;55m  [38;2;104;35;44m  [38;2;174;42;71m  [38;2;83;27;35m  [38;2;9;3;3m  [38;2;0;0;0m    
[38;2;0;0;0m    [38;2;31;10;13m  [38;2;169;56;71m██[38;2;70;22;28m  [38;2;62;19;25m  [38;2;163;53;68m  [38;2;184;62;78m████████[38;2;179;60;76m██[38;2;172;58;72m██[38;2;184;62;78m██[38;2;183;61;78m██[38;2;206;88;94m██[38;2;214;100;100m██[38;2;153;53;64m██[38;2;157;51;66m██[38;2;156;52;66m██[38;2;129;42;53m  [38;2;15;4;6m  [38;2;3;1;1m  [38;2;16;4;6m  [38;2;7;2;3m  [38;2;16;6;7m  [38;2;9;3;3m  [38;2;0;0;0m    
[38;2;0;0;0m      [38;2;82;25;33m  [38;2;172;58;73m██[38;2;164;55;69m██[38;2;146;47;60m██[38;2;176;59;74m██[38;2;184;62;78m██████[38;2;185;62;78m██[38;2;183;62;78m██[38;2;167;55;70m██[38;2;190;71;83m██[38;2;227;107;107m██[38;2;216;96;100m██[38;2;175;58;74m██[38;2;156;51;66m██[38;2;184;62;79m██[38;2;183;62;78m██[38;2;157;52;66m██[38;2;22;7;9m  [38;2;0;0;0m            
[38;2;0;0;0m    [38;2;18;5;7m  [38;2;148;49;62m  [38;2;182;62;77m██[38;2;180;61;76m██[38;2;183;62;78m██[38;2;184;62;78m██████████[38;2;183;60;77m██[38;2;201;81;90m██[38;2;213;100;100m██[38;2;220;103;104m██[38;2;188;66;80m██[38;2;184;62;78m██[38;2;180;61;77m██[38;2;169;56;71m██[38;2;184;62;78m██[38;2;182;61;78m██[38;2;142;47;59m  [38;2;15;4;6m  [38;2;0;0;0m          
[38;2;0;0;0m    [38;2;70;22;29m  [38;2;184;62;78m████[38;2;176;60;75m██[38;2;185;62;78m██[38;2;184;62;78m████████[38;2;189;67;81m██[38;2;210;91;96m██[38;2;228;108;108m██[38;2;227;106;107m██[38;2;171;61;74m██[38;2;181;61;76m██[38;2;173;58;73m██[38;2;172;57;73m██[38;2;145;47;60m██[38;2;149;49;62m██[38;2;181;61;77m██[38;2;180;60;77m██[38;2;71;23;30m  [38;2;0;0;0m          
[38;2;0;0;0m    [38;2;198;84;90m██[38;2;184;62;78m██[38;2;182;60;77m██[38;2;173;57;73m██[38;2;183;61;77m██[38;2;183;60;77m██[38;2;183;59;76m██[38;2;194;74;85m██[38;2;214;94;98m██[38;2;222;104;105m██[38;2;229;109;108m██[38;2;226;106;107m██[38;2;193;72;84m██[38;2;184;62;78m██[38;2;168;56;71m██[38;2;169;56;72m██[38;2;145;47;60m██[38;2;129;41;53m██[38;2;164;55;69m██[38;2;169;56;72m██[38;2;178;60;76m██[38;2;174;58;74m██[38;2;38;10;14m  [38;2;0;0;0m        
[38;2;0;0;0m  [38;2;124;58;57m  [38;2;232;110;110m██[38;2;214;101;101m██[38;2;217;97;100m██[38;2;195;83;89m██[38;2;209;90;96m██[38;2;215;96;100m██[38;2;226;106;106m██[38;2;230;110;109m██[38;2;229;109;108m██[38;2;212;100;100m██[38;2;216;95;99m██[38;2;187;64;80m██[38;2;176;59;74m██[38;2;184;62;78m██[38;2;161;54;68m██[38;2;132;42;54m██[38;2;133;43;54m██[38;2;85;26;34m██[38;2;167;55;71m██[38;2;141;46;59m██[38;2;179;60;77m██[38;2;177;60;76m██[38;2;123;40;52m  [38;2;4;1;1m  [38;2;0;0;0m      
[38;2;55;15;21m  [38;2;156;60;68m  [38;2;223;104;105m██[38;2;216;102;102m██[38;2;230;110;109m██[38;2;222;105;105m██[38;2;219;104;104m██[38;2;229;109;109m██[38;2;230;110;109m██[38;2;228;108;108m██[38;2;211;91;96m██[38;2;175;63;76m██[38;2;184;62;78m██[38;2;185;62;78m██[38;2;169;56;71m██[38;2;182;61;77m██[38;2;178;60;76m██[38;2;139;45;57m██[38;2;179;61;76m██[38;2;41;14;18m██[38;2;118;37;48m██[38;2;119;38;49m██[38;2;168;56;72m██[38;2;175;58;75m██[38;2;160;53;68m  [38;2;27;8;11m  [38;2;0;0;0m      
[38;2;114;36;46m██[38;2;166;55;70m██[38;2;175;57;74m██[38;2;188;71;82m██[38;2;205;85;92m██[38;2;211;91;96m██[38;2;190;81;86m██[38;2;206;86;93m██[38;2;195;75;87m██[38;2;182;60;77m██[38;2;183;60;77m██[38;2;184;62;78m██[38;2;156;51;65m██[38;2;185;62;78m██[38;2;176;59;74m██[38;2;172;57;73m██[38;2;183;61;78m██[38;2;165;55;70m██[38;2;96;30;38m██[38;2;100;31;40m██[38;2;136;44;57m██[38;2;110;34;45m██[38;2;148;48;63m██[38;2;172;58;74m██[38;2;170;57;74m██[38;2;58;19;25m  [38;2;0;0;0m      
[38;2;42;13;17m  [38;2;170;57;72m██[38;2;177;60;75m██[38;2;176;59;75m██[38;2;181;60;77m██[38;2;182;61;77m██[38;2;162;53;68m██[38;2;181;60;77m██[38;2;182;61;77m██[38;2;183;61;78m██[38;2;183;62;78m██[38;2;185;63;79m██[38;2;148;48;61m██[38;2;181;61;77m██[38;2;183;61;78m██[38;2;132;47;56m██[38;2;182;60;76m██[38;2;181;61;77m██[38;2;141;47;58m██[38;2;115;38;47m██[38;2;178;60;77m██[38;2;169;57;73m██[38;2;165;55;71m████[38;2;169;56;73m██[38;2;136;44;58m██[38;2;0;0;0m      
[38;2;25;14;15m  [38;2;48;23;26m██[38;2;168;56;71m██[38;2;176;59;75m██[38;2;180;61;77m██[38;2;182;61;78m██[38;2;161;53;68m██[38;2;164;54;69m██[38;2;183;61;77m██[38;2;182;61;77m██[38;2;183;61;78m██[38;2;183;62;78m██[38;2;161;56;69m██[38;2;156;56;68m██[38;2;171;57;72m██[38;2;173;61;74m██[38;2;163;83;85m██[38;2;178;59;76m██[38;2;173;58;74m██[38;2;159;53;67m██[38;2;174;58;75m██[38;2;159;53;69m██[38;2;165;55;72m██[38;2;161;53;70m██[38;2;166;56;73m████[38;2;17;5;7m  [38;2;0;0;0m    
[38;2;29;28;29m██[38;2;52;27;30m██[38;2;175;58;74m██[38;2;174;59;74m██[38;2;179;60;76m██[38;2;167;56;71m██[38;2;162;53;69m██[38;2;167;55;71m██[38;2;161;53;67m██[38;2;182;61;77m████[38;2;183;61;78m██[38;2;177;60;75m██[38;2;148;79;80m██[38;2;173;53;70m██[38;2;182;60;77m██[38;2;176;77;88m██[38;2;173;92;92m██[38;2;168;27;60m██[38;2;171;52;71m██[38;2;151;50;64m██[38;2;150;50;65m██[38;2;168;57;74m██[38;2;148;49;64m██[38;2;165;55;72m██[38;2;163;54;72m██[38;2;74;23;30m  [38;2;0;0;0m    
[38;2;25;11;12m  [38;2;121;41;52m██[38;2;174;58;74m██[38;2;165;55;71m██[38;2;178;60;76m██[38;2;169;57;72m██[38;2;155;58;70m██[38;2;166;62;75m██[38;2;143;47;60m██[38;2;180;60;77m██[38;2;181;61;77m██[38;2;182;61;77m██[38;2;181;60;76m██[38;2;172;74;82m██[38;2;184;108;108m██[38;2;176;49;69m██[38;2;173;55;74m██[38;2;228;196;191m██[38;2;216;185;178m██[38;2;191;138;133m██[38;2;156;45;63m██[38;2;162;54;70m██[38;2;157;49;66m██[38;2;145;48;64m██[38;2;170;58;84m██[38;2;160;44;67m██[38;2;96;32;42m  [38;2;0;0;0m    
[38;2;39;13;16m  [38;2;172;57;74m██[38;2;174;58;75m██[38;2;143;47;63m██[38;2;177;60;76m██[38;2;168;56;72m██[38;2;149;55;66m██[38;2;148;78;78m██[38;2;155;54;67m██[38;2;169;60;75m██[38;2;180;60;77m██[38;2;180;61;77m██[38;2;181;60;77m██[38;2;176;21;60m██[38;2;197;155;151m██[38;2;216;169;170m██[38;2;225;179;180m██[38;2;170;154;149m██[38;2;64;61;59m██[38;2;135;120;115m██[38;2;167;96;102m██[38;2;163;48;68m██[38;2;153;80;84m██[38;2;223;195;190m██[38;2;237;221;214m██[38;2;167;51;82m██[38;2;130;43;57m  [38;2;14;4;5m  [38;2;0;0;0m  
[38;2;34;11;15m  [38;2;165;55;71m██[38;2;174;58;75m██[38;2;128;42;59m██[38;2;175;59;76m██[38;2;159;53;68m██[38;2;170;88;93m██[38;2;216;160;153m██[38;2;162;53;69m██[38;2;160;69;76m██[38;2;175;51;70m██[38;2;176;60;77m██[38;2;184;65;93m██[38;2;207;170;166m██[38;2;250;233;225m██[38;2;203;188;181m██[38;2;90;82;79m██[38;2;124;116;112m██[38;2;217;194;186m██[38;2;251;226;217m██[38;2;184;149;145m██[38;2;149;27;51m██[38;2;240;210;202m██[38;2;255;236;228m██[38;2;226;201;194m██[38;2;141;48;64m██[38;2;152;51;68m██[38;2;51;16;22m  [38;2;0;0;0m  
[38;2;30;9;13m  [38;2;160;53;69m  [38;2;171;57;74m██[38;2;145;48;64m██[38;2;154;51;68m██[38;2;161;70;78m██[38;2;178;99;102m██[38;2;247;229;221m██[38;2;221;183;180m██[38;2;152;46;47m██[38;2;201;139;140m██[38;2;229;197;193m██[38;2;248;230;222m██[38;2;255;236;228m██[38;2;238;222;215m██[38;2;167;153;148m██[38;2;232;219;211m██[38;2;254;210;199m██[38;2;255;192;179m██[38;2;255;190;177m██[38;2;218;160;150m██[38;2;159;92;91m██[38;2;255;238;229m██[38;2;255;240;232m██[38;2;172;117;120m██[38;2;137;39;55m██[38;2;124;40;55m██[38;2;136;45;61m██[38;2;0;0;0m  
[38;2;22;6;9m  [38;2;150;49;64m  [38;2;168;56;73m██[38;2;169;57;73m██[38;2;111;34;53m██[38;2;173;92;95m██[38;2;168;98;102m██[38;2;255;237;229m████[38;2;248;231;223m██[38;2;255;238;230m██[38;2;255;235;227m██████[38;2;255;236;228m██[38;2;255;237;229m██[38;2;255;229;221m██[38;2;255;192;179m██[38;2;255;189;176m████[38;2;230;165;154m██[38;2;206;173;168m██[38;2;248;231;223m██[38;2;208;178;175m██[38;2;127;20;28m██[38;2;150;50;69m██[38;2;130;42;58m██[38;2;128;41;57m██[38;2;107;35;48m  
[38;2;0;0;0m  [38;2;121;40;52m  [38;2;166;55;72m██[38;2;167;56;73m██[38;2;116;33;46m██[38;2;193;145;141m██[38;2;230;216;209m██[38;2;188;174;168m██[38;2;114;101;97m██[38;2;169;150;143m██[38;2;255;237;229m██[38;2;255;235;227m██████[38;2;255;238;229m████[38;2;255;233;224m██[38;2;255;195;183m██[38;2;255;187;173m██[38;2;255;191;178m██[38;2;216;177;168m██[38;2;245;231;223m██[38;2;193;147;142m██[38;2;150;47;61m██[38;2;127;40;57m██[38;2;148;49;67m██[38;2;147;48;67m██[38;2;106;33;46m██[38;2;52;17;23m  
[38;2;0;0;0m  [38;2;96;31;41m  [38;2;164;55;72m██[38;2;163;55;72m██[38;2;160;61;76m██[38;2;203;176;170m██[38;2;83;58;51m██[38;2;134;120;116m██[38;2;214;192;184m██[38;2;243;223;216m██[38;2;255;236;228m████[38;2;251;232;224m██[38;2;238;207;201m██[38;2;204;160;157m██[38;2;192;157;154m██[38;2;249;233;224m██[38;2;255;235;227m██[38;2;255;228;220m██[38;2;255;235;227m██[38;2;250;235;227m██[38;2;172;124;128m██[38;2;138;22;45m██[38;2;151;50;68m██[38;2;103;32;50m██[38;2;147;48;66m██[38;2;145;48;66m██[38;2;136;45;62m██[38;2;0;0;0m  
[38;2;0;0;0m  [38;2;61;18;25m  [38;2;163;54;72m██[38;2;160;53;70m██[38;2;157;46;64m██[38;2;191;150;147m██[38;2;240;204;194m██[38;2;255;193;181m██[38;2;255;192;179m██[38;2;255;217;207m██[38;2;255;236;228m██[38;2;222;194;187m██[38;2;203;131;131m██[38;2;223;143;140m██[38;2;240;162;156m██[38;2;238;158;152m██[38;2;225;194;188m██[38;2;255;236;228m██[38;2;255;235;227m██[38;2;255;238;230m██[38;2;203;167;161m██[38;2;146;38;56m██[38;2;149;49;67m██[38;2;150;50;68m██[38;2;88;27;46m██[38;2;144;48;66m██[38;2;144;47;66m██[38;2;145;48;67m██[38;2;45;13;19m  
[38;2;0;0;0m  [38;2;66;18;26m  [38;2;152;51;67m██[38;2;157;52;70m██[38;2;157;51;69m██[38;2;138;62;75m██[38;2;246;184;172m██[38;2;255;189;176m██[38;2;255;189;175m██[38;2;255;202;190m██[38;2;255;238;230m██[38;2;205;147;144m██[38;2;219;127;129m██[38;2;244;169;162m████[38;2;245;169;162m██[38;2;226;178;171m██[38;2;255;236;228m██[38;2;253;235;227m██[38;2;198;176;170m██[38;2;51;15;24m██[38;2;148;49;66m██[38;2;147;49;67m██[38;2;145;48;66m██[38;2;85;26;46m██[38;2;139;45;65m██[38;2;143;47;66m██[38;2;144;48;66m██[38;2;86;27;38m  
[38;2;0;0;0m  [38;2;85;25;34m  [38;2;140;46;62m██[38;2;155;51;69m████[38;2;148;41;63m██[38;2;151;67;71m██[38;2;241;176;163m██[38;2;255;189;176m██[38;2;255;223;213m██[38;2;255;235;228m██[38;2;244;224;216m██[38;2;207;131;129m██[38;2;245;169;162m██[38;2;244;169;162m██[38;2;244;165;158m██[38;2;235;201;193m██[38;2;255;241;232m██[38;2;168;152;146m██[38;2;82;29;42m██[38;2;97;29;49m██[38;2;147;49;66m██[38;2;145;48;66m██[38;2;137;45;62m██[38;2;86;27;47m██[38;2;130;43;62m██[38;2;141;47;65m██[38;2;142;47;65m██[38;2;110;35;49m  
[38;2;0;0;0m  [38;2;76;20;30m  [38;2;143;47;63m██[38;2;150;50;67m██[38;2;152;51;68m████[38;2;155;53;74m██[38;2;225;195;187m██[38;2;255;234;226m██[38;2;255;236;228m██[38;2;255;235;227m██[38;2;255;236;228m██[38;2;243;221;213m██[38;2;242;185;178m██[38;2;246;185;178m██[38;2;250;215;207m██[38;2;222;209;202m██[38;2;111;101;97m██[38;2;14;4;5m██[38;2;24;13;18m██[38;2;90;29;42m██[38;2;144;47;66m████[38;2;127;41;58m██[38;2;92;29;50m██[38;2;112;36;55m██[38;2;142;47;65m████[38;2;132;43;60m██
[38;2;0;0;0m  [38;2;72;19;28m  [38;2;147;49;66m██[38;2;145;48;65m██[38;2;149;50;68m██[38;2;142;47;65m██[38;2;146;46;63m██[38;2;103;45;47m██[38;2;149;122;121m██[38;2;210;193;186m██[38;2;234;216;208m██[38;2;247;228;220m████[38;2;232;215;207m██[38;2;195;180;174m██[38;2;86;79;77m██[38;2;36;29;28m██[38;2;35;7;11m██[38;2;10;12;14m██[38;2;10;23;25m██[38;2;111;36;51m██[38;2;138;45;63m██[38;2;142;47;65m██[38;2;119;38;55m██[38;2;94;30;51m██[38;2;94;30;50m██[38;2;137;45;63m██[38;2;142;47;65m████
[38;2;0;0;0m  [38;2;74;21;31m  [38;2;128;42;58m  [38;2;114;36;50m  [38;2;149;49;67m██[38;2;148;49;67m██[38;2;126;41;59m██[38;2;125;41;57m██[38;2;89;17;43m██[38;2;84;8;22m██[38;2;72;8;13m██[38;2;60;8;13m██[38;2;52;5;9m██[38;2;35;3;3m██[38;2;13;9;8m██[38;2;65;18;32m██[38;2;59;36;35m██[38;2;53;23;28m██[38;2;38;30;33m██[38;2;69;52;37m██[38;2;135;57;70m██[38;2;141;53;69m██[38;2;141;47;65m██[38;2;108;32;51m██[38;2;94;30;51m████[38;2;102;32;51m██[38;2;143;47;66m██[38;2;145;48;66m██
[38;2;8;1;2m  [38;2;109;35;48m  [38;2;30;9;13m  [38;2;92;30;41m  [38;2;143;47;65m██[38;2;146;48;66m██[38;2;130;42;60m██[38;2;126;41;58m██[38;2;109;35;53m██[38;2;94;29;50m██[38;2;95;30;51m██[38;2;85;21;46m██[38;2;18;13;15m██[38;2;11;14;15m██[38;2;53;18;25m██[38;2;125;30;57m██[38;2;155;39;68m██[38;2;134;64;52m██[38;2;136;98;73m██[38;2;115;42;46m██[38;2;134;60;66m██[38;2;143;54;71m██[38;2;140;45;64m██[38;2;110;55;62m██[38;2;94;26;50m██[38;2;96;31;52m██[38;2;74;21;38m██[38;2;134;44;62m██[38;2;146;48;66m██
[38;2;35;8;11m  [38;2;18;5;8m  [38;2;0;0;0m  [38;2;100;33;45m  [38;2;128;42;57m██[38;2;145;48;66m██[38;2;140;46;65m██[38;2;83;25;43m██[38;2;117;37;55m██[38;2;95;29;48m██[38;2;91;26;48m██[38;2;113;73;52m██[38;2;44;33;30m██[38;2;38;29;32m██[38;2;105;36;40m██[38;2;175;57;81m██[38;2;155;80;75m██[38;2;73;49;33m██[38;2;133;32;50m██[38;2;125;40;50m██[38;2;126;38;51m██[38;2;134;43;62m██[38;2;135;38;60m██[38;2;203;150;150m██[38;2;78;27;33m██[38;2;96;28;51m██[38;2;69;21;36m  [38;2;86;27;43m  [38;2;146;48;67m██
[38;2;0;0;0m      [38;2;96;31;43m  [38;2;137;46;62m██[38;2;138;45;63m██[38;2;143;47;66m██[38;2;104;33;51m██[38;2;94;30;50m██[38;2;94;29;49m██[38;2;67;18;34m██[38;2;155;111;105m██[38;2;204;149;132m██[38;2;133;51;57m██[38;2;43;29;27m██[38;2;29;43;38m██[38;2;70;46;46m██[38;2;18;24;28m██[38;2;107;34;43m██[38;2;109;38;46m██[38;2;116;39;50m██[38;2;136;44;63m██[38;2;146;50;71m██[38;2;235;210;203m██[38;2;140;103;101m██[38;2;92;22;47m██[38;2;78;24;41m  [38;2;40;8;18m  [38;2;113;36;57m██
[38;2;0;0;0m      [38;2;97;31;44m  [38;2;131;42;58m  [38;2;99;30;43m  [38;2;143;48;66m██[38;2;131;43;60m██[38;2;91;28;49m██[38;2;93;29;50m██[38;2;91;24;48m██[38;2;199;138;136m██[38;2;211;152;143m██[38;2;128;44;54m██[38;2;62;26;32m██[38;2;159;18;59m██[38;2;203;6;70m██[38;2;33;22;28m██[38;2;97;33;42m██[38;2;105;37;46m██[38;2;90;34;43m██[38;2;140;45;64m██[38;2;147;65;83m██[38;2;214;181;160m██[38;2;123;77;38m██[38;2;83;23;46m██[38;2;88;27;47m██[38;2;15;4;8m  [38;2;62;18;33m  [0m
