
[38;2;0;0;0m                [38;2;227;215;225m██[38;2;243;226;243m██[38;2;246;234;249m██[38;2;248;227;249m██[38;2;247;227;250m██[38;2;88;67;91m██[38;2;243;229;250m██[38;2;245;231;244m██[38;2;248;235;253m██[38;2;239;232;249m██[38;2;237;227;245m██[38;2;233;229;247m██[38;2;234;226;247m██[38;2;240;233;250m██[38;2;135;118;140m██[38;2;239;232;249m██[38;2;248;243;248m██[38;2;247;243;246m██[38;2;176;165;186m██[38;2;234;232;250m██[38;2;237;229;249m██[38;2;242;229;241m██
[38;2;0;0;0m              [38;2;66;61;66m  [38;2;0;0;0m  [38;2;241;227;249m██[38;2;204;186;204m██[38;2;164;144;167m██[38;2;114;93;119m██[38;2;244;229;245m██[38;2;231;214;234m██[38;2;236;222;236m██[38;2;191;176;197m██[38;2;239;232;249m██[38;2;231;227;245m████[38;2;237;225;246m██[38;2;230;217;237m██[38;2;234;215;237m██[38;2;244;230;252m██[38;2;252;243;253m██[38;2;255;255;255m██[38;2;102;82;105m██[38;2;237;228;249m██[38;2;237;233;252m██[38;2;239;225;241m██
[38;2;0;0;0m              [38;2;126;113;120m██[38;2;215;200;214m██[38;2;145;131;154m██[38;2;243;236;254m██[38;2;217;199;219m██[38;2;143;119;137m██[38;2;213;195;213m██[38;2;202;182;202m██[38;2;237;220;238m██[38;2;152;142;146m██[38;2;238;231;249m██[38;2;233;228;247m██[38;2;237;227;245m██[38;2;247;228;249m██[38;2;202;186;196m██[38;2;144;123;151m██[38;2;242;230;252m██[38;2;238;229;249m██[38;2;235;230;248m██[38;2;236;217;229m██[38;2;239;232;250m██[38;2;246;231;252m██[38;2;240;229;250m██
[38;2;0;0;0m                [38;2;239;224;238m██[38;2;79;65;77m██[38;2;222;203;225m██[38;2;249;227;250m██[38;2;66;38;43m██[38;2;116;85;88m██[38;2;119;107;111m██[38;2;104;85;87m██[38;2;238;228;249m██[38;2;237;227;245m██[38;2;235;228;245m██[38;2;243;229;246m██[38;2;210;193;191m██[38;2;252;242;239m██[38;2;97;73;101m██[38;2;246;231;252m██[38;2;236;227;248m██[38;2;242;228;247m██[38;2;246;234;252m██[38;2;204;190;212m██[38;2;237;229;248m██[38;2;234;225;247m██
[38;2;0;0;0m                [38;2;190;164;183m██[38;2;88;71;87m██[38;2;116;95;116m██[38;2;80;58;80m██[38;2;238;216;231m██[38;2;234;215;210m██[38;2;238;224;219m██[38;2;196;182;191m██[38;2;233;230;248m██[38;2;238;227;249m██[38;2;241;225;247m██[38;2;173;149;151m██[38;2;115;97;98m██[38;2;247;239;244m██[38;2;147;118;129m██[38;2;191;173;194m██[38;2;68;56;69m  [38;2;177;163;186m██[38;2;137;119;139m██[38;2;160;145;169m██[38;2;179;163;186m██[38;2;195;176;198m██
[38;2;0;0;0m                [38;2;173;153;174m██[38;2;69;50;71m██[38;2;173;144;162m██[38;2;24;23;84m██[38;2;24;23;85m██[38;2;40;18;36m██[38;2;146;120;121m██[38;2;185;163;164m██[38;2;238;231;250m██[38;2;233;229;247m██[38;2;158;133;148m██[38;2;94;74;75m██[38;2;253;242;239m██[38;2;251;240;237m██[38;2;248;217;209m██[38;2;238;231;249m██[38;2;237;232;249m██[38;2;234;228;245m██[38;2;75;51;73m██[38;2;151;127;174m██[38;2;152;130;177m██[38;2;158;134;177m██
[38;2;0;0;0m                [38;2;215;196;217m██[38;2;88;66;93m██[38;2;110;78;80m██[38;2;18;24;99m██[38;2;14;27;112m████[38;2;178;167;173m██[38;2;176;151;152m██[38;2;241;227;248m██[38;2;239;217;232m██[38;2;249;237;234m██[38;2;244;227;225m██[38;2;224;208;203m██[38;2;227;212;207m██[38;2;253;232;221m██[38;2;247;226;249m██[38;2;228;216;236m██[38;2;237;228;249m██[38;2;83;62;83m██[38;2;150;126;176m██[38;2;154;131;179m██[38;2;162;138;175m██
[38;2;0;0;0m                [38;2;250;228;250m██[38;2;121;99;130m██[38;2;79;51;54m██[38;2;29;50;129m██[38;2;36;57;135m██[38;2;21;42;120m██[38;2;254;246;233m██[38;2;147;126;145m██[38;2;240;226;247m██[38;2;247;235;225m██[38;2;81;59;62m██[38;2;83;100;163m██[38;2;24;23;85m██[38;2;32;22;66m██[38;2;47;21;31m██[38;2;147;126;148m██[38;2;186;174;196m██[38;2;242;229;251m██[38;2;131;110;132m██[38;2;149;125;175m██[38;2;62;39;76m██[38;2;128;107;128m██
[38;2;0;0;0m                [38;2;101;78;101m██[38;2;115;94;127m██[38;2;70;41;47m██[38;2;110;128;170m██[38;2;154;188;241m██[38;2;43;61;91m██[38;2;255;246;233m██[38;2;86;63;89m██[38;2;98;71;74m██[38;2;241;229;219m██[38;2;246;238;228m██[38;2;21;42;120m██[38;2;23;44;122m██[38;2;14;27;112m██[38;2;24;23;83m██[38;2;126;107;127m██[38;2;243;229;250m██[38;2;237;225;247m██[38;2;91;68;94m██[38;2;142;120;165m██[38;2;155;132;171m██[38;2;252;243;253m██
[38;2;0;0;0m                [38;2;67;46;85m██[38;2;126;100;107m██[38;2;92;62;64m██[38;2;242;212;210m██[38;2;151;142;148m██[38;2;251;243;227m████[38;2;157;136;158m██[38;2;255;246;233m██[38;2;250;242;226m██[38;2;255;246;234m██[38;2;50;72;148m██[38;2;62;83;157m██[38;2;33;54;133m██[38;2;41;32;40m  [38;2;154;135;162m██[38;2;240;225;246m██[38;2;245;230;251m██[38;2;79;55;78m██[38;2;156;135;169m██[38;2;230;219;238m██[38;2;237;227;245m██
[38;2;0;0;0m      [38;2;255;255;255m██████[38;2;84;71;82m██[38;2;100;88;97m  [38;2;144;122;157m██[38;2;104;83;105m██[38;2;250;223;222m██[38;2;253;232;221m██[38;2;254;238;230m██[38;2;255;247;238m██[38;2;255;246;233m██[38;2;254;246;237m██[38;2;255;246;233m████[38;2;252;244;228m██[38;2;137;151;189m██[38;2;157;184;230m██[38;2;194;182;200m██[38;2;245;234;225m██[38;2;99;90;96m██[38;2;241;227;248m██[38;2;62;48;53m██[38;2;143;128;167m██[38;2;154;132;167m██[38;2;239;229;250m██[38;2;235;232;251m██
[38;2;0;0;0m    [38;2;72;61;68m  [38;2;255;255;255m████████████████[38;2;241;238;239m██[38;2;92;77;79m  [38;2;248;233;231m██[38;2;251;240;236m██[38;2;254;244;239m██[38;2;254;243;240m██[38;2;255;246;233m██[38;2;254;238;230m██[38;2;242;228;220m██[38;2;232;202;198m██[38;2;251;220;210m██[38;2;107;86;87m██[38;2;232;226;245m██[38;2;244;229;243m██[38;2;250;235;233m██[38;2;169;154;178m██[38;2;232;227;245m██[38;2;231;227;245m██[38;2;230;224;243m██
[38;2;0;0;0m    [38;2;255;255;255m██████████████████████████████[38;2;100;89;92m██[38;2;176;160;158m██[38;2;249;222;221m██[38;2;249;221;221m██[38;2;248;219;215m██[38;2;96;67;70m██[38;2;242;230;252m██[38;2;204;166;156m██[38;2;77;63;69m██[38;2;227;219;239m██[38;2;234;232;250m██[38;2;233;229;247m██[38;2;179;167;187m██
[38;2;0;0;0m    [38;2;255;255;255m████████████████████████████████████████[38;2;254;253;254m██[38;2;77;49;54m██[38;2;70;50;69m██[38;2;164;143;188m██[38;2;232;227;245m██[38;2;234;232;250m██[38;2;235;228;245m██[38;2;101;77;108m██
[38;2;0;0;0m    [38;2;255;255;255m██████████████████████████████████████████[38;2;193;184;191m██[38;2;154;129;178m██[38;2;152;128;176m██[38;2;215;207;226m██[38;2;231;227;245m██[38;2;233;229;247m██[38;2;212;194;216m██
[38;2;0;0;0m  [38;2;42;38;41m  [38;2;255;255;255m████[38;2;0;0;0m██[38;2;212;208;211m██[38;2;255;255;255m██████████████████████████████████[38;2;148;128;149m██[38;2;150;133;182m██[38;2;154;133;180m██[38;2;164;150;173m██[38;2;231;227;245m██[38;2;234;232;250m██[38;2;241;226;247m██
[38;2;0;0;0m  [38;2;115;101;102m██[38;2;255;255;255m██████████████████████████████████████████[38;2;216;208;226m██[38;2;142;123;169m██[38;2;156;131;179m██[38;2;144;130;167m██[38;2;242;235;253m██[38;2;234;232;250m██[38;2;236;228;236m██
[38;2;241;237;240m██[38;2;247;232;230m██[38;2;255;255;255m██[38;2;5;2;3m██[38;2;255;255;255m██████████[38;2;0;0;0m██[38;2;26;25;25m██[38;2;255;255;255m████████████████████████[38;2;74;52;94m██[38;2;89;67;109m██[38;2;150;133;182m██[38;2;149;132;175m██[38;2;233;229;247m██[38;2;234;232;250m██[38;2;237;224;244m██
[38;2;254;249;254m██[38;2;104;92;106m██[38;2;255;255;255m██[38;2;0;0;0m██████[38;2;255;255;255m████[38;2;58;56;57m██[38;2;255;255;255m██[38;2;29;28;29m██[38;2;255;255;255m██[38;2;255;254;254m██[38;2;255;255;255m██[38;2;0;0;0m██[38;2;210;203;208m██[38;2;255;255;255m██████████████[38;2;149;132;181m██[38;2;152;134;179m██[38;2;147;130;177m██[38;2;102;81;122m██[38;2;235;225;247m██[38;2;237;228;249m██[38;2;235;228;245m██
[38;2;248;244;249m██[38;2;255;255;255m████[38;2;0;0;0m██[38;2;255;255;255m██████[38;2;30;29;30m██[38;2;0;0;0m████[38;2;24;23;24m██[38;2;255;255;255m██[38;2;0;0;0m████[38;2;255;255;255m████████[38;2;0;0;0m██[38;2;255;255;255m██████[38;2;250;241;251m██[38;2;63;42;81m██[38;2;144;130;167m██[38;2;145;131;178m██[38;2;144;127;173m██[38;2;159;143;168m██[38;2;242;229;250m██[38;2;236;229;246m██
[38;2;125;115;125m██[38;2;255;255;255m████[38;2;0;0;0m████[38;2;174;165;167m██[38;2;255;255;255m██[38;2;0;0;0m██[38;2;255;255;255m████[38;2;17;16;16m██[38;2;255;255;255m██[38;2;0;0;0m██[38;2;40;37;38m██[38;2;255;255;255m██████[38;2;0;0;0m██[38;2;255;255;255m██████[38;2;212;206;214m██[38;2;244;237;253m██[38;2;254;244;254m██[38;2;145;129;175m██[38;2;150;128;178m██[38;2;145;128;173m██[38;2;68;48;84m██[38;2;244;230;251m██[38;2;234;228;245m██
[38;2;202;193;202m██[38;2;255;255;255m██████████████████[38;2;0;0;0m██[38;2;255;255;255m██[38;2;0;0;0m████[38;2;255;255;255m████[38;2;0;0;0m██████[38;2;255;255;255m██████[38;2;189;206;224m  [38;2;202;231;251m██[38;2;143;123;169m██[38;2;92;71;112m██[38;2;139;130;175m██[38;2;156;131;179m██[38;2;197;184;205m██[38;2;233;229;247m██
[38;2;255;255;255m████████████████████████████[38;2;0;0;0m██[38;2;255;255;255m██[38;2;191;185;188m██[38;2;255;255;255m██████████[38;2;190;226;246m██[38;2;191;229;243m██[38;2;152;128;177m██[38;2;152;129;169m██[38;2;154;129;178m██[38;2;147;125;173m██[38;2;65;42;81m██[38;2;238;231;248m██
[38;2;255;255;255m██████████████████████████████████████[38;2;241;240;240m██[38;2;255;255;255m████[38;2;194;217;234m  [38;2;192;230;243m██[38;2;81;60;98m██[38;2;153;132;178m██[38;2;146;126;172m██[38;2;150;133;177m██[38;2;148;128;174m██[38;2;160;144;169m██
[38;2;255;255;255m████████████████████████████████████████████[38;2;28;54;94m██[38;2;192;230;243m██[38;2;85;64;106m██[38;2;145;131;178m██[38;2;140;122;165m██[38;2;140;130;175m██[38;2;148;131;175m██[38;2;140;118;160m██
[38;2;255;255;255m██████████████████████████████████████████[38;2;164;155;163m██[38;2;41;50;73m██[38;2;187;223;244m██[38;2;147;129;176m██[38;2;144;131;177m██[38;2;150;133;176m██[38;2;139;130;175m██[38;2;145;131;178m██[38;2;237;217;240m██
[38;2;84;73;81m  [38;2;194;188;193m██[38;2;255;255;255m██████████████████████████████████████[38;2;167;152;159m██[38;2;207;224;242m██[38;2;31;80;138m██[38;2;101;168;217m██[38;2;122;168;218m██[38;2;111;91;136m██[38;2;142;130;176m██[38;2;147;132;179m██[38;2;247;233;246m██[0m
