
[38;2;0;0;0m                    [38;2;195;162;127m  [38;2;244;247;238m██[38;2;249;250;250m██[38;2;253;253;250m██[38;2;251;252;251m██[38;2;253;253;252m██[38;2;251;252;249m██[38;2;245;242;230m██[38;2;185;147;114m  [38;2;170;169;169m  [38;2;0;0;0m                
[38;2;0;0;0m                [38;2;22;22;22m  [38;2;185;150;116m  [38;2;185;168;143m██[38;2;253;252;251m██[38;2;255;255;255m██████████[38;2;254;253;253m██[38;2;249;249;246m██[38;2;184;153;116m  [38;2;0;0;0m                
[38;2;0;0;0m              [38;2;226;225;224m  [38;2;184;158;127m  [38;2;249;253;253m██[38;2;255;254;254m██[38;2;254;255;254m██[38;2;255;255;255m██[38;2;251;255;253m██[38;2;233;227;218m██[38;2;253;251;249m██[38;2;254;255;250m██[38;2;254;255;254m██[38;2;254;254;254m██[38;2;241;250;248m██[38;2;204;171;149m  [38;2;0;0;0m              
[38;2;0;0;0m              [38;2;184;149;115m  [38;2;252;252;253m██[38;2;254;252;252m██[38;2;255;255;255m██████[38;2;248;254;254m██[38;2;247;250;248m██[38;2;184;155;119m██[38;2;252;252;249m██[38;2;251;251;252m██[38;2;255;255;255m██[38;2;253;252;250m██[38;2;184;153;116m  [38;2;0;0;0m  [38;2;190;188;170m  [38;2;195;168;143m  [38;2;188;154;123m  [38;2;206;184;166m  [38;2;0;0;0m    
[38;2;0;0;0m            [38;2;204;185;159m  [38;2;247;247;240m██[38;2;253;254;253m██[38;2;255;255;255m████████[38;2;248;249;252m██[38;2;216;240;247m██[38;2;250;246;239m██[38;2;201;167;132m██[38;2;250;247;249m██[38;2;255;255;255m██[38;2;252;252;252m██[38;2;214;196;174m██[38;2;159;156;148m  [38;2;218;198;185m██[38;2;251;251;247m██[38;2;251;252;251m██[38;2;248;252;246m██[38;2;198;174;151m██[38;2;229;215;197m  
[38;2;0;0;0m            [38;2;196;166;145m██[38;2;253;252;252m██[38;2;255;253;253m██[38;2;255;255;255m████[38;2;249;252;252m██[38;2;249;251;247m██[38;2;149;207;231m██[38;2;243;249;239m██[38;2;218;199;177m██[38;2;245;240;228m██[38;2;250;253;248m██[38;2;255;255;255m██[38;2;251;252;252m██[38;2;221;202;181m██[38;2;188;159;130m██[38;2;251;253;251m██[38;2;255;253;254m██[38;2;237;233;219m██[38;2;200;175;147m██[38;2;241;235;226m██[38;2;202;179;157m██
[38;2;0;0;0m          [38;2;214;215;209m  [38;2;243;245;239m██[38;2;255;255;255m████████[38;2;247;251;251m██[38;2;224;244;248m██[38;2;201;236;242m██[38;2;232;219;210m██[38;2;238;240;236m██[38;2;253;251;253m██[38;2;252;253;253m██[38;2;255;255;255m██[38;2;254;254;253m██[38;2;191;163;134m██[38;2;207;191;170m██[38;2;251;251;251m██[38;2;254;254;254m██[38;2;248;251;249m██[38;2;248;251;251m██[38;2;182;150;115m██[38;2;242;250;246m██
[38;2;0;0;0m        [38;2;10;10;11m  [38;2;186;165;129m  [38;2;244;250;248m██[38;2;255;255;255m████████[38;2;254;254;254m██[38;2;253;253;253m██[38;2;253;252;248m██[38;2;203;175;145m██[38;2;252;251;250m██[38;2;255;255;255m██████[38;2;250;251;250m██[38;2;188;151;125m██[38;2;252;248;250m██[38;2;184;150;114m██[38;2;248;249;245m██[38;2;251;253;251m██[38;2;251;252;244m██[38;2;190;163;132m██[38;2;243;240;226m██
[38;2;0;0;0m      [38;2;198;198;198m  [38;2;186;157;123m██[38;2;225;213;199m██[38;2;248;249;245m██[38;2;255;255;255m████████[38;2;252;253;251m██[38;2;250;252;253m██[38;2;244;248;244m██[38;2;249;246;241m██[38;2;254;252;248m██[38;2;251;253;251m██[38;2;252;253;250m██[38;2;252;251;252m██[38;2;242;229;214m██[38;2;249;247;237m██[38;2;254;254;251m██[38;2;250;251;249m██[38;2;201;188;166m██[38;2;190;161;130m██[38;2;204;183;152m██[38;2;181;146;105m██[38;2;182;167;140m  
[38;2;0;0;0m    [38;2;191;209;216m  [38;2;195;168;135m██[38;2;252;251;246m██[38;2;249;249;251m██[38;2;251;252;251m██[38;2;255;255;255m████████[38;2;251;254;249m██[38;2;243;240;229m██[38;2;226;215;208m██[38;2;209;180;151m██[38;2;247;254;252m██[38;2;248;249;246m██[38;2;220;210;190m██[38;2;184;149;119m██[38;2;181;146;114m██[38;2;250;249;245m██[38;2;255;255;255m██[38;2;255;255;254m██[38;2;254;254;252m██[38;2;251;254;252m██[38;2;252;253;253m██[38;2;252;253;254m██[38;2;190;176;162m  
[38;2;0;0;0m  [38;2;181;161;137m  [38;2;231;223;208m██[38;2;253;251;252m██[38;2;251;253;253m██[38;2;252;253;250m██[38;2;252;254;250m██[38;2;250;254;252m██[38;2;251;251;248m██[38;2;250;253;252m██[38;2;250;253;248m██[38;2;248;247;239m██[38;2;185;151;115m██[38;2;247;250;247m██[38;2;183;153;123m██[38;2;182;144;110m██[38;2;189;156;130m██[38;2;244;249;249m██[38;2;249;253;249m██[38;2;246;247;243m██[38;2;248;252;250m██[38;2;249;252;249m██[38;2;255;255;255m████[38;2;251;252;250m██[38;2;244;244;238m██[38;2;253;251;253m██[38;2;186;171;151m  
[38;2;186;164;140m  [38;2;243;247;247m██[38;2;249;254;251m██[38;2;251;251;249m██[38;2;202;182;160m██[38;2;184;147;118m██[38;2;187;148;120m██[38;2;199;176;151m██[38;2;250;252;246m██[38;2;230;246;245m██[38;2;243;250;247m██[38;2;246;249;245m██[38;2;208;182;162m██[38;2;203;170;138m██[38;2;190;146;106m██[38;2;231;205;158m██[38;2;180;153;120m██[38;2;229;215;195m██[38;2;196;173;151m██[38;2;245;241;233m██[38;2;186;158;130m██[38;2;243;241;229m██[38;2;254;254;252m██[38;2;253;251;250m██[38;2;251;250;245m██[38;2;233;221;211m██[38;2;223;205;190m██[38;2;222;218;202m  
[38;2;226;221;205m██[38;2;252;253;250m██[38;2;253;250;249m██[38;2;224;211;196m██[38;2;249;253;246m██[38;2;249;253;253m██[38;2;250;254;253m██[38;2;249;250;246m██[38;2;185;150;110m██[38;2;182;224;235m██[38;2;247;248;248m██[38;2;211;191;175m██[38;2;242;251;245m██[38;2;252;252;248m██[38;2;221;204;188m██[38;2;231;204;157m██[38;2;232;200;154m██[38;2;230;205;157m██[38;2;188;149;105m██[38;2;232;202;157m██[38;2;232;227;205m██[38;2;250;250;247m██[38;2;253;254;250m██[38;2;247;240;238m██[38;2;215;201;173m██[38;2;252;250;251m██[38;2;248;247;238m██[38;2;185;154;120m  
[38;2;249;250;248m██[38;2;255;255;255m████████████[38;2;254;254;254m██[38;2;244;247;247m██[38;2;238;235;224m██[38;2;242;217;234m██[38;2;184;148;119m██[38;2;227;191;165m██[38;2;190;156;115m██[38;2;205;164;121m██[38;2;232;204;158m██[38;2;211;179;133m██[38;2;227;207;158m██[38;2;195;160;119m██[38;2;224;201;153m██[38;2;211;175;130m██[38;2;187;147;106m██[38;2;192;164;131m██[38;2;183;148;111m  [38;2;175;147;110m  [38;2;198;171;143m██[38;2;247;247;242m██[38;2;194;158;127m██
[38;2;250;246;243m██[38;2;254;254;254m██[38;2;255;255;254m████[38;2;255;255;255m██[38;2;255;255;254m████[38;2;254;254;254m██[38;2;248;243;231m██[38;2;211;188;163m██[38;2;231;197;185m██[38;2;181;143;108m██[38;2;211;171;124m██[38;2;219;186;143m██[38;2;227;207;157m██[38;2;233;207;160m██[38;2;231;207;159m██[38;2;233;205;158m██[38;2;231;205;161m██[38;2;229;202;154m██[38;2;234;202;155m██[38;2;219;191;143m██[38;2;177;159;136m  [38;2;0;0;0m          
[38;2;183;150;108m  [38;2;248;250;246m██[38;2;253;253;251m██[38;2;255;255;253m██[38;2;255;255;255m██[38;2;254;254;252m██[38;2;252;252;250m██[38;2;249;251;242m██[38;2;187;151;113m  [38;2;0;0;0m      [38;2;220;212;174m  [38;2;183;151;123m  [38;2;229;203;152m██[38;2;230;205;158m██[38;2;210;174;124m██[38;2;229;197;154m██[38;2;197;161;121m██[38;2;230;206;157m██[38;2;231;203;162m██[38;2;215;187;144m██[38;2;209;211;209m  [38;2;0;0;0m          
[38;2;0;0;0m  [38;2;188;172;152m  [38;2;182;151;120m  [38;2;206;182;159m██[38;2;214;194;173m██[38;2;201;175;147m██[38;2;181;148;115m  [38;2;203;184;164m  [38;2;0;0;0m            [38;2;155;156;155m  [38;2;161;225;217m  [38;2;0;0;0m  [38;2;192;188;187m  [38;2;207;218;213m  [38;2;201;217;209m  [38;2;185;161;138m  [38;2;180;148;111m  [38;2;107;109;103m  [38;2;0;0;0m          [0m
