
[38;2;85;85;85m  [38;2;104;104;104m  [38;2;52;52;52m  [38;2;165;165;165m  [38;2;76;76;76m  [38;2;25;25;25m  [38;2;4;4;4m██[38;2;7;7;7m██[38;2;54;54;54m██[38;2;4;4;4m██[38;2;8;8;8m██████[38;2;7;7;7m██[38;2;29;29;29m██[38;2;7;7;7m██[38;2;8;8;8m██[38;2;6;6;6m████[38;2;5;5;5m████[38;2;7;7;7m██[38;2;6;6;6m██[38;2;5;5;5m  [38;2;0;0;0m            
[38;2;8;8;8m██[38;2;5;5;5m██[38;2;7;7;7m██[38;2;6;6;6m████[38;2;7;7;7m██[38;2;12;12;12m██[38;2;14;14;14m██[38;2;6;6;6m██[38;2;5;5;5m████[38;2;7;7;7m██[38;2;6;6;6m██[38;2;180;180;180m██[38;2;4;4;4m██[38;2;6;6;6m██[38;2;7;7;7m████[38;2;6;6;6m██[38;2;5;5;5m████[38;2;7;7;7m██[38;2;5;5;5m██[38;2;6;6;6m██[38;2;7;7;7m  [38;2;0;0;0m          
[38;2;5;5;5m██[38;2;7;7;7m████████[38;2;6;6;6m██[38;2;18;18;18m██[38;2;5;5;5m████████[38;2;7;7;7m██[38;2;170;170;170m██[38;2;64;64;64m██[38;2;5;5;5m██[38;2;6;6;6m██[38;2;7;7;7m██████[38;2;6;6;6m██[38;2;5;5;5m██[38;2;7;7;7m██[38;2;6;6;6m██[38;2;23;23;23m██[38;2;6;6;6m██[38;2;14;14;14m  [38;2;0;0;0m        
[38;2;32;32;32m  [38;2;7;7;7m██[38;2;9;9;9m██[38;2;6;6;6m██████[38;2;7;7;7m██[38;2;6;6;6m██████[38;2;5;5;5m██[38;2;82;82;82m██[38;2;31;31;31m██[38;2;11;11;11m██[38;2;7;7;7m██[38;2;4;4;4m██[38;2;6;6;6m██[38;2;7;7;7m██[38;2;6;6;6m██[38;2;8;8;8m██[38;2;10;10;10m██[38;2;7;7;7m████[38;2;28;28;28m██[38;2;8;8;8m████[38;2;71;71;71m  [38;2;0;0;0m      
[38;2;64;64;64m  [38;2;7;7;7m██[38;2;8;8;8m██[38;2;7;7;7m██[38;2;6;6;6m██[38;2;7;7;7m██[38;2;8;8;8m██[38;2;6;6;6m██[38;2;5;5;5m██[38;2;4;4;4m██[38;2;6;6;6m████[38;2;69;69;69m██[38;2;4;4;4m██[38;2;17;17;17m██[38;2;6;6;6m██[38;2;8;8;8m██[38;2;6;6;6m██[38;2;7;7;7m████████[38;2;6;6;6m██[38;2;15;15;15m██[38;2;6;6;6m██[38;2;7;7;7m██[38;2;6;6;6m██[38;2;0;0;0m      
[38;2;0;0;0m  [38;2;15;15;15m  [38;2;9;9;9m██[38;2;7;7;7m██[38;2;41;41;41m██[38;2;7;7;7m██[38;2;6;6;6m██[38;2;7;7;7m██[38;2;6;6;6m██[38;2;5;5;5m██[38;2;6;6;6m██[38;2;16;16;16m██[38;2;25;25;25m██[38;2;13;13;13m██[38;2;7;7;7m██[38;2;8;8;8m██[38;2;5;5;5m██[38;2;7;7;7m██████[38;2;5;5;5m██[38;2;7;7;7m████[38;2;9;9;9m██[38;2;4;4;4m██[38;2;6;6;6m██[38;2;7;7;7m██[38;2;140;140;140m  [38;2;0;0;0m    
[38;2;0;0;0m  [38;2;89;89;89m  [38;2;10;10;10m██[38;2;6;6;6m██[38;2;60;60;60m██[38;2;6;6;6m██████[38;2;7;7;7m██[38;2;29;29;29m██[38;2;5;5;5m████[38;2;7;7;7m████[38;2;8;8;8m██[38;2;5;5;5m████████[38;2;6;6;6m██[38;2;5;5;5m██[38;2;6;6;6m██[38;2;7;7;7m██[38;2;8;8;8m██[38;2;4;4;4m██[38;2;5;5;5m██[38;2;6;6;6m██[38;2;34;34;34m  [38;2;0;0;0m    
[38;2;0;0;0m    [38;2;40;40;40m  [38;2;10;10;10m██[38;2;7;7;7m████[38;2;6;6;6m██[38;2;5;5;5m████[38;2;68;68;68m██[38;2;5;5;5m██[38;2;8;8;8m██[38;2;6;6;6m██[38;2;5;5;5m██[38;2;6;6;6m██[38;2;13;13;13m██[38;2;6;6;6m██[38;2;7;7;7m██[38;2;6;6;6m████████[38;2;14;14;14m██[38;2;28;28;28m██[38;2;5;5;5m██[38;2;7;7;7m██[38;2;12;12;12m██[38;2;6;6;6m██[38;2;0;0;0m    
[38;2;64;64;64m  [38;2;42;42;42m  [38;2;8;8;8m██[38;2;88;88;88m██[38;2;5;5;5m██[38;2;6;6;6m██[38;2;4;4;4m██[38;2;3;3;3m██[38;2;16;16;16m██[38;2;5;5;5m██[38;2;6;6;6m██[38;2;7;7;7m██[38;2;8;8;8m██[38;2;6;6;6m██[38;2;7;7;7m██[38;2;44;44;44m██[38;2;58;58;58m██[38;2;6;6;6m██[38;2;5;5;5m████████[38;2;26;26;26m██[38;2;51;51;51m██[38;2;5;5;5m██[38;2;6;6;6m██[38;2;16;16;16m██[38;2;6;6;6m██[38;2;38;38;38m  [38;2;0;0;0m  
[38;2;9;9;9m  [38;2;10;10;10m██[38;2;8;8;8m██[38;2;195;195;195m██[38;2;8;8;8m██[38;2;4;4;4m██[38;2;6;6;6m██[38;2;5;5;5m██[38;2;105;105;105m██[38;2;5;5;5m██[38;2;6;6;6m██[38;2;8;8;8m██[38;2;35;35;35m██[38;2;29;29;29m██[38;2;181;181;181m██[38;2;18;18;18m██[38;2;187;187;187m██[38;2;6;6;6m██[38;2;8;8;8m██[38;2;6;6;6m██[38;2;5;5;5m██[38;2;19;19;19m██[38;2;44;44;44m██[38;2;23;23;23m██[38;2;4;4;4m██[38;2;6;6;6m██[38;2;4;4;4m██[38;2;13;13;13m██[38;2;49;49;49m██[38;2;68;68;68m  
[38;2;10;10;10m██[38;2;8;8;8m████[38;2;159;159;159m██[38;2;6;6;6m██[38;2;7;7;7m████[38;2;6;6;6m██[38;2;30;30;30m██[38;2;5;5;5m██[38;2;54;54;54m██[38;2;155;155;155m██[38;2;194;194;194m██[38;2;233;233;233m██[38;2;51;51;51m██[38;2;183;183;183m██[38;2;193;193;193m██[38;2;8;8;8m██[38;2;7;7;7m██[38;2;8;8;8m██[38;2;6;6;6m██[38;2;24;24;24m██[38;2;36;36;36m██[38;2;9;9;9m██[38;2;6;6;6m██[38;2;4;4;4m████[38;2;14;14;14m██[38;2;37;37;37m██[38;2;7;7;7m██
[38;2;7;7;7m████[38;2;5;5;5m██[38;2;59;59;59m██[38;2;8;8;8m██[38;2;7;7;7m████[38;2;8;8;8m██[38;2;145;145;145m██[38;2;193;193;193m██[38;2;255;255;255m██[38;2;231;231;231m██[38;2;52;52;52m██[38;2;156;156;156m██[38;2;236;236;236m██[38;2;231;231;231m██[38;2;175;175;175m██[38;2;7;7;7m████[38;2;6;6;6m████[38;2;4;4;4m██[38;2;3;3;3m██[38;2;92;92;92m██[38;2;3;3;3m██[38;2;6;6;6m██[38;2;5;5;5m██[38;2;7;7;7m██[38;2;18;18;18m██[38;2;8;8;8m  
[38;2;7;7;7m██[38;2;9;9;9m██[38;2;168;168;168m██[38;2;8;8;8m██[38;2;9;9;9m██[38;2;7;7;7m██[38;2;9;9;9m██[38;2;21;21;21m██[38;2;192;192;192m██[38;2;253;253;253m██[38;2;254;254;254m████[38;2;236;236;236m██[38;2;228;228;228m██[38;2;70;70;70m██[38;2;210;210;210m██[38;2;112;112;112m██[38;2;9;9;9m████[38;2;8;8;8m██[38;2;5;5;5m██[38;2;6;6;6m██[38;2;11;11;11m██[38;2;180;180;180m██[38;2;6;6;6m██████[38;2;5;5;5m██[38;2;16;16;16m  [38;2;0;0;0m  
[38;2;6;6;6m████[38;2;177;177;177m██[38;2;6;6;6m██[38;2;8;8;8m██[38;2;6;6;6m██[38;2;9;9;9m██[38;2;105;105;105m██[38;2;239;239;239m██[38;2;254;254;254m██[38;2;255;255;255m██[38;2;171;171;171m██[38;2;174;174;174m██[38;2;254;254;254m██[38;2;252;252;252m██[38;2;233;233;233m██[38;2;10;10;10m██[38;2;6;6;6m██[38;2;7;7;7m██[38;2;9;9;9m██[38;2;7;7;7m██[38;2;6;6;6m██[38;2;85;85;85m██[38;2;231;231;231m██[38;2;2;2;2m██[38;2;7;7;7m██[38;2;48;48;48m██[38;2;6;6;6m  [38;2;0;0;0m    
[38;2;6;6;6m██[38;2;7;7;7m██[38;2;152;152;152m██[38;2;7;7;7m████[38;2;8;8;8m██[38;2;7;7;7m██[38;2;190;190;190m██[38;2;234;234;234m██[38;2;249;249;249m██[38;2;254;254;254m██[38;2;251;251;251m██[38;2;118;118;118m██[38;2;254;254;254m██[38;2;240;240;240m██[38;2;229;229;229m██[38;2;9;9;9m██[38;2;7;7;7m██[38;2;8;8;8m██[38;2;10;10;10m████[38;2;199;199;199m██[38;2;234;234;234m████[38;2;88;88;88m██[38;2;8;8;8m██[38;2;20;20;20m██[38;2;9;9;9m  [38;2;0;0;0m    
[38;2;6;6;6m██[38;2;7;7;7m██[38;2;154;154;154m██[38;2;6;6;6m████[38;2;9;9;9m████[38;2;227;227;227m██[38;2;235;235;235m████[38;2;234;234;234m██[38;2;134;134;134m██[38;2;189;189;189m██[38;2;238;238;238m██[38;2;231;231;231m██[38;2;89;89;89m██[38;2;6;6;6m████[38;2;8;8;8m██[38;2;9;9;9m██[38;2;155;155;155m██[38;2;230;230;230m██[38;2;200;200;200m██[38;2;95;95;95m██[38;2;233;233;233m██[38;2;40;40;40m██[38;2;8;8;8m██[38;2;132;132;132m  [38;2;0;0;0m    
[38;2;6;6;6m████[38;2;78;78;78m██[38;2;8;8;8m██[38;2;7;7;7m██[38;2;8;8;8m██[38;2;9;9;9m██[38;2;235;235;235m██[38;2;233;233;233m██[38;2;235;235;235m████[38;2;234;234;234m██[38;2;233;233;233m████[38;2;229;229;229m██[38;2;12;12;12m██[38;2;8;8;8m██[38;2;6;6;6m██[38;2;11;11;11m██[38;2;232;232;232m██[38;2;203;203;203m██[38;2;255;255;255m████[38;2;254;254;254m██[38;2;128;128;128m██[38;2;22;22;22m██[38;2;8;8;8m██[38;2;96;96;96m  [38;2;0;0;0m    
[38;2;8;8;8m████[38;2;21;21;21m██[38;2;5;5;5m██[38;2;8;8;8m████[38;2;7;7;7m██[38;2;235;235;235m██[38;2;232;232;232m██[38;2;234;234;234m██[38;2;236;236;236m██[38;2;234;234;234m██[38;2;235;235;235m██[38;2;233;233;233m██[38;2;63;63;63m██[38;2;30;30;30m██[38;2;158;158;158m██[38;2;226;226;226m██[38;2;234;234;234m██[38;2;249;249;249m██[38;2;166;166;166m██[38;2;254;254;254m██[38;2;253;253;253m██[38;2;254;254;254m██[38;2;196;196;196m██[38;2;7;7;7m██[38;2;10;10;10m██[38;2;0;0;0m      
[38;2;7;7;7m██[38;2;5;5;5m██[38;2;7;7;7m████[38;2;9;9;9m██[38;2;10;10;10m██[38;2;6;6;6m██[38;2;231;231;231m██[38;2;234;234;234m████[38;2;236;236;236m██[38;2;235;235;235m██[38;2;236;236;236m██[38;2;234;234;234m██[38;2;235;235;235m██[38;2;237;237;237m██[38;2;234;234;234m██[38;2;214;214;214m██[38;2;235;235;235m██[38;2;213;213;213m██[38;2;200;200;200m██[38;2;252;252;252m██[38;2;254;254;254m██[38;2;243;243;243m██[38;2;16;16;16m██[38;2;8;8;8m██[38;2;9;9;9m  [38;2;0;0;0m      
[38;2;7;7;7m██[38;2;6;6;6m████[38;2;8;8;8m██[38;2;9;9;9m██[38;2;8;8;8m██[38;2;83;83;83m██[38;2;235;235;235m██████[38;2;236;236;236m██[38;2;235;235;235m██[38;2;214;214;214m██[38;2;88;88;88m██[38;2;148;148;148m██[38;2;231;231;231m██[38;2;235;235;235m████[38;2;234;234;234m████[38;2;235;235;235m██[38;2;239;239;239m██[38;2;235;235;235m██[38;2;107;107;107m██[38;2;5;5;5m██[38;2;8;8;8m██[38;2;14;14;14m  [38;2;0;0;0m      
[38;2;8;8;8m██[38;2;6;6;6m██[38;2;7;7;7m██[38;2;8;8;8m██[38;2;10;10;10m██[38;2;9;9;9m██[38;2;11;11;11m██[38;2;235;235;235m██[38;2;234;234;234m██[38;2;233;233;233m████[38;2;234;234;234m██[38;2;183;183;183m████[38;2;184;184;184m██[38;2;183;183;183m██[38;2;36;36;36m██[38;2;175;175;175m██[38;2;233;233;233m██[38;2;232;232;232m██[38;2;234;234;234m██[38;2;235;235;235m██[38;2;230;230;230m██[38;2;4;4;4m██[38;2;6;6;6m████[38;2;76;76;76m  [38;2;0;0;0m      
[38;2;6;6;6m██[38;2;5;5;5m████[38;2;8;8;8m██[38;2;7;7;7m████[38;2;154;154;154m██[38;2;198;198;198m██[38;2;234;234;234m██[38;2;235;235;235m██[38;2;233;233;233m██[38;2;159;159;159m██[38;2;181;181;181m██[38;2;182;182;182m██████[38;2;132;132;132m██[38;2;213;213;213m██[38;2;231;231;231m██[38;2;234;234;234m████[38;2;233;233;233m██[38;2;40;40;40m██[38;2;4;4;4m██[38;2;6;6;6m██[38;2;7;7;7m██[38;2;64;64;64m  [38;2;0;0;0m      
[38;2;5;5;5m████[38;2;9;9;9m████[38;2;6;6;6m██[38;2;5;5;5m██[38;2;184;184;184m██[38;2;233;233;233m██[38;2;231;231;231m██[38;2;236;236;236m██[38;2;204;204;204m██[38;2;183;183;183m██[38;2;182;182;182m████[38;2;186;186;186m██[38;2;184;184;184m██[38;2;162;162;162m██[38;2;236;236;236m██[38;2;234;234;234m██[38;2;236;236;236m██[38;2;235;235;235m██[38;2;229;229;229m██[38;2;8;8;8m██[38;2;5;5;5m██[38;2;6;6;6m██[38;2;7;7;7m  [38;2;0;0;0m        
[38;2;8;8;8m██[38;2;6;6;6m██[38;2;40;40;40m██[38;2;18;18;18m██[38;2;5;5;5m████[38;2;125;125;125m██[38;2;234;234;234m██[38;2;235;235;235m██[38;2;218;218;218m██[38;2;236;236;236m██[38;2;169;169;169m██[38;2;180;180;180m██[38;2;184;184;184m██[38;2;183;183;183m████[38;2;194;194;194m██[38;2;233;233;233m██[38;2;234;234;234m██[38;2;235;235;235m██[38;2;232;232;232m██[38;2;32;32;32m██[38;2;6;6;6m██[38;2;8;8;8m██[38;2;7;7;7m██[38;2;6;6;6m  [38;2;0;0;0m        
[38;2;9;9;9m██[38;2;8;8;8m██[38;2;58;58;58m██[38;2;47;47;47m██[38;2;7;7;7m████[38;2;55;55;55m██[38;2;88;88;88m██[38;2;232;232;232m██[38;2;234;234;234m██[38;2;178;178;178m██[38;2;235;235;235m██[38;2;223;223;223m██[38;2;163;163;163m██[38;2;179;179;179m██[38;2;154;154;154m██[38;2;235;235;235m██[38;2;230;230;230m██[38;2;233;233;233m██[38;2;235;235;235m██[38;2;60;60;60m██[38;2;3;3;3m██[38;2;6;6;6m██[38;2;7;7;7m████[38;2;134;134;134m  [38;2;0;0;0m        
[38;2;6;6;6m██[38;2;8;8;8m██[38;2;7;7;7m██[38;2;83;83;83m██[38;2;7;7;7m██[38;2;5;5;5m██[38;2;61;61;61m██[38;2;4;4;4m██[38;2;18;18;18m██[38;2;233;233;233m██[38;2;235;235;235m██[38;2;145;145;145m██[38;2;236;236;236m██[38;2;235;235;235m██[38;2;237;237;237m██[38;2;236;236;236m██[38;2;233;233;233m██[38;2;229;229;229m██[38;2;92;92;92m██[38;2;5;5;5m██████[38;2;6;6;6m██[38;2;7;7;7m██[38;2;10;10;10m██[38;2;0;0;0m          
[38;2;237;237;237m██[38;2;233;233;233m██[38;2;236;236;236m██[38;2;164;164;164m██[38;2;23;23;23m██[38;2;7;7;7m██[38;2;39;39;39m██[38;2;3;3;3m████[38;2;4;4;4m██[38;2;81;81;81m██[38;2;234;234;234m██[38;2;208;208;208m██[38;2;158;158;158m██[38;2;169;169;169m██[38;2;49;49;49m██[38;2;4;4;4m██[38;2;6;6;6m████[38;2;11;11;11m██[38;2;4;4;4m████[38;2;6;6;6m██[38;2;7;7;7m██[38;2;73;73;73m  [38;2;0;0;0m          
[38;2;236;236;236m████[38;2;234;234;234m██[38;2;237;237;237m██[38;2;233;233;233m██[38;2;6;6;6m██[38;2;14;14;14m██[38;2;7;7;7m██[38;2;5;5;5m████[38;2;6;6;6m██[38;2;8;8;8m██[38;2;12;12;12m██[38;2;24;24;24m██[38;2;8;8;8m██[38;2;7;7;7m██[38;2;6;6;6m  [38;2;119;119;119m  [38;2;7;7;7m  [38;2;59;59;59m██[38;2;7;7;7m██[38;2;6;6;6m████  [38;2;0;0;0m            
[38;2;231;231;231m██[38;2;232;232;232m██[38;2;236;236;236m██████[38;2;184;184;184m██[38;2;21;21;21m██[38;2;197;197;197m██[38;2;4;4;4m██[38;2;3;3;3m██[38;2;5;5;5m██[38;2;4;4;4m██[38;2;9;9;9m██[38;2;4;4;4m██[38;2;6;6;6m  [38;2;133;133;133m  [38;2;87;87;87m  [38;2;6;6;6m  [38;2;5;5;5m██[38;2;46;46;46m██[38;2;6;6;6m██[38;2;7;7;7m████[38;2;85;85;85m  [38;2;0;0;0m            
[38;2;236;236;236m████[38;2;235;235;235m██[38;2;237;237;237m██[38;2;238;238;238m██[38;2;236;236;236m██[38;2;172;172;172m██[38;2;238;238;238m██[38;2;236;236;236m██[38;2;175;175;175m██[38;2;37;37;37m██[38;2;36;36;36m██[38;2;106;106;106m██[38;2;5;5;5m██[38;2;6;6;6m  ████[38;2;7;7;7m  [38;2;78;78;78m  [38;2;14;14;14m  [38;2;5;5;5m██[38;2;8;8;8m██  [38;2;0;0;0m              [0m
