
[38;2;0;0;0m                                                [38;2;83;83;85m  [38;2;254;254;254m████[38;2;207;207;207m  [38;2;0;0;0m  
[38;2;0;0;0m                                                [38;2;254;254;254m██[38;2;169;169;169m██[38;2;181;181;182m██[38;2;103;103;104m██[38;2;223;223;223m  
[38;2;0;0;0m                                                [38;2;248;248;248m██[38;2;254;254;254m████[38;2;239;239;239m██[38;2;254;254;254m██
[38;2;0;0;0m              [38;2;15;15;16m  [38;2;60;50;56m  [38;2;107;74;77m  [38;2;149;96;99m██[38;2;169;106;110m██[38;2;164;104;107m██[38;2;135;89;93m██[38;2;95;69;72m  [38;2;16;16;16m  [38;2;0;0;0m                [38;2;168;168;169m  [38;2;254;254;254m████[38;2;119;119;120m██[38;2;254;254;254m██
[38;2;0;0;0m          [38;2;71;57;60m  [38;2;240;152;157m██[38;2;244;144;149m████[38;2;224;134;138m██[38;2;206;125;129m██[38;2;244;144;149m████████[38;2;162;102;106m██[38;2;76;59;61m  [38;2;44;44;44m  [38;2;0;0;0m            [38;2;20;20;21m  [38;2;234;234;234m██[38;2;194;194;195m██[38;2;242;242;242m  [38;2;20;20;21m  
[38;2;0;0;0m      [38;2;14;14;15m  [38;2;233;162;167m██[38;2;245;154;159m██[38;2;244;144;149m██[38;2;229;137;141m██[38;2;244;144;149m████[38;2;229;137;141m██[38;2;205;125;129m██[38;2;244;144;149m████████████[38;2;215;130;134m██[38;2;25;24;31m  [38;2;0;0;0m        [38;2;22;22;23m  [38;2;254;254;254m████[38;2;0;0;0m    
[38;2;0;0;0m    [38;2;24;24;24m  [38;2;250;199;202m██[38;2;247;173;177m██[38;2;247;176;181m██[38;2;179;111;115m██[38;2;244;144;149m████[38;2;173;108;112m██[38;2;244;144;149m██████████[38;2;197;120;125m██[38;2;244;144;149m██[38;2;218;131;135m██[38;2;244;144;149m████[38;2;78;60;62m  [38;2;0;0;0m      [38;2;25;25;25m  [38;2;130;130;132m██[38;2;239;239;239m  [38;2;0;0;0m    
[38;2;0;0;0m    [38;2;232;179;183m██[38;2;252;223;226m██[38;2;248;181;185m██[38;2;221;132;137m██[38;2;244;144;149m████[38;2;207;126;130m██[38;2;244;144;149m██████[38;2;237;141;145m██[38;2;244;144;149m██████[38;2;220;132;137m██[38;2;244;144;149m██[38;2;168;106;109m██[38;2;244;144;149m████[38;2;99;70;73m  [38;2;0;0;0m      [38;2;75;75;76m  [38;2;18;18;18m  [38;2;0;0;0m    
[38;2;0;0;0m  [38;2;96;71;73m  [38;2;252;222;225m██[38;2;252;217;220m██[38;2;244;144;149m██[38;2;202;127;131m██[38;2;244;144;149m██[38;2;163;103;107m██[38;2;244;144;149m██████[38;2;207;125;130m██[38;2;244;144;149m████████[38;2;157;100;104m██[38;2;244;144;149m████[38;2;109;76;79m██[38;2;244;144;149m██[38;2;246;163;168m██[38;2;61;52;54m  [38;2;0;0;0m            
[38;2;4;4;4m  [38;2;250;210;214m██[38;2;249;190;194m██[38;2;244;144;149m██[38;2;183;113;117m██[38;2;247;171;175m██[38;2;175;109;113m██[38;2;246;165;170m██[38;2;244;144;149m████[38;2;231;137;142m██[38;2;244;144;149m████[38;2;228;136;141m██[38;2;244;144;149m██████[38;2;202;123;127m██[38;2;244;144;149m████[38;2;239;142;146m██[38;2;245;159;164m██[38;2;252;222;225m██[38;2;18;18;19m  [38;2;0;0;0m          
[38;2;60;51;52m  [38;2;247;174;178m██[38;2;249;196;199m██[38;2;244;144;149m██[38;2;165;116;119m██[38;2;244;144;149m██[38;2;210;152;156m██[38;2;245;158;163m██[38;2;244;144;149m████[38;2;147;108;111m██[38;2;244;144;149m████[38;2;213;136;140m██[38;2;244;144;149m██████[38;2;117;79;83m██[38;2;244;144;149m████[38;2;114;79;83m██[38;2;244;149;154m██[38;2;252;223;226m██[38;2;184;144;148m██[38;2;0;0;0m          
[38;2;184;121;126m██[38;2;245;154;158m██[38;2;244;144;149m██████[38;2;215;129;133m██[38;2;252;223;226m██[38;2;244;144;149m██████[38;2;249;198;201m██[38;2;244;144;149m████[38;2;193;143;147m██[38;2;244;144;149m██████[38;2;197;150;153m██[38;2;244;144;149m████[38;2;221;171;175m██[38;2;244;144;149m██[38;2;248;186;190m██[38;2;248;181;185m██[38;2;21;21;22m  [38;2;0;0;0m        
[38;2;246;168;173m██[38;2;244;144;149m████[38;2;223;133;138m██[38;2;244;144;149m██[38;2;124;84;86m██[38;2;248;190;193m██[38;2;244;144;149m████[38;2;198;120;124m██[38;2;248;186;190m██[38;2;244;144;149m████[38;2;184;140;144m██[38;2;244;144;149m██████[38;2;249;195;198m██[38;2;240;139;145m██[38;2;244;144;149m██[38;2;252;223;226m██[38;2;244;144;149m██[38;2;247;177;181m████[38;2;133;91;94m  [38;2;0;0;0m        
[38;2;244;145;150m██[38;2;244;144;149m████[38;2;154;98;102m██[38;2;191;117;121m██[38;2;155;100;104m██[38;2;244;145;150m██[38;2;244;144;149m████[38;2;128;82;85m██[38;2;244;145;150m██[38;2;244;144;149m████[38;2;164;122;125m██[38;2;244;144;149m██████[38;2;247;174;178m██[38;2;227;126;132m██[38;2;244;144;149m██[38;2;247;177;181m██[38;2;201;123;127m██[38;2;244;144;149m██[38;2;181;112;116m██[38;2;243;152;156m██[38;2;0;0;0m        
[38;2;244;144;149m██████[38;2;135;89;93m██[38;2;227;136;140m██[38;2;208;126;130m██[38;2;244;144;149m██████[38;2;119;77;80m██[38;2;244;144;149m██████[38;2;136;94;97m██[38;2;244;144;149m██████[38;2;244;149;154m██[38;2;180;101;106m██[38;2;244;144;149m████[38;2;191;117;121m██[38;2;244;144;149m██[38;2;130;86;90m██[38;2;244;144;149m██[38;2;0;0;0m        
[38;2;244;144;149m████[38;2;240;140;145m██[38;2;122;80;84m██[38;2;197;108;113m██[38;2;235;139;144m██[38;2;244;144;149m██████[38;2;121;79;82m██[38;2;244;144;149m██████[38;2;92;66;69m██[38;2;244;144;149m████████[38;2;147;93;96m██[38;2;244;144;149m████[38;2;218;131;136m██[38;2;238;141;146m██[38;2;178;111;115m██[38;2;244;144;149m██[38;2;0;0;0m        
[38;2;240;140;145m██[38;2;218;117;123m████[38;2;121;76;80m██[38;2;218;117;123m██[38;2;236;140;145m██[38;2;244;144;149m████[38;2;243;143;148m██[38;2;83;68;68m██[38;2;175;109;113m██[38;2;244;144;149m████[38;2;150;124;116m██[38;2;244;144;149m██████[38;2;191;117;121m██[38;2;162;114;112m██[38;2;87;65;67m██[38;2;243;144;149m██[38;2;243;144;148m██[38;2;199;112;118m██[38;2;236;140;145m██[38;2;244;144;149m██[38;2;0;0;0m        
[38;2;218;117;123m██████[38;2;114;73;76m██[38;2;218;117;123m██[38;2;214;129;133m██[38;2;244;144;149m████[38;2;234;134;140m██[38;2;172;139;130m██[38;2;244;144;149m██[38;2;239;142;147m██[38;2;94;68;71m██[38;2;251;201;184m██[38;2;241;141;146m██[38;2;244;144;149m████[38;2;89;67;69m██[38;2;176;130;125m██[38;2;244;144;149m██[38;2;206;125;129m██[38;2;240;139;144m██[38;2;210;114;120m██[38;2;224;124;129m██[38;2;244;144;149m██[38;2;0;0;0m        
[38;2;218;117;123m██████[38;2;116;74;77m██[38;2;168;95;100m██[38;2;167;105;109m██[38;2;244;144;149m████[38;2;228;127;133m██[38;2;250;201;183m██[38;2;244;144;149m████[38;2;161;105;108m██[38;2;250;204;188m██[38;2;240;140;145m██[38;2;244;144;149m████[38;2;237;212;205m██[38;2;206;167;162m██[38;2;227;136;140m██[38;2;212;167;155m██[38;2;239;139;144m██[38;2;218;117;123m████[38;2;244;144;149m██[38;2;0;0;0m        
[38;2;218;117;123m████[38;2;116;78;80m██[38;2;160;130;122m██[38;2;217;116;123m██[38;2;122;80;84m██[38;2;244;144;149m████[38;2;222;121;127m██[38;2;251;204;188m██[38;2;244;144;149m████[38;2;240;215;208m██[38;2;251;215;202m██[38;2;242;142;147m██[38;2;244;144;149m██[38;2;148;105;106m██[38;2;138;125;123m██[38;2;92;83;83m██[38;2;91;57;61m██[38;2;178;145;135m██[38;2;240;141;146m██[38;2;218;117;123m██[38;2;171;98;103m  [38;2;195;119;123m██[38;2;0;0;0m        
[38;2;218;117;123m██[38;2;148;95;97m██[38;2;251;201;184m████[38;2;209;168;155m██[38;2;165;96;101m██[38;2;244;144;149m████[38;2;207;112;118m██[38;2;235;204;195m██[38;2;138;95;97m██[38;2;224;77;87m██[38;2;232;79;88m██[38;2;252;220;210m██[38;2;244;144;149m██[38;2;151;100;104m██[38;2;252;225;217m████[38;2;167;139;137m██[38;2;210;74;83m██[38;2;218;176;163m██[38;2;165;100;105m██[38;2;218;117;123m██[38;2;73;55;57m  [38;2;96;69;72m  [38;2;0;0;0m        
[38;2;218;117;123m██[38;2;159;92;97m██[38;2;251;201;184m██[38;2;155;128;120m██[38;2;251;201;184m██[38;2;244;188;178m██[38;2;224;130;136m██[38;2;244;144;149m██[38;2;182;101;106m██[38;2;252;225;217m██[38;2;249;222;214m██[38;2;178;68;76m██[38;2;132;93;94m██[38;2;252;223;214m██[38;2;200;127;130m██[38;2;252;225;217m████████[38;2;230;206;199m██[38;2;213;174;161m██[38;2;159;92;96m██[38;2;218;117;123m██[38;2;4;4;4m  [38;2;20;20;22m  [38;2;0;0;0m        
[38;2;218;117;123m██[38;2;217;116;123m██[38;2;238;191;175m██[38;2;251;201;184m██[38;2;164;135;126m██[38;2;251;209;195m██[38;2;193;141;141m██[38;2;244;144;149m██[38;2;170;102;105m██[38;2;243;217;210m██[38;2;142;129;126m██[38;2;252;225;217m████[38;2;252;224;216m██[38;2;252;225;217m██████████[38;2;216;193;187m██[38;2;155;119;115m██[38;2;173;98;103m██[38;2;126;78;81m  [38;2;20;20;22m  [38;2;0;0;0m          
[38;2;217;117;122m██[38;2;201;110;115m██[38;2;188;106;111m██[38;2;178;145;135m██[38;2;248;199;182m██[38;2;251;203;186m██[38;2;252;225;217m██[38;2;186;114;118m██[38;2;196;137;136m██[38;2;252;225;217m██████████████████████[38;2;250;223;215m██[38;2;188;104;109m██[38;2;6;6;6m  [38;2;0;0;0m            
[38;2;205;111;117m██[38;2;191;105;111m██[38;2;218;117;123m██[38;2;251;201;184m████[38;2;249;199;183m██[38;2;252;225;217m██[38;2;207;184;179m██[38;2;224;175;172m██[38;2;235;210;203m██[38;2;246;220;212m██[38;2;252;225;217m████████████████████[38;2;218;117;123m██[38;2;0;0;0m              
[38;2;193;106;112m██[38;2;181;101;106m██[38;2;218;117;123m██[38;2;133;88;90m██[38;2;140;110;105m██[38;2;132;94;94m██[38;2;207;185;179m██[38;2;252;225;217m██[38;2;250;218;211m  [38;2;191;172;167m██[38;2;200;180;174m██[38;2;252;225;217m██████████████████[38;2;195;159;157m██[38;2;218;117;123m██[38;2;0;0;0m              
[38;2;182;101;107m██[38;2;170;97;101m██[38;2;218;117;123m██[38;2;198;108;114m████[38;2;185;103;109m██[38;2;218;117;123m██[38;2;152;132;130m██[38;2;252;225;217m████████████[38;2;165;138;142m██[38;2;252;225;217m████████[38;2;174;118;120m██[38;2;198;109;114m██[38;2;218;117;123m██[38;2;0;0;0m              
[38;2;172;97;102m██[38;2;159;92;97m██[38;2;218;117;123m██[38;2;185;103;108m██[38;2;183;102;107m██[38;2;172;97;102m██[38;2;218;117;123m██[38;2;192;106;111m██[38;2;188;104;109m██[38;2;180;162;158m██[38;2;252;225;217m██████[38;2;148;129;130m██[38;2;180;153;155m██[38;2;252;225;217m████[38;2;150;126;124m██[38;2;194;107;112m██[38;2;218;117;123m██[38;2;202;110;116m██[38;2;218;117;123m██[38;2;0;0;0m              
[38;2;164;94;99m██[38;2;156;91;95m██[38;2;218;117;123m██[38;2;167;95;100m██[38;2;180;101;106m██[38;2;159;92;97m██[38;2;218;117;123m██[38;2;167;95;100m██[38;2;218;117;123m██[38;2;192;138;138m██[38;2;250;223;215m██[38;2;194;168;162m██[38;2;171;150;144m██[38;2;164;144;140m██[38;2;156;94;98m██[38;2;172;97;103m██[38;2;218;117;123m████[38;2;178;100;105m██[38;2;218;117;123m██[38;2;214;116;121m██[38;2;218;117;123m██[38;2;0;0;0m              
[38;2;170;97;102m██[38;2;143;85;89m██[38;2;218;117;123m██[38;2;144;85;90m██[38;2;191;106;111m██[38;2;138;83;87m██[38;2;218;117;123m██[38;2;158;91;96m██[38;2;218;117;123m██[38;2;165;102;106m██[38;2;252;225;217m██████[38;2;180;158;152m██[38;2;184;164;159m██[38;2;216;193;187m██[38;2;169;147;144m██[38;2;206;112;118m██[38;2;216;116;122m██[38;2;185;103;108m██[38;2;218;117;123m██[38;2;185;103;108m██[38;2;0;0;0m              [0m
