
[38;2;30;30;31m  [38;2;10;10;10m  [38;2;6;6;6m  [38;2;50;46;51m██[38;2;113;99;114m██[38;2;52;51;62m██[38;2;17;14;16m██[38;2;95;82;94m██[38;2;99;84;96m██[38;2;111;94;106m██[38;2;130;107;120m██[38;2;140;115;129m██[38;2;141;117;132m██[38;2;139;115;131m██[38;2;131;109;122m██[38;2;116;98;112m██[38;2;99;85;97m██[38;2;38;39;38m██[38;2;229;208;235m██[38;2;178;218;196m██[38;2;7;3;8m██[38;2;45;43;46m                [38;2;46;44;47m  
[38;2;26;23;26m██[38;2;87;76;87m██[38;2;38;35;43m██[38;2;20;18;22m██[38;2;81;73;83m██[38;2;56;54;65m██[38;2;76;67;78m██[38;2;89;77;90m██[38;2;82;74;87m██[38;2;78;72;85m██[38;2;134;109;123m██[38;2;140;115;129m██[38;2;139;115;130m██[38;2;139;116;130m██[38;2;133;112;126m██[38;2;50;49;60m██[38;2;94;82;94m██[38;2;91;81;94m██[38;2;15;13;17m██[38;2;187;126;204m██[38;2;5;3;5m██[38;2;47;46;47m              [38;2;53;52;53m  [38;2;163;160;164m  
[38;2;130;112;127m██[38;2;126;108;122m██[38;2;57;56;67m██[38;2;28;27;31m██[38;2;48;44;52m██[38;2;64;60;72m██[38;2;76;69;81m██[38;2;114;98;111m██[38;2;124;104;118m██[38;2;134;110;124m██[38;2;141;114;129m██[38;2;113;93;104m██[38;2;92;82;94m██[38;2;125;106;121m██[38;2;134;113;128m██[38;2;126;107;122m██[38;2;77;69;82m██[38;2;54;52;65m██[38;2;114;99;119m██[38;2;39;35;44m██[38;2;2;2;2m██[38;2;127;127;128m  [38;2;137;137;138m  [38;2;152;152;152m    [38;2;167;167;167m    [38;2;168;168;168m  [38;2;89;81;93m  [38;2;163;160;164m  
[38;2;138;115;130m██[38;2;88;79;90m██[38;2;138;114;128m██[38;2;139;116;130m██[38;2;133;113;128m██[38;2;70;64;75m██[38;2;122;107;122m██[38;2;32;23;26m██[38;2;37;27;29m██[38;2;143;117;131m██[38;2;145;119;132m██[38;2;112;92;102m██[38;2;134;112;126m██[38;2;55;53;64m██[38;2;64;61;73m██[38;2;88;79;93m██[38;2;115;99;118m██[38;2;53;51;66m██[38;2;58;54;77m██[38;2;128;109;141m██[38;2;43;39;49m██[38;2;77;77;78m  [38;2;96;96;96m  [38;2;175;175;175m  [38;2;176;176;176m  [38;2;196;196;196m    [38;2;197;197;197m  [38;2;88;80;92m  [38;2;163;160;164m  
[38;2;142;117;131m██[38;2;145;118;132m██[38;2;146;118;132m██[38;2;143;117;131m██[38;2;117;98;109m██[38;2;131;115;127m██[38;2;135;117;130m██[38;2;60;54;60m██[38;2;64;60;66m██[38;2;56;42;46m██[38;2;150;123;136m██[38;2;146;120;132m██[38;2;88;75;83m██[38;2;114;99;113m██[38;2;55;53;62m██[38;2;81;73;86m██[38;2;66;63;74m██[38;2;82;73;95m██[38;2;75;67;96m██[38;2;83;73;108m██[38;2;134;113;156m██[38;2;48;43;60m██[38;2;29;29;29m  [38;2;175;175;175m  [38;2;176;176;176m  [38;2;196;196;196m    [38;2;197;197;197m  [38;2;88;80;92m  [38;2;163;160;164m  
[38;2;143;118;132m██[38;2;145;117;131m██[38;2;142;115;129m██[38;2;100;79;88m██[38;2;84;77;84m██[38;2;77;65;70m██[38;2;63;43;45m██[38;2;101;91;93m██[38;2;112;76;73m██[38;2;134;105;107m██[38;2;165;136;143m██[38;2;131;108;115m██[38;2;10;8;9m██[38;2;9;8;9m██[38;2;36;32;34m██[38;2;51;45;51m██[38;2;61;52;63m██[38;2;29;25;32m██[38;2;140;116;167m██[38;2;126;106;159m██[38;2;110;94;140m██[38;2;137;115;165m██[38;2;65;59;89m██[38;2;19;19;19m  [38;2;177;177;177m  [38;2;196;196;196m    [38;2;197;197;197m  [38;2;88;80;92m  [38;2;163;160;164m  
[38;2;142;117;131m██[38;2;121;101;114m██[38;2;76;70;80m██[38;2;106;85;91m██[38;2;99;89;93m██[38;2;115;102;103m██[38;2;198;148;136m██[38;2;241;183;167m██[38;2;234;170;155m██[38;2;192;150;147m██[38;2;190;156;157m██[38;2;65;53;54m██[38;2;197;136;126m██[38;2;103;85;85m██[38;2;108;91;94m██[38;2;103;89;96m██[38;2;135;115;138m██[38;2;151;125;166m██[38;2;148;121;177m██[38;2;145;119;187m██[38;2;145;119;189m██[38;2;144;118;183m██[38;2;131;110;164m██[38;2;70;62;95m██[38;2;29;28;28m  [38;2;218;218;218m  [38;2;213;213;213m    [38;2;88;80;92m  [38;2;163;160;164m  
[38;2;137;115;130m██[38;2;71;67;78m██[38;2;81;74;83m██[38;2;133;109;116m██[38;2;84;61;63m██[38;2;230;161;147m██[38;2;254;246;230m██[38;2;255;248;232m██[38;2;248;217;201m██[38;2;228;163;149m██[38;2;203;167;162m██[38;2;126;102;101m██[38;2;238;165;149m██[38;2;233;156;141m██[38;2;108;83;78m██[38;2;140;115;116m██[38;2;138;117;126m██[38;2;148;122;152m██[38;2;158;128;185m██[38;2;101;81;127m██[38;2;147;119;196m██[38;2;143;117;191m██[38;2;145;118;188m██[38;2;124;104;157m██[38;2;34;32;46m██[38;2;131;131;131m  [38;2;144;144;144m  [38;2;158;156;159m  [38;2;88;80;92m  [38;2;163;160;164m  
[38;2;122;107;122m██[38;2;73;67;78m██[38;2;110;96;104m██[38;2;152;127;132m██[38;2;213;144;132m██[38;2;107;89;82m██[38;2;254;248;232m██[38;2;255;248;232m██[38;2;253;242;226m██[38;2;236;168;153m██[38;2;202;167;159m██[38;2;136;111;108m██[38;2;252;243;227m██[38;2;236;157;141m██[38;2;236;158;142m██[38;2;228;157;143m██[38;2;178;140;140m██[38;2;70;54;55m██[38;2;30;15;18m██[38;2;115;88;132m██[38;2;155;123;203m██[38;2;81;68;112m██[38;2;149;121;199m██[38;2;145;119;188m██[38;2;82;73;105m██[38;2;45;42;46m  [38;2;101;99;101m  [38;2;185;177;188m  [38;2;88;80;92m  [38;2;163;160;164m  
[38;2;79;73;85m██[38;2;97;84;96m██[38;2;149;125;135m██[38;2;112;94;97m██[38;2;28;19;17m██[38;2;249;238;222m██[38;2;255;248;232m████[38;2;255;247;231m██[38;2;238;168;152m██[38;2;197;161;153m██[38;2;197;174;163m██[38;2;253;243;227m██[38;2;239;174;158m██[38;2;239;171;155m██[38;2;204;136;122m██[38;2;8;2;1m██[38;2;22;6;4m██[38;2;40;9;7m██[38;2;128;76;71m██[38;2;67;54;87m██[38;2;78;60;109m██[38;2;137;110;189m██[38;2;73;53;93m██[38;2;43;26;52m██[38;2;39;29;44m  [38;2;191;186;194m  [38;2;180;172;183m  [38;2;72;61;77m  [38;2;54;44;59m  
[38;2;67;61;75m██[38;2;132;112;127m██[38;2;117;98;106m██[38;2;45;38;38m██[38;2;190;133;122m██[38;2;255;248;232m██████[38;2;254;246;230m██[38;2;239;172;156m██[38;2;178;141;133m██[38;2;236;219;205m██[38;2;241;191;176m██[38;2;242;182;166m██[38;2;255;254;238m██[38;2;25;6;4m██[38;2;19;5;4m██[38;2;57;37;34m██[38;2;56;19;16m██[38;2;65;24;20m██[38;2;41;33;44m██[38;2;77;58;108m██[38;2;49;30;64m██[38;2;147;123;159m██[38;2;251;240;255m██[38;2;164;135;178m██[38;2;98;71;111m  [38;2;80;44;97m  [38;2;181;154;194m██[38;2;191;170;202m██
[38;2;66;57;77m██[38;2;146;122;141m██[38;2;10;9;8m██[38;2;155;128;127m██[38;2;208;148;135m██[38;2;255;249;233m██[38;2;255;248;232m████[38;2;254;247;231m██[38;2;242;191;175m██[38;2;144;105;98m██[38;2;254;246;230m██[38;2;143;66;57m██[38;2;251;232;216m██[38;2;156;115;105m██[38;2;57;14;11m██[38;2;154;139;129m██[38;2;255;247;231m██[38;2;230;208;195m██[38;2;109;74;69m██[38;2;63;50;59m██[38;2;77;57;107m██[38;2;68;37;83m██[38;2;253;243;255m██[38;2;251;241;255m██[38;2;235;205;247m██[38;2;130;76;157m██[38;2;180;134;199m██[38;2;244;220;254m██[38;2;244;222;254m██
[38;2;67;55;83m██[38;2;116;95;114m██[38;2;118;96;107m██[38;2;166;133;135m██[38;2;221;152;137m██[38;2;254;246;230m██[38;2;255;248;232m██[38;2;254;246;230m██[38;2;255;248;232m██[38;2;252;237;222m██[38;2;169;133;123m██[38;2;253;244;228m██[38;2;244;196;180m██[38;2;255;251;236m██[38;2;127;37;30m██[38;2;125;72;65m██[38;2;255;244;229m██[38;2;253;221;208m██[38;2;251;192;182m██[38;2;249;177;168m██[38;2;130;85;86m██[38;2;76;55;108m██[38;2;80;42;99m██[38;2;246;222;253m██[38;2;243;218;254m██[38;2;212;171;230m██[38;2;162;105;190m██[38;2;222;183;238m██[38;2;229;197;244m██[38;2;236;207;248m██
[38;2;92;75;111m██[38;2;44;36;46m██[38;2;166;131;153m██[38;2;174;137;143m██[38;2;227;152;137m██[38;2;247;212;196m██[38;2;249;218;202m██[38;2;210;138;123m██[38;2;215;144;129m██[38;2;254;242;226m██[38;2;254;246;231m██[38;2;254;247;231m██[38;2;255;248;232m██[38;2;255;250;237m██[38;2;130;25;19m██[38;2;255;250;235m██[38;2;253;218;205m██[38;2;251;179;171m██[38;2;249;152;147m██[38;2;249;156;150m██[38;2;199;124;118m██[38;2;69;48;100m██[38;2;91;47;113m██[38;2;152;97;177m██[38;2;151;93;180m██[38;2;188;138;211m██[38;2;209;166;227m██[38;2;180;128;204m██[38;2;152;94;179m██[38;2;114;71;135m██
[38;2;131;105;153m██[38;2;149;119;160m██[38;2;172;134;164m██[38;2;170;131;144m██[38;2;233;156;140m██[38;2;252;233;217m██[38;2;254;244;228m██[38;2;253;240;224m██[38;2;251;231;215m██[38;2;253;245;229m██[38;2;255;248;232m██████[38;2;255;248;233m██[38;2;237;220;206m██[38;2;254;232;218m██[38;2;252;194;183m██[38;2;249;156;150m██[38;2;249;152;146m██[38;2;250;178;170m██[38;2;208;133;124m██[38;2;55;29;67m██[38;2;244;221;252m██[38;2;244;223;252m██[38;2;237;207;251m██[38;2;186;136;209m██[38;2;244;224;252m██[38;2;244;230;250m██[38;2;231;202;244m██[38;2;128;82;150m██
[38;2;147;119;177m██[38;2;160;125;178m██[38;2;173;133;173m██[38;2;162;123;142m██[38;2;233;156;140m██[38;2;228;181;166m██[38;2;190;178;165m██[38;2;152;120;111m██[38;2;201;173;161m██[38;2;250;240;224m██[38;2;255;248;232m████████[38;2;253;248;235m██[38;2;224;191;180m██[38;2;252;196;186m██[38;2;250;173;165m██[38;2;251;186;177m██[38;2;253;218;205m██[38;2;104;71;72m██[38;2;203;180;213m██[38;2;250;239;255m██[38;2;249;235;255m██[38;2;187;143;209m██[38;2;245;233;251m██[38;2;252;246;254m████[38;2;245;227;253m██[38;2;87;46;108m██
[38;2;151;121;190m██[38;2;161;126;188m██[38;2;171;131;182m██[38;2;148;111;131m██[38;2;43;25;23m██[38;2;11;3;3m██[38;2;22;6;5m██[38;2;43;11;9m██[38;2;74;19;15m██[38;2;101;26;21m██[38;2;217;195;181m██[38;2;255;248;232m████[38;2;252;247;231m██[38;2;126;19;28m██[38;2;143;27;41m██[38;2;254;227;213m██[38;2;253;216;203m██[38;2;254;227;214m██[38;2;255;246;230m██[38;2;126;83;81m██[38;2;164;140;173m██[38;2;249;236;255m██[38;2;245;225;255m██[38;2;111;61;136m██[38;2;247;229;254m██[38;2;250;242;254m██[38;2;196;174;207m██[38;2;76;45;97m██[38;2;49;40;66m██
[38;2;152;122;198m██[38;2;159;124;196m██[38;2;166;127;187m██[38;2;69;43;48m██[38;2;28;7;6m██[38;2;19;6;5m██[38;2;36;24;22m██[38;2;179;168;157m██[38;2;255;247;231m██[38;2;255;243;228m██[38;2;255;245;229m██[38;2;251;243;228m██[38;2;161;89;90m██[38;2;141;13;27m██[38;2;240;111;118m██[38;2;230;97;108m██[38;2;237;226;215m██[38;2;255;242;227m██[38;2;255;247;230m██[38;2;255;248;232m██[38;2;237;157;141m██[38;2;56;35;59m██[38;2;58;28;74m██[38;2;59;30;76m██[38;2;118;89;157m██[38;2;69;41;90m██[38;2;77;87;89m██[38;2;52;49;72m██[38;2;45;56;56m██[38;2;153;188;55m██
[38;2;153;122;203m██[38;2;156;123;201m██[38;2;53;14;12m██[38;2;63;16;13m██[38;2;52;12;10m██[38;2;97;79;73m██[38;2;255;247;231m██[38;2;254;240;225m██[38;2;253;225;211m██[38;2;253;217;204m██[38;2;254;224;210m██[38;2;189;148;142m██[38;2;195;40;62m██[38;2;248;128;131m██[38;2;253;136;138m██[38;2;253;137;139m██[38;2;146;93;92m██[38;2;255;248;232m████[38;2;251;232;216m██[38;2;239;160;144m██[38;2;8;3;13m██[38;2;86;58;137m██[38;2;123;96;174m██[38;2;146;119;194m██[38;2;134;111;172m██[38;2;79;106;52m██[38;2;31;54;48m██[38;2;146;183;58m██[38;2;125;172;69m██
[38;2;150;121;204m██[38;2;125;93;171m██[38;2;159;125;200m██[38;2;112;81;124m██[38;2;69;17;13m██[38;2;114;89;83m██[38;2;254;232;218m██[38;2;252;208;196m██[38;2;251;182;174m██[38;2;251;174;166m██[38;2;252;196;186m██[38;2;254;230;215m██[38;2;182;135;130m██[38;2;239;123;126m██[38;2;253;136;138m████[38;2;158;59;63m██[38;2;255;249;233m██[38;2;255;248;232m██[38;2;241;179;163m██[38;2;85;53;48m██[38;2;45;29;72m██[38;2;91;64;141m██[38;2;147;119;197m██[38;2;117;92;146m██[38;2;102;89;121m██[38;2;63;82;36m██[38;2;56;97;63m██[38;2;51;130;106m██[38;2;22;41;31m██
[38;2;89;67;130m██[38;2;151;121;204m██[38;2;119;89;164m██[38;2;148;117;189m██[38;2;165;108;96m██[38;2;236;154;139m██[38;2;253;211;199m██[38;2;250;176;168m██[38;2;249;156;149m██[38;2;250;162;155m██[38;2;252;195;184m██[38;2;254;231;217m██[38;2;255;247;231m██[38;2;190;151;145m██[38;2;212;104;106m██[38;2;253;136;138m██[38;2;157;56;56m██[38;2;255;248;232m████[38;2;195;121;108m██[38;2;84;48;42m██[38;2;81;54;134m██[38;2;134;101;164m██[38;2;93;30;22m██[38;2;121;72;64m██[38;2;209;200;185m██[38;2;33;23;17m██[38;2;43;28;22m██[38;2;47;30;23m██[38;2;151;149;149m  
[38;2;4;2;6m██[38;2;117;89;171m██[38;2;103;74;151m██[38;2;115;85;162m██[38;2;110;79;125m██[38;2;163;94;84m██[38;2;243;169;157m██[38;2;251;181;173m██[38;2;250;175;166m██[38;2;251;192;182m██[38;2;253;221;208m██[38;2;255;243;227m██[38;2;255;248;232m████[38;2;252;245;230m██[38;2;173;128;120m██[38;2;251;246;230m██[38;2;255;248;232m██[38;2;213;158;145m██[38;2;156;87;77m██[38;2;40;18;39m██[38;2;129;103;178m██[38;2;102;32;23m██[38;2;226;203;189m██[38;2;245;197;181m██[38;2;113;42;33m██[38;2;255;248;232m████[38;2;111;75;67m██[38;2;62;35;32m  
[38;2;18;15;25m██[38;2;16;11;25m██[38;2;78;50;127m██[38;2;85;57;135m██[38;2;79;54;133m██[38;2;94;33;27m██[38;2;237;148;134m██[38;2;253;218;205m████[38;2;254;232;217m██[38;2;255;244;229m██[38;2;255;248;232m████████████[38;2;191;129;118m██[38;2;176;102;93m██[38;2;151;96;94m██[38;2;135;110;174m██[38;2;138;111;180m██[38;2;106;31;22m██[38;2;237;163;147m██[38;2;160;65;53m██[38;2;150;54;43m██[38;2;216;139;124m██[38;2;242;187;171m██[38;2;255;248;232m██[38;2;85;52;47m██
[38;2;27;22;34m██[38;2;121;121;121m  [38;2;24;24;24m  [38;2;12;4;4m  [38;2;68;42;109m██[38;2;65;16;13m██[38;2;181;108;96m██[38;2;236;156;140m████[38;2;246;202;187m██[38;2;251;231;215m██[38;2;254;239;223m██[38;2;253;239;223m██[38;2;245;225;210m██[38;2;203;171;160m██[38;2;86;33;31m██[38;2;93;40;40m██[38;2;233;156;140m██[38;2;226;153;142m██[38;2;69;51;74m██[38;2;91;88;104m██[38;2;110;88;140m██[38;2;103;54;72m██[38;2;172;90;77m██[38;2;227;199;185m██[38;2;255;248;232m██[38;2;223;187;173m██[38;2;193;110;96m██[38;2;238;168;152m██[38;2;250;242;226m██
[38;2;5;5;5m  [38;2;45;45;45m  [38;2;216;216;216m  [38;2;10;7;8m  [38;2;123;100;150m██[38;2;78;50;119m██[38;2;54;15;13m██[38;2;59;15;12m██[38;2;56;17;13m██[38;2;47;15;12m██[38;2;41;12;10m██[38;2;37;11;9m██[38;2;40;13;14m██[38;2;50;27;38m██[38;2;159;149;177m██[38;2;60;37;60m██[38;2;152;102;107m██[38;2;79;60;84m██[38;2;169;164;189m██[38;2;160;156;184m██[38;2;188;183;215m██[38;2;46;35;54m██[38;2;135;105;168m██[38;2;122;47;38m██[38;2;255;249;233m██[38;2;255;248;232m████[38;2;251;242;226m██[38;2;223;173;158m██[38;2;253;246;230m██
[38;2;73;73;73m  [38;2;151;151;151m  [38;2;109;109;109m  [38;2;14;11;17m██[38;2;141;119;169m██[38;2;85;57;137m██[38;2;78;51;129m██[38;2;61;41;103m██[38;2;21;6;3m██[38;2;49;40;49m██[38;2;81;76;107m██[38;2;86;81;113m██[38;2;85;80;112m██[38;2;61;54;84m██[38;2;185;180;212m██[38;2;189;184;210m██[38;2;198;195;214m██[38;2;226;224;237m██[38;2;201;198;221m██[38;2;184;179;210m████[38;2;70;65;75m██[38;2;120;94;144m██[38;2;121;53;44m██[38;2;236;158;142m██[38;2;239;172;156m██[38;2;255;247;231m██[38;2;255;248;232m████[38;2;139;126;117m██
[38;2;73;73;73m  [38;2;194;194;194m  [38;2;206;206;206m  [38;2;49;41;58m██[38;2;119;96;155m██[38;2;76;51;125m██[38;2;64;41;107m██[38;2;43;41;42m  [38;2;6;5;5m██[38;2;66;61;93m██[38;2;75;70;102m██[38;2;80;75;107m██[38;2;80;75;106m██[38;2;73;69;101m██[38;2;111;104;149m██[38;2;190;185;214m██[38;2;199;196;220m██[38;2;191;186;214m██[38;2;184;180;211m██[38;2;180;150;163m██[38;2;183;178;209m██[38;2;38;33;64m██[38;2;31;10;9m██[38;2;197;172;160m██[38;2;203;154;141m██[38;2;192;106;92m██[38;2;236;158;142m██[38;2;255;250;234m██[38;2;252;245;229m██[38;2;15;6;4m██
[38;2;74;74;74m  [38;2;52;52;52m  [38;2;53;53;53m  [38;2;50;42;61m██[38;2;64;51;82m██[38;2;29;20;46m  [38;2;93;93;93m  [38;2;172;172;172m  [38;2;10;9;12m██[38;2;95;90;122m██[38;2;65;60;91m██[38;2;69;64;95m████[38;2;65;60;91m██[38;2;61;56;90m██[38;2;94;87;134m██[38;2;171;165;198m██[38;2;184;179;209m██[38;2;188;155;166m██[38;2;255;210;88m██[38;2;183;140;120m██[38;2;39;34;65m██[38;2;31;14;13m██[38;2;255;253;247m██[38;2;255;248;232m████[38;2;251;233;217m██[38;2;255;248;232m██[38;2;76;61;56m██[38;2;65;59;75m██
[38;2;204;204;204m      [38;2;23;19;27m  [38;2;37;34;41m  [38;2;177;176;178m  [38;2;107;107;107m  [38;2;77;77;77m  [38;2;70;67;85m██[38;2;120;115;148m██[38;2;101;96;129m██[38;2;56;51;83m██[38;2;57;52;83m██[38;2;55;50;82m██[38;2;52;47;79m██[38;2;50;45;76m██[38;2;51;46;78m██[38;2;50;45;77m██[38;2;193;193;203m██[38;2;199;147;90m██[38;2;194;174;172m██[38;2;101;97;123m██[38;2;76;71;86m██[38;2;66;28;21m██[38;2;191;170;151m██[38;2;255;248;232m████[38;2;221;212;198m██[38;2;16;7;6m██[38;2;100;95;123m██
[38;2;212;212;212m      [38;2;32;32;33m  [38;2;132;132;132m  [38;2;143;143;143m  [38;2;204;204;204m  [38;2;54;54;54m  [38;2;93;89;112m██[38;2;120;115;148m██████[38;2;111;106;138m██[38;2;69;64;95m██[38;2;61;56;88m██[38;2;61;56;87m██[38;2;67;62;94m██[38;2;69;64;95m██[38;2;66;61;93m██[38;2;255;255;255m████[38;2;216;216;220m██[38;2;23;39;33m██[38;2;51;130;106m██[38;2;47;22;18m██[38;2;49;15;12m██[38;2;39;12;9m██[38;2;20;8;8m██[38;2;91;86;114m██[38;2;16;15;15m  [0m
