
[38;2;0;0;0m        [38;2;255;255;255m  [38;2;0;0;0m          [38;2;88;80;81m  [38;2;99;78;96m  [38;2;101;74;100m██[38;2;103;74;103m██[38;2;107;77;106m██[38;2;110;81;110m██[38;2;112;84;111m██[38;2;114;85;113m██[38;2;115;85;113m██[38;2;116;87;112m██[38;2;122;99;117m  [38;2;73;70;65m  [38;2;0;0;0m            
[38;2;0;0;0m      [38;2;191;191;191m  [38;2;0;0;0m        [38;2;70;66;67m  [38;2;93;69;90m██[38;2;92;65;91m██[38;2;95;68;93m██[38;2;97;71;96m██[38;2;102;74;103m██[38;2;103;75;104m██[38;2;108;78;108m██[38;2;111;81;110m██[38;2;112;82;111m██[38;2;118;84;112m██[38;2;114;85;112m██[38;2;115;85;113m██[38;2;114;85;112m██[38;2;124;103;117m  [38;2;0;0;0m          
[38;2;0;0;0m    [38;2;255;255;255m  [38;2;64;64;64m  [38;2;0;0;0m      [38;2;117;106;108m  [38;2;87;61;85m██[38;2;89;63;87m██[38;2;91;64;90m██[38;2;93;66;92m██[38;2;95;68;93m██[38;2;96;69;95m██[38;2;98;72;97m██[38;2;102;74;103m██[38;2;103;75;104m██[38;2;107;77;106m██[38;2;111;81;110m██[38;2;112;82;111m██[38;2;114;85;112m██[38;2;113;83;111m██[38;2;113;83;112m██[38;2;114;86;110m██[38;2;40;36;36m  [38;2;0;0;0m      
[38;2;0;0;0m            [38;2;80;69;73m  [38;2;111;82;106m██[38;2;86;61;84m██[38;2;85;61;83m██[38;2;89;63;87m██[38;2;88;63;88m██[38;2;91;64;89m██[38;2;92;65;90m██[38;2;93;66;92m██[38;2;94;67;92m██[38;2;96;69;94m██[38;2;97;72;97m██[38;2;102;74;103m██[38;2;104;76;105m██[38;2;109;79;109m██[38;2;110;80;109m██[38;2;109;79;108m██[38;2;106;77;106m██[38;2;107;80;104m██[38;2;43;43;37m  [38;2;0;0;0m    
[38;2;0;0;0m          [38;2;26;23;23m  [38;2;110;84;108m██[38;2;95;69;92m██[38;2;103;75;99m██[38;2;85;61;83m████[38;2;84;61;83m██[38;2;84;60;82m██[38;2;86;61;83m██[38;2;85;61;83m██[38;2;87;62;86m██[38;2;91;64;89m██[38;2;91;65;90m██[38;2;94;67;92m██[38;2;96;68;95m██[38;2;98;71;98m██[38;2;101;73;102m██[38;2;102;74;103m████[38;2;101;74;102m██[38;2;105;81;101m  [38;2;0;0;0m    
[38;2;0;0;0m          [38;2;87;67;82m  [38;2;88;64;86m██[38;2;89;63;86m██[38;2;109;81;104m██[38;2;89;66;89m██[38;2;78;57;78m████[38;2;77;56;77m██[38;2;79;58;79m██[38;2;76;54;75m██[38;2;79;58;79m██[38;2;80;58;80m██[38;2;84;60;82m██[38;2;87;61;84m██[38;2;89;63;88m██[38;2;91;64;90m██[38;2;94;67;92m██[38;2;95;68;93m██[38;2;95;69;94m██[38;2;95;68;94m████[38;2;115;103;102m  [38;2;0;0;0m  
[38;2;0;0;0m        [38;2;71;63;63m  [38;2;77;56;77m██[38;2;75;54;75m██[38;2;80;58;80m██[38;2;82;59;80m██[38;2;76;55;76m████[38;2;85;62;84m██[38;2;76;55;76m██[38;2;75;54;75m██[38;2;76;55;76m██████[38;2;77;56;77m██[38;2;79;58;79m██[38;2;81;59;80m██[38;2;84;60;82m██[38;2;86;61;84m██[38;2;88;62;86m██[38;2;90;63;89m██[38;2;90;64;89m██[38;2;91;64;89m██[38;2;91;65;90m██[38;2;37;32;37m  
[38;2;0;0;0m        [38;2;80;59;79m██[38;2;76;55;76m██[38;2;74;53;74m████[38;2;73;52;73m██[38;2;65;44;63m██[38;2;72;50;71m██[38;2;90;66;88m██[38;2;74;53;74m██[38;2;78;55;76m██[38;2;80;58;79m██[38;2;76;55;76m██████████[38;2;77;56;77m██[38;2;78;57;78m██[38;2;81;59;80m██[38;2;83;60;82m██[38;2;84;60;82m██[38;2;83;59;81m██[38;2;84;60;82m██[38;2;104;89;99m  
[38;2;0;0;0m      [38;2;111;107;105m  [38;2;75;54;75m██[38;2;72;51;72m██[38;2;73;52;73m████[38;2;61;40;59m██[38;2;70;48;68m██[38;2;71;50;71m██[38;2;73;52;73m██[38;2;71;50;71m██[38;2;91;68;90m██[38;2;85;62;83m██[38;2;82;60;82m██[38;2;73;52;73m██████[38;2;75;54;75m████[38;2;76;55;76m██████[38;2;77;56;77m██[38;2;76;53;75m██[38;2;77;56;77m██[38;2;83;62;81m██
[38;2;0;0;0m      [38;2;83;67;77m  [38;2;73;52;73m██[38;2;70;49;70m██[38;2;71;50;71m██[38;2;65;45;64m██[38;2;63;42;61m██[38;2;121;69;87m██[38;2;72;51;71m██[38;2;71;50;71m██[38;2;84;51;71m██[38;2;72;50;71m██[38;2;72;51;72m██[38;2;73;52;73m██[38;2;70;49;70m██[38;2;68;47;67m██[38;2;73;52;73m██████[38;2;76;54;76m██[38;2;73;52;73m██[38;2;75;54;75m██[38;2;76;55;76m██[38;2;72;51;72m██[38;2;76;55;76m██[38;2;77;56;77m██
[38;2;0;0;0m      [38;2;76;56;74m██[38;2;73;52;72m██[38;2;71;50;71m██[38;2;70;49;70m██[38;2;61;37;54m██[38;2;122;72;89m██[38;2;83;49;69m██[38;2;70;49;69m██[38;2;90;55;74m██[38;2;83;47;68m██[38;2;72;51;71m██[38;2;70;49;70m██[38;2;67;46;66m██[38;2;61;40;59m██[38;2;70;49;70m████[38;2;69;48;68m██[38;2;76;54;76m██[38;2;95;69;91m██[38;2;72;51;72m██[38;2;73;52;73m██[38;2;77;56;77m██[38;2;70;49;70m██[38;2;73;52;73m██[38;2;74;53;74m██
[38;2;0;0;0m    [38;2;85;128;85m  [38;2;74;53;74m██[38;2;70;48;69m██[38;2;71;50;71m██[38;2;57;39;55m██[38;2;120;71;90m██[38;2;202;125;136m██[38;2;72;51;72m████[38;2;185;110;126m██[38;2;123;74;95m██[38;2;71;50;71m██[38;2;70;49;70m██[38;2;53;35;51m██[38;2;63;39;56m██[38;2;71;49;70m██[38;2;70;49;70m██[38;2;68;46;67m██[38;2;70;49;70m██[38;2;73;52;73m██[38;2;70;49;70m██[38;2;82;60;81m██[38;2;92;68;90m██[38;2;73;51;72m██[38;2;71;50;71m██[38;2;88;63;86m██
[38;2;0;0;0m    [38;2;79;67;70m  [38;2;73;52;73m██[38;2;69;48;68m██[38;2;101;63;81m██[38;2;102;63;79m██[38;2;204;123;132m██[38;2;111;66;85m██[38;2;72;51;72m██[38;2;102;62;81m██[38;2;179;111;125m██[38;2;131;83;100m██[38;2;72;50;71m██[38;2;70;49;69m██[38;2;44;29;42m██[38;2;118;68;88m██[38;2;70;49;69m████[38;2;68;46;66m██[38;2;70;49;70m████[38;2;71;50;71m██[38;2;70;49;70m██[38;2;71;50;71m██[38;2;68;45;66m██[38;2;84;60;81m██[38;2;89;67;88m██
[38;2;0;0;0m    [38;2;81;62;75m  [38;2;73;52;73m██[38;2;62;40;60m██[38;2;237;158;163m██[38;2;237;160;165m██[38;2;213;160;167m██[38;2;120;75;92m██[38;2;88;55;77m██[38;2;210;141;152m██[38;2;143;84;100m██[38;2;108;65;85m██[38;2;71;50;71m██[38;2;65;44;63m██[38;2;44;27;42m██[38;2;124;67;86m██[38;2;70;49;69m████[38;2;69;45;65m██[38;2;73;48;69m██[38;2;69;48;69m██[38;2;70;49;70m██[38;2;70;49;69m██[38;2;70;49;67m██[38;2;67;46;65m██[38;2;70;49;67m██[38;2;89;66;87m██
[38;2;0;0;0m  [38;2;59;52;50m  [38;2;73;52;73m██[38;2;71;49;70m██[38;2;217;144;151m██[38;2;214;159;167m██[38;2;240;233;233m██[38;2;213;209;212m██[38;2;213;204;208m██[38;2;235;162;168m██[38;2;246;165;166m██[38;2;202;124;135m██[38;2;103;65;84m██[38;2;74;51;72m██[38;2;55;35;53m██[38;2;65;39;56m██[38;2;96;51;72m██[38;2;70;49;70m██[38;2;71;48;70m██[38;2;91;52;73m██[38;2;77;48;69m██[38;2;58;37;56m██[38;2;70;49;67m██████[38;2;68;46;66m██[38;2;70;49;67m██[38;2;73;53;72m██
[38;2;0;0;0m  [38;2;76;55;74m  [38;2;71;50;71m██[38;2;71;44;63m██[38;2;225;154;159m██[38;2;222;219;223m██[38;2;216;214;217m██[38;2;238;237;240m██[38;2;234;234;235m██[38;2;227;161;170m██[38;2;244;162;164m██[38;2;245;165;167m██[38;2;246;164;166m██[38;2;210;139;147m██[38;2;99;61;78m██[38;2;145;92;105m██[38;2;82;51;72m██[38;2;72;51;72m██[38;2;85;56;76m██[38;2;127;72;91m██[38;2;75;48;68m██[38;2;51;33;50m██[38;2;70;49;67m████[38;2;68;47;67m██[38;2;68;47;66m██[38;2;70;49;67m██[38;2;90;74;82m  
[38;2;88;75;76m  [38;2;70;49;70m██[38;2;51;30;48m██[38;2;70;47;63m██[38;2;206;153;164m██[38;2;238;238;239m██[38;2;240;239;241m██[38;2;222;221;223m██[38;2;213;211;215m██[38;2;218;169;175m██[38;2;244;160;162m██[38;2;245;163;166m██[38;2;244;161;163m██[38;2;244;161;164m██[38;2;246;164;165m██[38;2;218;167;175m██[38;2;234;232;234m██[38;2;202;199;204m██[38;2;162;105;121m██[38;2;200;125;138m██[38;2;70;48;68m██[38;2;55;37;54m██[38;2;70;49;67m████[38;2;65;44;64m██[38;2;67;46;66m██[38;2;70;49;69m██[38;2;90;88;87m  
[38;2;77;59;72m  [38;2;56;36;54m██[38;2;44;28;43m██[38;2;53;35;50m██[38;2;233;225;227m██[38;2;241;241;241m██[38;2;238;238;239m██[38;2;233;232;234m██[38;2;239;235;238m██[38;2;241;164;169m██[38;2;244;162;166m██[38;2;244;160;165m██[38;2;245;165;168m██[38;2;243;158;164m██[38;2;226;159;165m██[38;2;215;211;215m██[38;2;217;215;218m██[38;2;214;213;217m██[38;2;224;156;165m██[38;2;224;146;153m██[38;2;82;49;68m██[38;2;61;40;59m██[38;2;70;49;67m██[38;2;67;46;66m██[38;2;63;42;61m██[38;2;67;46;66m██[38;2;78;59;74m  [38;2;0;0;0m  
[38;2;90;80;79m  [38;2;56;37;55m██[38;2;44;29;43m██[38;2;54;37;52m██[38;2;238;237;239m██[38;2;241;241;241m██████[38;2;218;191;195m██[38;2;244;162;165m██[38;2;245;165;168m██[38;2;241;161;165m██[38;2;245;161;163m██[38;2;245;161;164m██[38;2;218;163;172m██[38;2;217;215;217m██[38;2;222;220;223m██[38;2;221;218;221m██[38;2;218;175;183m██[38;2;233;159;164m██[38;2;243;158;159m██[38;2;93;56;76m██[38;2;70;49;67m██[38;2;67;46;66m██[38;2;66;44;64m██[38;2;67;46;66m██[38;2;120;118;105m  [38;2;0;0;0m  
[38;2;66;64;62m  [38;2;70;49;69m██[38;2;65;49;64m  [38;2;77;59;76m██[38;2;238;238;238m██[38;2;241;241;241m████[38;2;241;240;241m██[38;2;235;167;173m██[38;2;244;161;164m██[38;2;245;164;168m██[38;2;244;160;163m██[38;2;244;162;165m██[38;2;245;162;164m██[38;2;222;184;193m██[38;2;226;225;228m██[38;2;234;234;236m██[38;2;238;237;239m██[38;2;216;205;208m██[38;2;224;203;207m██[38;2;244;160;162m██[38;2;91;55;74m██[38;2;68;47;67m██[38;2;67;45;65m██[38;2;66;45;65m██[38;2;68;47;67m██[38;2;55;47;50m  [38;2;0;0;0m  
[38;2;0;0;0m  [38;2;94;82;84m  [38;2;79;65;72m  [38;2;157;148;156m  [38;2;239;239;239m██[38;2;241;241;241m████[38;2;218;182;188m██[38;2;244;167;170m██[38;2;245;167;170m██[38;2;245;166;170m██[38;2;245;167;170m██[38;2;243;167;171m██[38;2;245;164;166m██[38;2;229;212;216m██[38;2;238;238;239m██[38;2;241;241;242m██[38;2;242;242;242m██[38;2;240;240;240m██[38;2;217;185;192m██[38;2;244;159;162m██[38;2;87;50;70m██[38;2;67;46;66m██[38;2;66;45;65m██[38;2;66;44;64m██[38;2;68;47;67m██[38;2;61;51;56m  [38;2;0;0;0m  
[38;2;0;0;0m    [38;2;162;152;158m██[38;2;199;198;205m██[38;2;241;241;241m████[38;2;229;213;218m██[38;2;244;167;172m██[38;2;246;166;168m██[38;2;216;139;148m██[38;2;235;152;156m██[38;2;241;163;168m██[38;2;245;167;170m██[38;2;244;168;173m██[38;2;233;227;228m██[38;2;242;242;242m██[38;2;241;241;241m██████[38;2;219;178;184m██[38;2;221;140;147m██[38;2;91;53;72m██[38;2;67;45;66m██[38;2;66;44;65m██[38;2;67;43;64m██[38;2;68;47;67m██[38;2;64;54;56m  [38;2;0;0;0m  
[38;2;43;43;21m  [38;2;212;211;209m  [38;2;240;240;240m██[38;2;192;199;212m██[38;2;222;222;227m██[38;2;232;232;233m██[38;2;204;174;187m██[38;2;246;165;165m██[38;2;245;162;165m██[38;2;215;129;131m██[38;2;240;148;143m██[38;2;239;147;143m██[38;2;227;141;141m██[38;2;245;167;171m██[38;2;239;238;237m██[38;2;242;242;243m██[38;2;241;241;241m████[38;2;240;240;240m██[38;2;209;150;160m██[38;2;237;155;159m██[38;2;93;54;74m██[38;2;66;44;64m██[38;2;64;42;63m██[38;2;66;42;63m██[38;2;66;45;65m██[38;2;56;50;51m  [38;2;0;0;0m  
[38;2;209;208;210m  [38;2;237;236;238m██[38;2;239;239;239m██[38;2;239;239;240m██████[38;2;190;172;185m██[38;2;237;155;159m██[38;2;244;160;163m██[38;2;226;136;136m██[38;2;240;148;143m████[38;2;238;147;142m██[38;2;245;167;170m██[38;2;240;237;239m██[38;2;241;241;241m██████[38;2;233;226;228m██[38;2;238;156;160m██[38;2;236;152;154m██[38;2;76;48;68m██[38;2;65;42;63m██[38;2;64;42;62m██[38;2;67;46;65m██[38;2;124;108;110m  [38;2;177;170;119m  [38;2;0;0;0m  
[38;2;113;112;112m  [38;2;197;192;198m██[38;2;239;239;239m██████[38;2;220;215;219m██[38;2;220;146;162m██[38;2;212;154;170m██[38;2;207;144;152m██[38;2;244;161;164m██[38;2;244;158;158m██[38;2;221;135;137m██[38;2;223;140;143m██[38;2;244;167;171m██[38;2;231;218;221m██[38;2;241;241;241m██████[38;2;117;101;119m██[38;2;51;32;46m██[38;2;66;43;63m██[38;2;67;44;65m██[38;2;65;42;63m██[38;2;62;41;60m██[38;2;94;79;84m  [38;2;98;84;88m  [38;2;68;63;66m  [38;2;0;0;0m  
[38;2;219;199;199m  [38;2;177;171;181m██[38;2;228;228;231m██[38;2;237;237;238m██[38;2;229;228;230m██[38;2;126;98;117m██[38;2;228;142;161m██[38;2;191;147;162m██[38;2;180;186;200m██[38;2;176;167;181m██[38;2;206;133;142m██[38;2;215;138;147m██[38;2;210;152;156m██[38;2;214;154;161m██[38;2;197;157;167m██[38;2;241;241;242m██[38;2;241;241;241m██[38;2;190;188;198m██[38;2;188;196;210m██[38;2;78;57;78m██[38;2;67;46;66m██[38;2;65;43;63m██[38;2;64;42;62m██[38;2;76;59;72m██[38;2;94;80;84m  [38;2;91;87;81m  [38;2;0;0;0m    
[38;2;245;223;210m██[38;2;209;186;184m██[38;2;203;197;203m██[38;2;191;187;192m██[38;2;213;210;216m██[38;2;95;64;83m██[38;2;215;132;150m██[38;2;207;155;170m██[38;2;199;197;208m██[38;2;172;164;179m██[38;2;189;147;154m██[38;2;186;187;200m██[38;2;186;195;209m██[38;2;197;202;214m██[38;2;172;170;178m██[38;2;241;241;241m██[38;2;222;223;227m██[38;2;234;234;237m██[38;2;205;210;219m██[38;2;111;98;116m██[38;2;68;47;68m██[38;2;68;46;66m██[38;2;69;48;68m██[38;2;78;58;75m  [38;2;32;28;28m  [38;2;0;0;0m      
[38;2;246;222;209m██[38;2;246;221;209m██[38;2;231;192;187m██[38;2;182;133;141m██[38;2;177;169;180m██[38;2;105;66;86m██[38;2;232;145;163m██[38;2;209;164;176m██[38;2;175;139;157m██[38;2;194;115;134m██[38;2;175;110;131m██[38;2;217;217;225m██[38;2;199;192;201m██[38;2;198;190;200m██[38;2;219;204;208m██[38;2;241;241;241m██[38;2;240;240;241m██[38;2;239;239;239m██[38;2;234;234;235m██[38;2;224;156;173m██[38;2;177;129;134m  [38;2;62;59;55m  [38;2;94;90;89m  [38;2;0;0;0m          
[38;2;246;221;209m████[38;2;247;221;209m██[38;2;209;170;173m██[38;2;146;131;139m  [38;2;129;77;98m██[38;2;242;153;171m██[38;2;238;151;169m██[38;2;211;128;148m██[38;2;199;120;139m██[38;2;225;143;161m██[38;2;160;143;155m██[38;2;212;186;196m██[38;2;238;156;173m██[38;2;238;233;236m██[38;2;239;239;239m██[38;2;240;240;240m██[38;2;239;239;239m██[38;2;234;234;234m██[38;2;186;138;153m██[38;2;191;129;142m  [38;2;0;0;0m              
[38;2;246;221;209m██[38;2;248;224;211m  [38;2;58;51;49m  [38;2;0;0;0m  [38;2;61;57;57m  [38;2;160;97;118m██[38;2;241;153;171m██[38;2;236;149;167m██[38;2;217;132;148m██[38;2;241;153;171m██[38;2;214;132;150m██[38;2;230;149;166m██[38;2;241;154;171m██[38;2;234;151;169m██[38;2;191;187;193m██[38;2;239;239;239m████[38;2;237;236;237m██[38;2;159;147;159m██[38;2;206;159;171m██[38;2;241;153;171m██[38;2;89;60;68m  [38;2;0;0;0m            [0m
