
[38;2;0;0;0m                    [38;2;38;41;46m██[38;2;5;5;7m██[38;2;2;2;4m██[38;2;39;32;3m██[38;2;40;28;2m██[38;2;39;31;8m██[38;2;2;0;7m██[38;2;5;6;8m██[38;2;5;6;6m  [38;2;0;0;0m                [38;2;23;3;33m██[38;2;35;10;40m██
[38;2;0;0;0m                [38;2;6;6;4m██[38;2;11;2;1m██[38;2;245;208;53m██[38;2;255;206;1m██[38;2;253;207;0m██[38;2;254;208;0m████[38;2;254;210;0m██[38;2;255;208;3m██[38;2;253;209;0m██[38;2;254;208;1m██[38;2;253;208;6m██[38;2;80;67;28m██[38;2;2;1;1m██[38;2;21;23;28m██[38;2;0;0;0m    [38;2;35;6;40m██[38;2;34;11;41m██[38;2;33;11;45m██[38;2;40;4;47m██
[38;2;0;0;0m              [38;2;17;14;1m██[38;2;254;228;125m██[38;2;254;216;48m██[38;2;255;207;0m██[38;2;119;71;4m██[38;2;250;200;1m██[38;2;254;208;0m████[38;2;196;156;0m██[38;2;253;207;7m██[38;2;254;208;0m██████████[38;2;101;70;10m██[38;2;10;4;5m██[38;2;0;0;0m  [38;2;76;1;102m██[38;2;15;5;19m  [38;2;74;3;99m██[38;2;0;0;0m  
[38;2;0;0;0m          [38;2;41;39;44m██[38;2;218;198;112m██[38;2;255;231;125m██[38;2;255;229;118m██[38;2;254;225;94m██[38;2;255;211;31m██[38;2;177;127;5m██[38;2;215;175;34m██[38;2;254;208;0m██[38;2;254;206;0m██[38;2;149;115;26m██[38;2;138;106;6m██[38;2;255;204;1m██[38;2;250;199;0m██[38;2;254;203;2m██[38;2;254;206;0m████[38;2;253;194;3m██[38;2;232;175;0m██[38;2;64;35;3m██[38;2;12;12;14m  [38;2;61;11;80m██[38;2;73;11;94m██[38;2;0;0;0m  
[38;2;0;0;0m        [38;2;3;2;1m██[38;2;242;219;125m██[38;2;253;230;117m██[38;2;255;229;119m██[38;2;255;228;115m██[38;2;255;228;110m██[38;2;254;212;50m██[38;2;27;10;2m██[38;2;254;208;0m██[38;2;254;208;1m██[38;2;254;203;0m██[38;2;250;190;6m██[38;2;249;191;6m██[38;2;244;182;1m██[38;2;242;180;1m██[38;2;245;183;2m██[38;2;248;190;3m██[38;2;247;189;2m██[38;2;245;180;2m██[38;2;239;165;4m██[38;2;133;0;175m██[38;2;128;1;167m██[38;2;117;9;153m██[38;2;0;0;0m    
[38;2;0;0;0m      [38;2;0;2;1m██[38;2;252;227;99m██[38;2;253;218;58m██[38;2;252;226;107m██[38;2;254;226;103m██[38;2;252;226;105m██[38;2;254;229;103m██[38;2;254;224;84m██[38;2;234;182;27m██[38;2;222;178;13m██[38;2;250;201;0m██[38;2;252;191;2m██[38;2;198;140;12m██[38;2;234;170;2m██[38;2;237;166;1m██[38;2;235;166;0m██[38;2;238;165;1m██[38;2;238;168;2m██[38;2;242;170;4m██[38;2;238;171;4m██[38;2;239;180;28m██[38;2;245;195;17m██[38;2;241;180;0m██[38;2;1;5;0m██[38;2;0;0;0m    
[38;2;0;0;0m    [38;2;0;0;4m██[38;2;196;171;58m██[38;2;250;206;10m██[38;2;254;207;7m██[38;2;252;210;8m██[38;2;253;210;19m██[38;2;254;213;32m██[38;2;252;217;54m██[38;2;253;216;73m██[38;2;50;28;4m██[38;2;251;205;5m██[38;2;253;204;4m██[38;2;232;176;3m██[38;2;244;178;4m██[38;2;240;164;1m██[38;2;235;161;0m██[38;2;234;160;1m██[38;2;238;162;2m██[38;2;238;171;1m██[38;2;47;7;35m██[38;2;138;106;15m██[38;2;106;83;8m██[38;2;251;206;0m██[38;2;255;204;3m██[38;2;234;188;34m██[38;2;0;2;0m██[38;2;0;0;0m  
[38;2;0;0;0m    [38;2;15;8;0m██[38;2;4;0;2m██[38;2;2;0;3m██[38;2;0;1;4m██[38;2;2;1;3m██[38;2;247;206;19m██[38;2;254;208;1m██[38;2;255;209;7m██[38;2;254;212;30m██[38;2;206;166;36m██[38;2;254;204;6m██[38;2;252;199;13m██[38;2;229;183;25m██[38;2;249;191;4m██[38;2;242;171;2m██[38;2;240;172;9m██[38;2;187;147;39m██[38;2;8;3;17m██[38;2;0;0;4m██[38;2;48;1;60m██[38;2;26;6;33m██[38;2;13;4;14m██[38;2;0;2;2m██[38;2;12;2;10m██[38;2;252;206;4m██[38;2;86;75;52m██[38;2;0;0;0m  
[38;2;0;0;0m  [38;2;1;0;5m██[38;2;190;130;4m██[38;2;145;85;8m██[38;2;30;10;1m██[38;2;0;0;4m██[38;2;0;0;0m██[38;2;2;0;8m██[38;2;3;0;7m██[38;2;250;209;7m██[38;2;248;201;1m██[38;2;251;207;10m██[38;2;1;2;2m██[38;2;198;146;2m██[38;2;200;154;0m██[38;2;251;203;21m██[38;2;5;0;8m██[38;2;0;0;1m██[38;2;1;0;0m██[38;2;68;0;85m██[38;2;64;0;82m██[38;2;56;2;72m██[38;2;23;1;14m██[38;2;89;56;9m██[38;2;119;88;8m██[38;2;227;181;15m██[38;2;239;187;4m██[38;2;243;194;15m██[38;2;26;30;34m██
[38;2;0;0;0m  [38;2;113;87;14m██[38;2;155;99;3m██[38;2;163;110;2m██[38;2;155;94;3m██[38;2;143;96;27m██[38;2;143;92;25m██[38;2;112;77;10m██[38;2;2;1;1m██[38;2;18;8;6m██[38;2;6;0;8m██[38;2;246;202;14m██[38;2;153;129;58m██[38;2;253;203;10m██[38;2;1;3;3m██[38;2;1;1;1m████[38;2;8;2;0m██[38;2;81;44;27m██[38;2;76;51;29m██[38;2;81;1;106m██[38;2;9;0;12m██[38;2;5;1;4m██[38;2;2;3;2m██[38;2;137;82;16m██[38;2;29;10;1m██[38;2;174;123;4m██[38;2;241;185;2m██[38;2;0;4;3m██
[38;2;1;1;3m██[38;2;242;194;20m██[38;2;183;117;1m██[38;2;0;1;3m██[38;2;0;0;0m████████[38;2;2;1;3m██[38;2;135;91;25m██[38;2;119;81;27m██[38;2;146;92;21m██[38;2;150;89;5m██[38;2;0;1;6m██[38;2;25;7;5m██[38;2;6;2;6m██[38;2;0;0;0m██[38;2;0;3;0m██[38;2;18;2;27m██[38;2;88;16;114m██[38;2;111;1;148m██[38;2;0;1;3m██[38;2;45;27;13m██[38;2;56;25;4m██[38;2;163;101;0m██[38;2;194;138;2m██[38;2;244;196;0m██[38;2;252;204;1m██[38;2;65;52;3m██
[38;2;1;0;0m██[38;2;254;206;0m██[38;2;215;169;7m██[38;2;89;52;8m██[38;2;0;1;5m██[38;2;0;0;0m██████[38;2;2;2;4m██[38;2;0;0;0m██[38;2;93;54;15m██[38;2;161;99;4m██[38;2;141;92;4m██[38;2;119;75;28m██[38;2;32;17;9m██[38;2;0;0;0m████[38;2;103;11;149m██[38;2;123;7;167m██[38;2;19;1;35m██[38;2;4;2;11m██[38;2;19;5;4m██[38;2;188;131;20m██[38;2;208;158;26m██[38;2;211;159;18m██[38;2;242;196;26m██[38;2;253;208;24m██[38;2;254;208;1m██[38;2;248;206;21m██
[38;2;0;0;0m██[38;2;252;211;35m██[38;2;254;213;46m██[38;2;149;119;12m██[38;2;218;137;4m██[38;2;144;96;29m██[38;2;1;0;6m██[38;2;1;1;1m██[38;2;0;3;0m██[38;2;137;90;16m██[38;2;153;97;8m██[38;2;189;133;16m██[38;2;195;141;4m██[38;2;174;112;3m██[38;2;175;117;6m██[38;2;32;10;0m██[38;2;0;0;0m██[38;2;2;0;5m██[38;2;0;0;0m████[38;2;5;0;6m██[38;2;161;115;25m██[38;2;236;189;26m██[38;2;242;205;55m██[38;2;45;4;53m██[38;2;252;219;78m██[38;2;254;218;60m██[38;2;255;209;10m██[38;2;249;201;6m██
[38;2;9;9;0m██[38;2;254;220;71m██[38;2;252;219;66m██[38;2;152;101;0m██[38;2;230;145;3m██[38;2;226;145;1m██[38;2;226;147;6m██[38;2;147;103;15m██[38;2;133;88;1m██[38;2;218;167;0m██[38;2;254;207;5m██[38;2;254;208;0m██[38;2;255;208;4m██[38;2;246;198;5m██[38;2;230;176;7m██[38;2;69;50;3m██[38;2;211;149;14m██[38;2;222;141;2m██[38;2;218;136;4m██[38;2;220;143;8m██[38;2;207;131;14m██[38;2;227;144;2m██[38;2;219;164;43m██[38;2;239;204;114m██[38;2;46;3;49m██[38;2;47;2;57m██[38;2;253;219;82m██[38;2;255;212;21m██[38;2;247;204;35m██
[38;2;2;2;2m██[38;2;252;224;90m██[38;2;252;215;73m██[38;2;229;168;30m██[38;2;230;148;2m██[38;2;227;145;1m██[38;2;212;140;21m██[38;2;208;142;1m██[38;2;248;203;34m██[38;2;6;7;0m██[38;2;146;112;38m██[38;2;38;22;3m██[38;2;129;108;19m██[38;2;19;11;6m██[38;2;6;0;15m██[38;2;195;161;42m██[38;2;173;131;2m██[38;2;235;178;6m██[38;2;230;153;0m██[38;2;226;141;0m██[38;2;231;149;4m██[38;2;178;114;40m██[38;2;60;0;78m██[38;2;56;2;77m██[38;2;133;104;81m██[38;2;174;145;87m██[38;2;254;221;76m██[38;2;254;214;29m██[38;2;244;222;64m██
[38;2;0;0;0m██[38;2;255;227;110m██[38;2;244;212;86m██[38;2;238;168;26m██[38;2;229;147;3m██[38;2;227;145;1m██[38;2;229;150;1m██[38;2;240;180;22m██[38;2;253;208;30m██[38;2;245;150;11m██[38;2;219;138;3m██[38;2;253;159;13m██[38;2;201;122;6m██[38;2;250;157;2m██[38;2;150;91;15m██[38;2;47;3;55m██[38;2;240;193;35m██[38;2;252;197;4m██[38;2;239;173;1m██[38;2;227;146;1m██[38;2;227;142;0m██[38;2;72;9;84m██[38;2;208;140;35m██[38;2;83;1;107m██[38;2;252;228;124m██[38;2;254;227;111m██[38;2;255;222;82m██[38;2;255;218;56m██[38;2;83;81;59m██
[38;2;1;0;0m██[38;2;253;228;117m██[38;2;234;198;85m██[38;2;236;169;29m██[38;2;229;146;4m██[38;2;230;148;2m██[38;2;234;162;8m██[38;2;246;192;37m██[38;2;98;82;29m██[38;2;62;40;6m██[38;2;15;6;4m██[38;2;114;87;27m██[38;2;189;131;48m██[38;2;5;0;11m██[38;2;36;26;28m██[38;2;82;62;15m██[38;2;52;1;69m██[38;2;165;135;33m██[38;2;246;191;0m██[38;2;231;157;0m██[38;2;173;102;19m██[38;2;96;24;38m██[38;2;99;10;117m██[38;2;112;2;149m██[38;2;255;229;119m██[38;2;255;229;118m██[38;2;255;227;104m██[38;2;255;230;117m██[38;2;0;0;0m██
[38;2;12;11;16m██[38;2;251;226;122m██[38;2;249;215;106m██[38;2;239;172;42m██[38;2;228;147;4m██[38;2;210;151;39m██[38;2;3;3;5m██[38;2;190;158;41m██[38;2;255;206;15m██[38;2;249;176;3m██[38;2;248;166;4m██[38;2;235;147;5m██[38;2;74;2;88m██[38;2;64;9;44m██[38;2;72;1;97m██[38;2;250;200;8m██[38;2;253;206;6m██[38;2;56;38;7m██[38;2;2;0;3m██[38;2;119;84;21m██[38;2;139;1;180m██[38;2;106;14;90m██[38;2;190;120;45m██[38;2;218;152;21m██[38;2;251;221;109m██[38;2;253;229;119m████[38;2;255;231;121m██[38;2;0;0;0m██
[38;2;0;0;0m  [38;2;65;57;34m██[38;2;253;221;119m██[38;2;239;173;40m██[38;2;191;132;30m██[38;2;167;92;43m██[38;2;252;133;40m██[38;2;113;60;11m██[38;2;242;208;39m██[38;2;79;57;9m██[38;2;249;206;5m██[38;2;232;171;5m██[38;2;203;163;22m██[38;2;158;105;45m██[38;2;93;4;127m██[38;2;203;162;28m██[38;2;6;1;5m██[38;2;239;111;12m██[38;2;245;111;5m██[38;2;21;8;1m██[38;2;232;154;2m██[38;2;229;144;5m██[38;2;226;139;0m██[38;2;227;174;48m██[38;2;252;219;102m██[38;2;254;228;118m██[38;2;252;227;116m██[38;2;19;14;11m██[38;2;0;0;0m  
[38;2;0;0;0m  [38;2;1;2;3m██[38;2;254;224;103m██[38;2;231;172;42m██[38;2;222;148;12m██[38;2;214;121;48m██[38;2;250;142;53m██[38;2;249;116;5m██[38;2;35;24;3m██[38;2;255;217;55m██[38;2;82;64;9m██[38;2;131;1;170m██[38;2;129;0;170m██[38;2;123;1;170m██[38;2;70;19;106m██[38;2;214;114;33m██[38;2;254;113;5m██[38;2;250;109;4m██[38;2;149;68;12m██[38;2;223;183;36m██[38;2;235;162;0m██[38;2;227;141;0m██[38;2;228;143;1m██[38;2;214;166;46m██[38;2;253;223;103m██[38;2;255;224;106m██[38;2;199;180;100m██[38;2;12;14;16m  [38;2;0;0;0m  
[38;2;0;0;0m    [38;2;5;1;3m██[38;2;173;134;1m██[38;2;233;155;1m██[38;2;0;0;3m██[38;2;253;146;65m██[38;2;250;113;10m██[38;2;2;2;14m██[38;2;252;226;90m██[38;2;250;207;13m██[38;2;86;56;34m██[38;2;167;132;18m██[38;2;1;3;2m██[38;2;151;64;1m██[38;2;251;115;3m██[38;2;137;76;30m██[38;2;12;7;10m██[38;2;252;207;1m██[38;2;252;198;1m██[38;2;237;165;1m██[38;2;229;144;1m██[38;2;234;154;10m██[38;2;251;205;70m██[38;2;253;218;74m██[38;2;117;84;11m██[38;2;22;27;20m  [38;2;0;0;0m    
[38;2;0;0;0m    [38;2;38;35;42m██[38;2;47;23;5m██[38;2;245;174;6m██[38;2;51;32;2m██[38;2;220;132;60m██[38;2;204;99;30m██[38;2;113;59;9m██[38;2;254;219;63m██[38;2;204;164;16m██[38;2;12;1;13m██[38;2;20;0;1m██[38;2;251;138;46m██[38;2;173;94;27m██[38;2;17;2;5m██[38;2;251;204;2m██[38;2;253;208;0m██[38;2;254;208;0m██[38;2;255;205;3m██[38;2;234;156;1m██[38;2;227;145;2m██[38;2;224;166;48m██[38;2;245;195;67m██[38;2;198;148;34m██[38;2;18;18;8m██[38;2;0;0;0m      
[38;2;0;0;0m        [38;2;40;19;1m██[38;2;47;30;1m██[38;2;226;124;34m██[38;2;249;111;2m██[38;2;250;108;2m██[38;2;7;3;3m██[38;2;3;2;0m██[38;2;225;130;64m██[38;2;252;132;38m██[38;2;248;123;13m██[38;2;41;18;1m██[38;2;255;206;9m██[38;2;254;208;1m████[38;2;253;208;2m██[38;2;225;147;7m██[38;2;225;145;11m██[38;2;236;156;10m██[38;2;45;5;59m██[38;2;47;33;25m██[38;2;42;6;48m██[38;2;0;0;0m        
[38;2;0;0;0m          [38;2;1;1;1m██[38;2;245;118;9m██[38;2;250;112;3m██[38;2;248;110;1m██[38;2;243;104;0m██[38;2;248;110;3m██[38;2;253;117;15m██[38;2;251;129;35m██[38;2;73;25;5m██[38;2;1;2;9m██[38;2;254;207;2m██[38;2;254;208;0m██[38;2;253;208;0m██[38;2;229;147;3m██[38;2;227;146;5m██[38;2;54;3;71m██[38;2;57;3;62m██[38;2;55;3;67m██[38;2;48;8;58m██[38;2;23;18;30m  [38;2;0;0;0m        
[38;2;0;0;0m          ██[38;2;215;102;16m██[38;2;249;111;2m██[38;2;248;110;1m██[38;2;242;105;0m██[38;2;235;102;1m██[38;2;246;118;17m██[38;2;152;59;10m██[38;2;203;92;15m██[38;2;200;103;32m██[38;2;233;198;15m██[38;2;242;185;4m██[38;2;229;148;2m██[38;2;229;144;0m██[38;2;223;149;14m██[38;2;60;7;75m██[38;2;18;2;26m██[38;2;72;6;94m██[38;2;0;0;0m            
[38;2;0;0;0m        [38;2;0;2;1m██[38;2;232;147;86m██[38;2;253;116;10m██[38;2;248;110;1m██[38;2;247;109;1m██[38;2;238;102;1m██[38;2;221;97;9m██[38;2;240;108;0m██[38;2;246;108;0m██[38;2;247;111;1m██[38;2;49;6;51m██[38;2;98;42;13m██[38;2;28;10;12m██[38;2;1;2;3m██[38;2;3;2;0m██[38;2;0;0;0m  [38;2;42;9;54m██[38;2;102;5;132m██[38;2;26;25;34m  [38;2;0;0;0m            
[38;2;0;0;0m      [38;2;40;41;45m██[38;2;1;0;0m██[38;2;247;129;34m██[38;2;249;111;3m██[38;2;248;110;1m██[38;2;247;109;0m██[38;2;246;109;1m██[38;2;245;107;0m██[38;2;234;101;0m██[38;2;107;35;3m██[38;2;229;99;1m██[38;2;50;1;56m██[38;2;42;5;33m██[38;2;7;1;9m██[38;2;0;0;0m    [38;2;132;1;181m██[38;2;76;8;102m██[38;2;51;24;64m██[38;2;0;0;0m              
[38;2;0;0;0m      [38;2;34;34;37m  [38;2;89;25;2m██[38;2;245;110;2m██[38;2;246;109;2m██[38;2;246;108;1m██[38;2;243;106;2m██[38;2;244;106;0m██[38;2;245;109;1m██[38;2;237;106;2m██[38;2;58;1;74m██[38;2;57;2;70m██[38;2;51;7;59m██[38;2;55;2;20m██[38;2;0;0;3m██[38;2;0;0;0m  [38;2;28;26;31m  [38;2;0;0;0m                    
[38;2;0;0;0m        [38;2;13;1;9m██[38;2;227;96;5m██[38;2;230;98;0m██[38;2;232;99;5m██[38;2;207;85;6m██[38;2;209;85;0m██[38;2;223;92;1m██[38;2;74;0;47m██[38;2;112;30;15m██[38;2;79;1;104m██[38;2;187;85;20m██[38;2;73;46;24m██[38;2;0;0;0m                          
[38;2;0;0;0m        [38;2;14;15;17m  [38;2;46;7;0m██[38;2;212;86;0m██[38;2;205;84;3m██[38;2;209;85;4m██[38;2;198;81;2m██[38;2;197;84;9m██[38;2;177;77;30m██[38;2;79;7;49m██[38;2;107;2;147m██[38;2;0;1;2m██[38;2;0;0;0m                            [0m
