
[38;2;213;162;139m██[38;2;227;159;112m██[38;2;224;158;128m██[38;2;220;149;115m██[38;2;248;223;201m██[38;2;214;157;132m██[38;2;221;155;120m██[38;2;228;159;118m██[38;2;227;161;121m██[38;2;228;162;117m██[38;2;226;160;115m██[38;2;225;159;114m██[38;2;220;159;130m██[38;2;203;140;106m██[38;2;222;159;115m██[38;2;225;159;107m██[38;2;226;158;111m████[38;2;221;153;106m██[38;2;225;157;110m██[38;2;225;156;109m██[38;2;225;155;102m██[38;2;223;150;109m██[38;2;173;92;102m██[38;2;168;89;83m██[38;2;222;147;115m██[38;2;176;102;62m██
[38;2;211;158;144m██[38;2;220;153;113m██[38;2;225;152;119m██[38;2;210;158;108m██[38;2;248;230;205m██[38;2;210;160;138m██[38;2;194;112;97m██[38;2;225;159;119m██[38;2;233;160;107m██[38;2;225;158;116m██[38;2;226;158;123m██[38;2;199;131;96m██[38;2;222;162;121m██[38;2;208;156;133m██[38;2;227;150;113m██[38;2;221;148;99m██[38;2;223;150;110m██[38;2;225;153;105m██[38;2;224;151;104m██[38;2;226;152;113m██[38;2;220;155;91m██[38;2;220;150;113m██[38;2;217;149;96m██[38;2;169;85;98m██[38;2;168;84;99m██[38;2;171;88;94m██[38;2;211;132;114m██
[38;2;203;151;137m██[38;2;220;151;113m██[38;2;205;134;102m██[38;2;179;130;81m██[38;2;249;229;205m██[38;2;200;155;134m██[38;2;172;93;81m██[38;2;216;150;116m██[38;2;225;151;105m██[38;2;223;154;113m██[38;2;224;154;117m██[38;2;177;106;76m██[38;2;221;156;114m██[38;2;231;183;161m██[38;2;216;149;115m██[38;2;221;148;102m██[38;2;223;149;110m██[38;2;218;145;99m██[38;2;220;147;103m██[38;2;223;149;111m██[38;2;221;153;92m██[38;2;220;147;113m██[38;2;215;145;94m██[38;2;166;83;93m██[38;2;165;81;96m██[38;2;164;80;95m██[38;2;163;81;86m██
[38;2;191;138;130m██[38;2;220;147;113m██[38;2;196;131;99m██[38;2;195;155;105m██[38;2;194;171;151m██[38;2;236;211;191m██[38;2;162;91;82m██[38;2;214;150;126m██[38;2;223;147;115m██[38;2;223;151;110m██[38;2;224;152;113m██[38;2;168;93;71m██[38;2;224;148;103m██[38;2;250;209;190m██[38;2;192;140;112m██[38;2;216;144;103m██[38;2;203;129;92m██[38;2;219;146;103m██[38;2;223;150;108m██[38;2;214;140;105m██[38;2;221;149;92m██[38;2;219;143;113m██[38;2;220;147;100m██[38;2;162;78;92m██[38;2;161;77;90m██[38;2;159;75;91m██[38;2;159;74;96m██
[38;2;184;131;125m██[38;2;220;144;115m██[38;2;191;131;99m██[38;2;177;142;92m██[38;2;246;225;207m██[38;2;200;173;153m██[38;2;173;106;101m██[38;2;194;130;115m██[38;2;186;109;88m██[38;2;219;145;106m██[38;2;222;148;107m██[38;2;189;111;97m██[38;2;222;136;91m██[38;2;243;210;194m██[38;2;226;188;164m██[38;2;170;99;64m██[38;2;190;116;82m██[38;2;220;146;106m██[38;2;215;141;102m██[38;2;202;127;95m██[38;2;221;146;94m██[38;2;220;142;113m██[38;2;219;143;99m██[38;2;161;76;96m██[38;2;159;76;86m██[38;2;158;75;81m██[38;2;158;74;88m██
[38;2;208;162;128m██[38;2;204;122;110m██[38;2;180;135;85m██[38;2;150;126;116m██[38;2;246;226;205m██[38;2;241;220;203m██[38;2;157;124;109m██[38;2;248;203;190m██[38;2;187;135;122m██[38;2;225;139;125m██[38;2;224;148;87m██[38;2;211;150;117m██[38;2;180;100;86m██[38;2;162;117;97m██[38;2;250;223;201m██[38;2;191;131;111m██[38;2;222;137;101m██[38;2;218;141;120m██[38;2;220;147;96m██[38;2;207;120;111m██[38;2;220;141;101m██[38;2;220;141;94m██[38;2;212;141;115m██[38;2;155;73;87m████[38;2;154;72;86m██[38;2;157;75;89m██
[38;2;204;158;122m  [38;2;165;87;82m██[38;2;204;158;131m██[38;2;138;117;116m██[38;2;165;150;145m██[38;2;226;207;201m██[38;2;239;217;207m██[38;2;171;143;127m██[38;2;254;225;205m██[38;2;199;165;148m██[38;2;207;149;120m██[38;2;216;142;117m██[38;2;150;99;76m██[38;2;167;125;107m██[38;2;255;232;219m██[38;2;249;220;204m██[38;2;198;146;111m██[38;2;145;67;52m██[38;2;225;140;110m██[38;2;198;119;106m██[38;2;218;139;100m██[38;2;222;138;95m██[38;2;190;107;88m██[38;2;152;70;84m██[38;2;158;76;90m██[38;2;156;74;88m██[38;2;151;69;83m██
[38;2;200;153;112m  [38;2;180;106;98m██[38;2;151;98;98m██[38;2;97;76;73m██[38;2;235;230;238m██[38;2;138;110;110m██[38;2;186;165;157m██[38;2;245;230;213m██[38;2;242;233;209m██[38;2;254;226;215m██[38;2;251;223;216m██[38;2;241;213;184m██[38;2;166;143;124m██[38;2;217;190;182m██[38;2;248;222;220m██[38;2;247;231;223m██[38;2;248;224;201m██[38;2;160;97;89m██[38;2;181;98;97m██[38;2;193;117;96m██[38;2;217;138;98m██[38;2;221;137;97m██[38;2;165;82;69m██[38;2;153;71;86m██[38;2;154;72;86m██[38;2;141;59;73m██[38;2;147;65;79m██
[38;2;204;159;112m  [38;2;217;141;116m██[38;2;158;94;101m██[38;2;250;226;206m██[38;2;238;233;236m██[38;2;167;118;106m██[38;2;128;91;77m██[38;2;249;228;214m██[38;2;243;231;216m██[38;2;246;231;209m██[38;2;241;232;213m██[38;2;247;231;212m██[38;2;107;86;91m██[38;2;156;150;153m██[38;2;93;83;82m██[38;2;86;45;44m██[38;2;100;63;61m██[38;2;255;225;215m██[38;2;149;86;103m██[38;2;196;111;87m██[38;2;219;137;97m██[38;2;217;139;100m██[38;2;140;76;62m██[38;2;154;73;87m██[38;2;153;71;85m██[38;2;150;68;82m██[38;2;148;66;80m██
[38;2;188;143;130m  [38;2;214;146;103m██[38;2;170;95;88m██[38;2;252;220;222m██[38;2;249;230;215m██[38;2;199;170;156m██[38;2;201;175;160m██[38;2;248;229;212m██[38;2;246;231;212m██[38;2;247;230;212m██████[38;2;242;232;223m██[38;2;243;236;243m██[38;2;249;232;239m██[38;2;154;100;81m██[38;2;169;109;84m██[38;2;82;57;70m██[38;2;210;180;167m██[38;2;180;112;94m██[38;2;217;140;88m██[38;2;211;142;99m██[38;2;250;218;198m██[38;2;170;119;117m██[38;2;154;69;80m██[38;2;149;71;83m██[38;2;125;55;66m██
[38;2;160;114;100m  [38;2;220;146;103m██[38;2;190;109;98m██[38;2;255;224;222m██[38;2;253;225;211m██[38;2;248;224;210m██[38;2;254;228;213m██[38;2;248;229;212m██[38;2;246;231;212m██[38;2;247;230;212m██████[38;2;239;233;215m██[38;2;241;236;231m██[38;2;123;105;100m██[38;2;241;199;171m██[38;2;197;150;127m██[38;2;207;190;191m██[38;2;240;214;202m██[38;2;175;116;87m██[38;2;216;140;88m██[38;2;214;141;104m██[38;2;200;149;136m██[38;2;252;207;205m██[38;2;153;70;80m██[38;2;139;61;73m██[38;2;141;68;80m██
[38;2;158;119;103m  [38;2;218;144;98m██[38;2;227;144;123m██[38;2;254;213;199m██[38;2;250;212;196m██[38;2;249;220;206m██[38;2;253;227;212m██[38;2;247;229;212m██[38;2;244;229;210m██[38;2;247;230;212m██████[38;2;245;232;209m██[38;2;243;228;213m██[38;2;250;228;212m██[38;2;241;210;180m██[38;2;229;198;183m██[38;2;232;220;201m██[38;2;252;225;220m██[38;2;191;141;96m██[38;2;219;142;93m██[38;2;207;136;108m██[38;2;231;173;165m██[38;2;237;192;188m██[38;2;147;65;75m██[38;2;140;61;74m██[38;2;146;69;83m██
[38;2;163;102;101m  [38;2;214;148;97m██[38;2;220;146;113m██[38;2;254;216;190m██[38;2;251;214;195m██[38;2;249;220;206m██[38;2;253;227;212m██[38;2;242;224;207m██[38;2;253;240;221m██[38;2;247;230;212m██████[38;2;252;224;209m██[38;2;251;219;209m██[38;2;253;218;204m██[38;2;249;215;193m██[38;2;243;210;203m██[38;2;243;227;196m██[38;2;252;216;218m██[38;2;203;151;94m██[38;2;210;129;82m██[38;2;198;136;111m██[38;2;222;179;167m██[38;2;255;216;211m██[38;2;136;58;67m██[38;2;146;66;80m██[38;2;146;64;80m██
[38;2;9;9;3m  [38;2;221;144;92m██[38;2;225;140;113m██[38;2;251;218;173m██[38;2;246;223;200m██[38;2;246;227;210m██[38;2;249;228;211m██[38;2;249;230;213m██[38;2;245;232;213m██[38;2;251;229;209m██[38;2;248;230;209m██[38;2;253;226;208m██[38;2;242;226;203m██[38;2;251;217;200m██[38;2;255;208;196m██[38;2;252;208;195m██[38;2;255;211;196m██[38;2;251;214;192m██[38;2;250;217;199m██[38;2;213;142;100m██[38;2;213;139;95m██[38;2;227;189;160m██[38;2;238;215;199m██[38;2;158;94;108m██[38;2;145;72;81m██[38;2;136;58;63m██[38;2;134;64;76m██
[38;2;0;0;0m  [38;2;210;142;94m  [38;2;220;141;105m██[38;2;183;145;112m██[38;2;248;223;209m██[38;2;248;227;210m██[38;2;248;228;211m██[38;2;247;228;211m██[38;2;248;228;211m██[38;2;248;229;215m██[38;2;244;230;214m██[38;2;248;228;214m██[38;2;246;229;206m██[38;2;249;222;203m██[38;2;253;218;201m██[38;2;250;216;199m██[38;2;250;212;196m██[38;2;249;213;193m██[38;2;249;215;196m██[38;2;213;137;95m██[38;2;205;139;101m██[38;2;252;207;195m██[38;2;147;89;92m██[38;2;145;66;81m██[38;2;145;62;74m██[38;2;141;58;63m██[38;2;138;61;68m██
[38;2;0;0;0m  [38;2;172;114;85m  [38;2;200;130;86m██[38;2;207;164;144m██[38;2;247;224;212m██[38;2;252;230;214m██[38;2;246;230;211m██[38;2;251;229;213m██[38;2;119;85;72m██[38;2;231;198;191m██[38;2;229;206;196m██[38;2;241;217;207m██[38;2;245;216;198m██[38;2;248;225;205m██[38;2;247;225;204m████[38;2;249;221;207m██[38;2;251;221;200m██[38;2;248;211;190m██[38;2;219;138;93m██[38;2;165;106;83m  [38;2;127;80;92m  [38;2;154;65;81m██[38;2;156;68;82m██[38;2;135;55;72m██[38;2;129;62;81m██[38;2;126;68;86m██
[38;2;0;0;0m  [38;2;161;119;109m  [38;2;207;143;100m██[38;2;252;215;202m██[38;2;239;219;196m██[38;2;253;229;213m██[38;2;244;231;212m██[38;2;250;228;213m██[38;2;190;142;134m██[38;2;237;177;172m██[38;2;240;194;185m██[38;2;240;195;185m██[38;2;242;196;184m██[38;2;240;209;192m██[38;2;246;228;206m██[38;2;249;227;206m██[38;2;243;227;212m██[38;2;250;225;203m██[38;2;229;194;171m██[38;2;220;133;85m██[38;2;182;118;112m  [38;2;88;50;61m  [38;2;154;70;77m██[38;2;147;63;74m██[38;2;132;71;94m██[38;2;144;116;147m  [38;2;0;0;0m  
[38;2;0;0;0m  [38;2;68;54;54m  [38;2;213;142;111m██[38;2;201;139;116m██[38;2;236;224;208m██[38;2;246;229;202m██[38;2;248;221;203m██[38;2;253;227;213m██[38;2;196;178;158m██[38;2;236;185;180m██[38;2;246;184;173m██[38;2;243;187;183m██[38;2;249;184;177m██[38;2;222;178;165m██[38;2;243;216;197m██[38;2;221;188;171m██[38;2;248;223;212m██[38;2;231;191;158m██[38;2;184;131;111m██[38;2;221;130;95m  [38;2;0;0;0m    [38;2;132;62;81m  [38;2;131;69;87m██[38;2;0;0;0m      
[38;2;0;0;0m    [38;2;199;140;117m  [38;2;207;142;117m  [38;2;77;70;80m  [38;2;242;226;212m██[38;2;255;233;218m██[38;2;223;200;183m██[38;2;241;222;203m██[38;2;242;205;190m██[38;2;238;193;174m██[38;2;236;192;178m██[38;2;230;188;174m██[38;2;241;213;195m██[38;2;205;182;162m██[38;2;227;195;180m██[38;2;213;177;159m██[38;2;233;186;162m██[38;2;192;133;102m██[38;2;196;120;88m  [38;2;0;0;0m    [38;2;152;104;120m  [38;2;160;61;86m██[38;2;0;0;0m      
[38;2;0;0;0m    [38;2;163;115;105m  [38;2;207;139;115m██[38;2;0;0;0m  [38;2;189;180;186m  [38;2;244;225;215m██[38;2;248;226;205m██[38;2;220;202;181m██[38;2;252;230;208m██[38;2;249;225;207m██[38;2;248;218;199m██[38;2;252;225;206m██[38;2;210;193;170m██[38;2;247;227;205m██[38;2;231;191;177m██[38;2;231;185;159m██[38;2;222;169;164m██[38;2;204;140;97m██[38;2;201;158;152m  [38;2;213;205;215m  [38;2;241;243;252m  [38;2;242;236;245m██[38;2;192;152;157m██[38;2;137;82;103m██[38;2;109;62;111m  [38;2;1;1;1m  
[38;2;0;0;0m    [38;2;187;153;156m  [38;2;212;140;117m  [38;2;214;216;235m██[38;2;130;125;147m██[38;2;179;165;158m██[38;2;241;222;198m██[38;2;251;233;211m██[38;2;239;218;205m██[38;2;232;212;205m██[38;2;149;120;110m██[38;2;226;186;171m██[38;2;245;220;200m██[38;2;242;220;199m██[38;2;193;154;139m██[38;2;230;183;156m██[38;2;187;138;157m██[38;2;201;141;93m██[38;2;220;235;248m  [38;2;232;236;240m██[38;2;242;241;243m██[38;2;240;241;243m██[38;2;222;240;247m██[38;2;232;206;207m  [38;2;73;68;116m  [38;2;0;0;0m  
[38;2;0;0;0m    [38;2;220;182;192m  [38;2;207;141;126m██[38;2;210;211;208m██[38;2;104;98;144m██[38;2;245;227;198m██[38;2;250;223;206m██[38;2;241;224;194m██[38;2;246;229;210m██[38;2;222;194;186m██[38;2;180;145;147m██[38;2;220;182;171m██[38;2;251;222;209m██[38;2;248;217;197m██[38;2;234;189;163m██[38;2;195;155;169m██[38;2;131;118;112m██[38;2;242;192;171m██[38;2;244;236;249m██[38;2;243;240;247m██[38;2;240;242;248m██[38;2;239;246;244m██[38;2;236;243;239m██[38;2;237;243;243m██[38;2;233;236;247m  [38;2;158;138;185m  
[38;2;0;0;0m  [38;2;130;92;94m  [38;2;206;145;94m  [38;2;166;150;149m██[38;2;201;190;210m██[38;2;98;91;137m██[38;2;242;224;196m██[38;2;238;211;194m██[38;2;250;234;203m██[38;2;247;229;205m██[38;2;251;227;211m██[38;2;227;196;187m██[38;2;246;223;208m██[38;2;249;226;210m██[38;2;245;221;207m██[38;2;222;188;181m██[38;2;201;190;200m██[38;2;193;140;123m██[38;2;246;241;238m██[38;2;245;244;236m██[38;2;242;241;247m██[38;2;239;241;238m██[38;2;187;188;211m██[38;2;71;69;111m██[38;2;71;68;111m██[38;2;114;111;155m██[38;2;161;158;194m██
[38;2;165;117;117m  [38;2;220;138;99m██[38;2;100;78;69m  [38;2;244;228;250m██[38;2;201;204;211m██[38;2;106;99;146m██[38;2;247;230;201m██[38;2;251;224;207m██[38;2;246;230;199m██[38;2;247;230;204m██[38;2;249;229;205m██[38;2;250;228;207m██[38;2;245;226;210m██[38;2;246;227;206m██[38;2;247;227;214m██[38;2;190;171;174m██[38;2;242;243;243m██[38;2;193;125;102m██[38;2;220;247;255m██[38;2;238;243;232m██[38;2;233;236;237m██[38;2;79;73;120m██[38;2;140;137;168m██[38;2;239;240;245m██[38;2;244;245;247m██[38;2;221;224;218m██[38;2;206;209;197m██
[38;2;205;131;92m██[38;2;132;103;101m  [38;2;0;0;0m  [38;2;224;224;235m██[38;2;216;218;214m██[38;2;126;120;165m██[38;2;211;193;164m██[38;2;251;224;207m██[38;2;246;230;199m██[38;2;249;228;210m██[38;2;247;229;209m██[38;2;247;229;207m██[38;2;245;225;216m██[38;2;251;225;203m██[38;2;248;224;202m██[38;2;219;204;200m██[38;2;230;207;203m██[38;2;242;222;206m██[38;2;245;238;246m██[38;2;233;240;253m██[38;2;72;74;99m██[38;2;243;242;255m██[38;2;216;213;224m██[38;2;177;174;189m██[38;2;216;214;228m██[38;2;234;232;245m██[38;2;235;233;244m██
[38;2;200;131;102m██[38;2;117;105;143m  [38;2;0;0;0m  [38;2;226;229;235m██[38;2;203;198;194m██[38;2;190;181;189m██[38;2;225;184;180m██[38;2;248;224;206m██[38;2;248;224;214m██[38;2;248;225;209m██████[38;2;245;227;203m██[38;2;248;225;211m██[38;2;247;229;203m██[38;2;203;191;193m██[38;2;188;159;145m██[38;2;248;239;244m██[38;2;215;229;242m██[38;2;154;132;153m██[38;2;237;231;234m██[38;2;178;169;187m██[38;2;226;226;232m██[38;2;230;228;238m██[38;2;215;214;222m██[38;2;233;232;237m██[38;2;233;233;235m██
[38;2;182;123;118m  [38;2;209;135;105m██[38;2;0;0;0m  [38;2;239;227;216m██[38;2;190;190;200m██[38;2;246;237;243m██[38;2;228;188;181m██[38;2;248;224;205m██[38;2;248;224;212m██[38;2;248;225;209m██████[38;2;245;227;203m██[38;2;248;225;211m██[38;2;243;226;200m██[38;2;199;187;188m██[38;2;206;173;159m██[38;2;202;119;73m██[38;2;183;201;215m██[38;2;170;161;187m██[38;2;166;164;176m██[38;2;238;238;242m██[38;2;235;234;240m██[38;2;174;173;181m██[38;2;224;223;229m██[38;2;233;232;237m██[38;2;233;233;235m██
[38;2;0;0;0m  [38;2;187;117;109m  [38;2;170;130;110m██[38;2;226;231;245m██[38;2;211;199;203m██[38;2;224;215;219m██[38;2;224;184;176m██[38;2;248;225;203m██[38;2;245;222;207m██[38;2;248;225;209m████[38;2;247;224;208m██[38;2;244;226;202m██[38;2;247;224;210m██[38;2;242;224;199m██[38;2;229;217;219m██[38;2;245;240;248m██[38;2;192;131;113m██[38;2;204;134;87m██[38;2;227;203;208m██[38;2;235;225;234m██[38;2;229;234;231m██[38;2;161;162;169m██[38;2;232;231;237m██[38;2;233;232;237m██[38;2;234;234;235m██[38;2;232;232;231m██[0m
