
[38;2;0;0;0m      [38;2;115;115;127m  [38;2;235;235;234m  [38;2;224;218;197m  [38;2;188;183;147m██[38;2;112;99;77m██[38;2;108;100;75m██[38;2;104;104;82m██[38;2;94;83;63m██[38;2;112;110;87m██[38;2;98;87;69m██[38;2;113;110;89m██[38;2;153;146;117m██[38;2;124;116;92m██[38;2;129;119;101m██[38;2;156;145;124m██[38;2;135;125;104m██[38;2;186;177;148m██[38;2;200;193;157m██[38;2;203;197;160m██
[38;2;0;0;0m    [38;2;127;127;127m  [38;2;244;241;236m  [38;2;190;184;152m  [38;2;86;73;53m██[38;2;115;112;88m██[38;2;93;78;62m██[38;2;123;114;90m██[38;2;108;104;83m██[38;2;99;88;69m██[38;2;110;109;84m██[38;2;94;82;65m██[38;2;111;110;87m██[38;2;125;116;92m██[38;2;122;114;92m██[38;2;90;71;69m██[38;2;136;118;105m██[38;2;166;150;132m██[38;2;92;76;65m██[38;2;201;177;147m██[38;2;202;189;156m██
[38;2;0;0;0m  [38;2;127;127;127m  [38;2;243;243;240m  [38;2;145;132;107m██[38;2;98;89;73m██[38;2;91;81;60m██[38;2;104;101;77m██[38;2;65;50;36m██[38;2;163;152;127m██[38;2;118;103;86m██[38;2;149;135;114m██[38;2;118;104;86m██[38;2;155;138;122m██[38;2;130;112;96m██[38;2;106;91;72m██[38;2;150;138;118m██[38;2;175;156;138m██[38;2;173;153;137m██[38;2;117;101;83m██[38;2;105;93;72m██[38;2;187;161;132m██[38;2;109;109;85m██
[38;2;219;219;219m  [38;2;238;237;230m  [38;2;196;187;155m██[38;2;130;118;94m██[38;2;116;113;91m██[38;2;151;140;112m██[38;2;115;99;81m██[38;2;119;105;82m██[38;2;173;164;134m██[38;2;200;183;156m██[38;2;119;107;80m██[38;2;188;174;148m██[38;2;133;118;95m██[38;2;194;178;152m██[38;2;110;92;72m██[38;2;114;98;77m██[38;2;199;180;156m██[38;2;172;152;134m██[38;2;106;93;75m██[38;2;107;95;74m██[38;2;139;121;117m██[38;2;122;125;97m██
[38;2;255;254;254m  [38;2;186;179;146m██[38;2;96;85;64m██[38;2;144;138;112m██[38;2;125;107;92m██[38;2;197;190;158m██[38;2;212;198;171m██[38;2;141;129;104m██[38;2;183;174;145m██[38;2;200;182;157m██[38;2;134;121;95m██[38;2;181;165;140m██[38;2;172;156;133m██[38;2;160;148;121m██[38;2;192;176;152m██[38;2;165;149;123m██[38;2;207;188;163m██[38;2;184;167;142m██[38;2;90;77;59m██[38;2;87;74;56m██[38;2;147;131;133m██[38;2;146;134;108m██
[38;2;197;192;179m  [38;2;96;84;63m██[38;2;164;157;129m██[38;2;120;104;87m██[38;2;125;110;87m██[38;2;176;163;137m██[38;2;197;182;156m██[38;2;145;135;109m██[38;2;193;185;155m██[38;2;197;183;154m██[38;2;114;102;81m██[38;2;159;143;118m██[38;2;120;107;86m██[38;2;149;140;112m██[38;2;196;180;154m██[38;2;187;168;143m██[38;2;186;169;143m██[38;2;179;162;136m██[38;2;89;76;54m██[38;2;90;77;59m██[38;2;158;142;142m██[38;2;149;139;117m██
[38;2;87;74;58m██[38;2;132;123;101m██[38;2;143;132;113m██[38;2;144;128;106m██[38;2;149;138;110m██[38;2;190;175;148m██[38;2;85;73;56m██[38;2;164;157;130m██[38;2;187;180;148m██[38;2;173;162;135m██[38;2;92;81;70m██[38;2;153;143;115m██[38;2;119;108;91m██[38;2;180;173;146m██[38;2;131;120;92m██[38;2;187;171;144m██[38;2;155;139;110m██[38;2;136;121;94m██[38;2;126;114;89m██[38;2;89;76;57m██[38;2;169;155;141m██[38;2;175;166;137m██
[38;2;120;109;87m██[38;2;129;119;102m██[38;2;148;134;111m██[38;2;140;126;102m██[38;2;174;165;136m██[38;2;146;132;108m██[38;2;103;92;80m██[38;2;181;174;146m██[38;2;182;175;146m██[38;2;173;162;134m██[38;2;90;79;67m██[38;2;175;166;136m██[38;2;152;140;120m██[38;2;155;148;120m██[38;2;190;180;148m██[38;2;188;177;147m██[38;2;192;179;149m██[38;2;161;149;121m██[38;2;90;77;58m██[38;2;89;77;58m██[38;2;176;165;136m██[38;2;205;199;164m  
[38;2;209;203;177m  [38;2;126;110;90m██[38;2;152;140;112m██[38;2;170;160;133m██[38;2;110;100;77m██[38;2;114;102;90m██[38;2;174;165;135m██[38;2;186;179;147m██[38;2;147;139;116m██[38;2;132;121;104m██[38;2;106;96;82m██[38;2;179;171;141m██[38;2;154;142;121m██[38;2;101;91;78m██[38;2;186;176;145m██[38;2;188;177;147m████[38;2;185;174;144m██[38;2;106;94;73m██[38;2;91;78;59m██[38;2;183;172;142m██[38;2;217;211;178m██
[38;2;230;232;229m  [38;2;153;139;114m██[38;2;169;160;133m██[38;2;105;93;72m██[38;2;116;104;91m██[38;2;110;98;84m██[38;2;182;173;143m██[38;2;135;127;107m██[38;2;65;55;48m██[38;2;69;56;51m██[38;2;130;119;103m██[38;2;190;183;150m██[38;2;118;108;90m██[38;2;70;59;55m██[38;2;187;176;145m██[38;2;151;149;124m██[38;2;166;165;138m██[38;2;188;178;147m██[38;2;108;96;74m██[38;2;110;97;82m██[38;2;174;163;134m██[38;2;231;226;209m  
[38;2;83;83;83m  [38;2;185;178;146m  [38;2;96;84;64m██[38;2;117;106;92m██[38;2;95;84;69m██[38;2;171;165;135m██[38;2;162;155;130m██[38;2;58;47;43m██[38;2;77;66;64m██[38;2;94;81;78m██[38;2;143;135;115m██[38;2;200;193;161m██[38;2;118;108;100m██[38;2;84;70;69m██[38;2;161;156;128m██[38;2;217;212;172m██[38;2;218;213;173m██[38;2;216;213;175m██[38;2;107;95;74m██[38;2;153;137;123m██[38;2;75;62;51m██[38;2;232;232;228m  
[38;2;0;0;0m  [38;2;241;239;239m  [38;2;99;88;77m██[38;2;117;106;89m██[38;2;170;163;136m██[38;2;124;113;96m██[38;2;84;71;68m██[38;2;105;92;86m██[38;2;109;95;87m██[38;2;105;92;86m██[38;2;148;139;120m██[38;2;199;193;160m██[38;2;169;160;140m██[38;2;96;85;85m██[38;2;199;195;162m██[38;2;216;211;172m██████[38;2;170;165;138m██[38;2;152;135;128m██[38;2;117;105;90m██[38;2;119;119;120m  
[38;2;0;0;0m  [38;2;108;108;108m  [38;2;156;149;124m  [38;2;168;159;132m██[38;2;102;91;78m██[38;2;97;84;84m██[38;2;132;120;110m██[38;2;142;133;116m██[38;2;124;113;99m██[38;2;111;101;90m██[38;2;137;125;108m██[38;2;181;175;146m██[38;2;203;198;165m██[38;2;66;52;49m██[38;2;200;195;161m██[38;2;216;211;172m██████[38;2;187;182;150m██[38;2;137;122;106m██[38;2;179;170;141m  [38;2;11;11;11m  
[38;2;0;0;0m  [38;2;37;37;37m  [38;2;238;237;232m  [38;2;66;55;52m██[38;2;110;100;92m██[38;2;143;135;117m██[38;2;163;154;132m██[38;2;179;172;145m██[38;2;149;143;119m██[38;2;99;90;76m██[38;2;109;97;82m██[38;2;129;121;101m██[38;2;155;148;122m██[38;2;100;85;81m██[38;2;166;161;137m██[38;2;216;211;172m██████[38;2;179;174;143m██[38;2;97;81;70m██[38;2;216;212;185m  [38;2;5;5;5m  
[38;2;0;0;0m    [38;2;80;79;79m  [38;2;165;157;135m  [38;2;152;144;122m██[38;2;155;147;127m██[38;2;100;91;78m██[38;2;138;130;109m██[38;2;194;188;155m██[38;2;149;140;121m██[38;2;129;119;103m██[38;2;121;112;100m██[38;2;120;111;98m██[38;2;146;134;118m██[38;2;188;177;146m██[38;2;216;212;174m██[38;2;216;211;173m██[38;2;219;214;174m██[38;2;180;172;142m██[38;2;68;50;43m██[38;2;227;225;214m  [38;2;19;19;19m  
[38;2;0;0;0m    [38;2;20;20;20m  [38;2;235;233;229m  [38;2;85;75;68m██[38;2;58;47;42m██[38;2;84;73;73m██[38;2;100;89;83m██[38;2;196;189;159m██[38;2;163;156;131m██[38;2;122;114;99m██[38;2;105;96;85m██[38;2;94;83;79m██[38;2;185;175;148m██[38;2;188;177;147m██[38;2;182;174;143m██[38;2;149;146;123m██[38;2;168;164;137m██[38;2;177;163;139m██[38;2;118;102;91m██[38;2;175;174;176m  [38;2;0;0;0m  
[38;2;0;0;0m      [38;2;142;142;142m  [38;2;147;137;122m  [38;2;116;106;95m██[38;2;134;124;109m██[38;2;126;115;103m██[38;2;167;158;136m██[38;2;157;151;127m██[38;2;102;93;83m██[38;2;136;127;111m██[38;2;96;85;85m██[38;2;189;179;148m██[38;2;190;176;147m██[38;2;188;177;147m██[38;2;190;178;148m██[38;2;186;166;139m██[38;2;112;99;86m██[38;2;151;139;119m  [38;2;45;47;45m  [38;2;0;0;0m  
[38;2;0;0;0m      [38;2;81;81;81m  [38;2;229;227;223m  [38;2;159;152;131m██[38;2;176;169;143m██[38;2;159;151;128m██[38;2;135;127;111m██[38;2;163;158;134m██[38;2;105;94;85m██[38;2;181;174;147m██[38;2;94;82;82m██[38;2;187;176;145m██[38;2;172;160;133m██[38;2;190;179;149m██[38;2;179;160;134m██[38;2;145;95;80m██[38;2;91;76;67m██[38;2;196;191;161m██[38;2;20;20;20m  [38;2;0;0;0m  
[38;2;0;0;0m        [38;2;95;94;95m  [38;2;128;121;106m  [38;2;119;110;98m██[38;2;150;142;120m██[38;2;145;138;114m██[38;2;165;160;135m██[38;2;127;120;105m██[38;2;173;166;139m██[38;2;138;123;109m██[38;2;182;169;139m██[38;2;120;103;83m██[38;2;201;188;158m██[38;2;167;135;113m██[38;2;165;125;107m██[38;2;91;77;65m██[38;2;228;224;214m  [38;2;23;23;23m  [38;2;0;0;0m  
[38;2;0;0;0m        [38;2;49;49;49m  [38;2;230;227;218m  [38;2;143;135;115m██[38;2;146;138;116m██[38;2;184;178;148m██[38;2;200;195;160m██[38;2;179;171;141m██[38;2;198;179;149m██[38;2;252;221;186m██[38;2;196;180;152m██[38;2;205;190;163m██[38;2;201;188;156m██[38;2;188;177;146m██[38;2;180;169;139m██[38;2;96;84;70m██[38;2;200;201;200m  [38;2;0;0;0m    
[38;2;0;0;0m          [38;2;130;129;161m  [38;2;189;183;152m  [38;2;160;154;121m██[38;2;150;132;106m██[38;2;249;218;183m████[38;2;247;218;180m██[38;2;250;218;185m██[38;2;172;156;128m██[38;2;104;86;67m██[38;2;162;146;119m██[38;2;188;178;145m██[38;2;150;137;117m██[38;2;191;186;153m██[38;2;73;72;72m  [38;2;0;0;0m    
[38;2;0;0;0m          [38;2;114;114;111m  [38;2;196;186;166m  [38;2;155;144;117m██[38;2;245;217;182m██[38;2;245;217;181m████[38;2;249;218;183m██[38;2;179;158;128m██[38;2;202;186;157m██[38;2;192;176;148m██[38;2;173;159;132m██[38;2;187;176;146m██[38;2;170;157;138m██[38;2;211;207;177m  [38;2;15;15;15m  [38;2;0;0;0m    
[38;2;0;0;0m        [38;2;127;127;127m  [38;2;241;218;188m  [38;2;229;197;164m██[38;2;248;217;184m██[38;2;245;217;181m████[38;2;192;164;134m██[38;2;127;105;88m██[38;2;144;129;111m██[38;2;122;107;85m██[38;2;185;169;144m██[38;2;188;175;146m██[38;2;206;207;194m██[38;2;178;168;162m██[38;2;230;229;223m  [38;2;4;4;4m  [38;2;0;0;0m    
[38;2;0;0;0m      [38;2;129;129;129m  [38;2;240;215;184m  [38;2;245;217;181m████████[38;2;246;219;184m██[38;2;211;206;170m██[38;2;221;214;177m██[38;2;162;152;129m██[38;2;186;176;145m██[38;2;168;159;130m██[38;2;177;168;139m██[38;2;181;176;156m██[38;2;146;129;115m██[38;2;113;113;113m  [38;2;0;0;0m      
[38;2;0;0;0m    [38;2;18;18;18m  [38;2;249;247;244m  [38;2;244;217;183m██[38;2;245;217;181m████████[38;2;192;146;107m██[38;2;198;141;98m██[38;2;236;203;169m██[38;2;208;180;151m██[38;2;205;202;177m  [38;2;212;208;171m  [38;2;221;217;180m██[38;2;200;193;160m  [38;2;207;200;174m  [38;2;19;19;19m  [38;2;0;0;0m      
[38;2;0;0;0m    [38;2;127;127;127m  [38;2;235;205;175m  [38;2;245;217;181m██████████[38;2;193;152;114m██[38;2;249;220;185m██[38;2;247;216;181m██[38;2;229;199;166m██[38;2;118;119;120m  [38;2;11;11;11m  [38;2;119;119;120m  [38;2;155;154;155m  [38;2;103;102;102m  [38;2;0;0;0m        
[38;2;139;139;139m  [38;2;116;116;116m  [38;2;183;183;182m  [38;2;246;218;182m██[38;2;245;217;181m██████████[38;2;217;189;155m██[38;2;249;217;182m██[38;2;222;191;157m██[38;2;249;218;184m██[38;2;106;106;108m  [38;2;0;0;0m                [0m
