
[38;2;10;6;5m  [38;2;191;56;40m██[38;2;186;54;39m██[38;2;194;55;40m██[38;2;237;188;90m██[38;2;212;146;85m██[38;2;199;157;79m██[38;2;184;74;45m██[38;2;223;163;87m██[38;2;213;147;85m██[38;2;195;56;40m██[38;2;211;102;56m██[38;2;194;56;40m██[38;2;187;102;54m██[38;2;134;86;46m██[38;2;215;116;60m██[38;2;194;56;40m██[38;2;182;59;41m██[38;2;197;140;80m██[38;2;255;214;93m██[38;2;245;210;92m██[38;2;206;166;80m██[38;2;245;199;91m██[38;2;249;212;92m██[38;2;120;107;49m  [38;2;0;0;0m  [38;2;43;39;23m  [38;2;0;0;0m  
[38;2;6;5;5m  [38;2;195;56;40m██[38;2;172;51;38m  [38;2;236;179;83m██[38;2;228;175;88m██[38;2;185;128;75m██[38;2;208;143;84m██[38;2;175;72;48m██[38;2;182;80;48m██[38;2;217;154;86m██[38;2;153;50;37m██[38;2;253;213;93m██[38;2;204;84;49m██[38;2;215;117;61m██[38;2;172;51;37m██[38;2;206;89;51m██[38;2;250;204;89m██[38;2;195;58;41m██[38;2;193;56;40m██[38;2;229;183;89m██[38;2;255;214;93m██[38;2;235;185;90m██[38;2;217;155;86m██[38;2;255;214;93m████[38;2;153;137;63m  [38;2;6;7;9m  [38;2;0;0;0m  
[38;2;105;37;29m  [38;2;12;6;6m  [38;2;194;56;40m██[38;2;195;128;63m██[38;2;176;88;64m██[38;2;210;145;84m██[38;2;207;174;81m██[38;2;169;100;60m██[38;2;194;56;40m██[38;2;193;55;40m██[38;2;139;77;50m██[38;2;231;155;73m██[38;2;255;214;93m██[38;2;246;195;87m██[38;2;242;188;84m██[38;2;197;65;43m██[38;2;221;167;87m██[38;2;255;215;93m██[38;2;233;162;76m██[38;2;173;57;40m██[38;2;239;191;90m██[38;2;177;154;74m██[38;2;197;142;79m██[38;2;250;208;92m██[38;2;255;214;93m██[38;2;241;206;90m██[38;2;95;82;43m  [38;2;4;4;4m  
[38;2;47;24;21m  [38;2;126;41;31m  [38;2;200;74;46m██[38;2;143;33;44m██[38;2;215;170;84m██[38;2;215;157;86m██[38;2;191;123;73m██[38;2;209;144;84m██[38;2;166;50;37m██[38;2;218;122;62m██[38;2;238;174;80m██[38;2;211;103;56m██[38;2;255;214;93m██[38;2;253;212;93m██[38;2;254;213;93m██[38;2;220;160;87m██[38;2;224;166;88m██[38;2;187;129;76m██[38;2;230;176;89m██[38;2;240;180;82m██[38;2;208;143;84m██[38;2;255;214;93m██[38;2;150;135;63m██[38;2;228;172;88m██[38;2;255;215;93m██[38;2;247;211;92m██[38;2;210;185;82m  [38;2;0;0;0m  
[38;2;177;53;38m  [38;2;176;52;38m  [38;2;75;26;30m  [38;2;140;38;45m██[38;2;140;32;44m██[38;2;196;162;78m██[38;2;166;79;51m██[38;2;195;56;40m██[38;2;156;56;40m██[38;2;198;67;44m██[38;2;232;159;75m██[38;2;249;206;92m██[38;2;230;176;89m██[38;2;218;158;86m██[38;2;190;131;77m██[38;2;206;142;83m██[38;2;212;146;85m██[38;2;189;131;77m██[38;2;193;134;79m██[38;2;212;146;85m██[38;2;223;166;88m██[38;2;204;144;82m██[38;2;250;213;93m██[38;2;170;126;69m██[38;2;255;215;93m██[38;2;255;214;93m██[38;2;174;153;69m██[38;2;84;76;35m  
[38;2;0;0;0m    [38;2;167;124;65m  [38;2;174;119;67m██[38;2;217;156;86m██[38;2;190;132;78m██[38;2;190;131;77m██[38;2;178;83;53m██[38;2;233;162;76m██[38;2;252;206;90m██[38;2;254;213;93m██[38;2;227;171;88m██[38;2;200;139;81m██[38;2;195;135;79m██[38;2;191;132;78m██[38;2;183;129;82m██[38;2;199;159;115m██[38;2;215;181;142m██[38;2;165;121;80m██[38;2;193;133;78m██[38;2;212;146;85m██[38;2;201;139;81m██[38;2;235;185;90m██[38;2;248;211;92m██[38;2;246;201;91m██[38;2;212;183;81m██[38;2;251;206;90m██[38;2;214;111;58m██
[38;2;0;0;0m    [38;2;110;29;37m  [38;2;97;86;44m  [38;2;202;140;82m██[38;2;212;146;85m██[38;2;246;212;92m██[38;2;237;201;89m██[38;2;246;212;92m██[38;2;243;207;91m██[38;2;215;151;86m██[38;2;213;147;85m██[38;2;212;146;85m██[38;2;185;131;82m██[38;2;248;215;177m██[38;2;254;217;178m██[38;2;210;174;144m██[38;2;254;217;178m██████[38;2;219;191;156m██[38;2;188;131;77m██[38;2;215;151;86m██[38;2;227;172;88m██[38;2;206;154;81m██[38;2;255;215;93m██[38;2;255;214;93m██[38;2;236;169;78m██
[38;2;14;12;7m  [38;2;0;0;0m  [38;2;17;16;13m  [38;2;202;141;82m██[38;2;248;205;92m██[38;2;248;213;92m██[38;2;228;182;88m██[38;2;228;192;86m██[38;2;255;214;93m██[38;2;238;189;90m██[38;2;212;146;85m██[38;2;189;131;77m██[38;2;204;165;122m██[38;2;254;217;178m██████[38;2;245;211;174m██[38;2;254;217;178m████████[38;2;236;205;169m██[38;2;186;131;80m██[38;2;199;137;80m██[38;2;186;128;76m██[38;2;222;176;86m██[38;2;226;142;69m██[38;2;182;86;49m██
[38;2;255;215;94m██[38;2;246;209;91m██[38;2;252;211;93m██[38;2;241;194;91m██[38;2;228;191;87m██[38;2;212;146;85m██[38;2;197;150;79m██[38;2;255;216;94m██[38;2;199;151;82m██[38;2;227;171;88m██[38;2;212;146;85m██[38;2;212;183;148m██[38;2;254;217;178m██████[38;2;185;163;134m██[38;2;254;218;179m██[38;2;254;217;178m██████████[38;2;254;218;179m██[38;2;245;214;176m██[38;2;199;164;125m██[38;2;212;146;85m██[38;2;215;151;86m██[38;2;246;202;90m██
[38;2;190;165;74m  [38;2;231;179;89m██[38;2;208;143;84m██[38;2;240;204;90m██[38;2;214;175;83m██[38;2;212;146;85m██[38;2;215;185;148m██[38;2;211;162;135m██[38;2;213;157;85m██[38;2;255;214;93m██[38;2;196;135;80m██[38;2;254;218;179m██[38;2;249;213;175m██[38;2;247;216;177m██[38;2;254;219;179m██[38;2;37;27;25m██[38;2;251;217;178m██[38;2;254;217;178m██████████████[38;2;254;218;179m██[38;2;207;143;83m██[38;2;238;186;86m██[38;2;189;53;39m██
[38;2;213;146;85m██[38;2;188;130;77m██[38;2;183;127;75m██[38;2;190;147;77m██[38;2;212;146;85m██[38;2;208;143;83m██[38;2;192;154;128m██[38;2;206;158;133m██[38;2;255;214;93m██[38;2;255;215;93m██[38;2;198;141;80m██[38;2;254;217;178m████[38;2;230;201;165m██[38;2;33;24;22m██[38;2;34;24;22m████[38;2;173;153;126m██[38;2;254;217;178m████████████[38;2;239;207;171m██[38;2;221;162;87m██[38;2;233;165;77m██[38;2;210;96;54m██
[38;2;213;147;86m██[38;2;212;146;85m████[38;2;198;151;79m██[38;2;213;147;85m██[38;2;166;116;69m██[38;2;233;195;161m██[38;2;183;148;103m██[38;2;240;195;90m██[38;2;255;214;93m██[38;2;214;173;82m██[38;2;254;217;178m████████[38;2;215;172;143m██[38;2;80;61;52m██[38;2;34;24;22m██[38;2;221;194;159m██[38;2;254;217;178m██████████[38;2;247;217;177m██[38;2;214;150;86m██[38;2;68;27;24m  [38;2;0;0;0m  [0m
