
[38;2;0;0;0m                      [38;2;11;9;8m  [38;2;112;109;91m██[38;2;190;197;199m  [38;2;112;122;122m  [38;2;0;0;0m                  [38;2;80;80;80m  [38;2;194;178;193m  [38;2;197;194;203m  [38;2;198;201;205m██[38;2;254;254;253m██
[38;2;0;0;0m                      [38;2;7;11;11m  [38;2;104;77;66m██[38;2;206;211;213m  [38;2;223;223;223m  [38;2;0;0;0m              [38;2;8;8;8m  [38;2;93;122;122m  [38;2;240;241;242m  [38;2;253;253;253m██[38;2;181;186;191m██[38;2;220;222;223m██[38;2;254;254;254m  
[38;2;101;101;101m  [38;2;0;0;0m                [38;2;58;58;85m  [38;2;64;64;64m  [38;2;84;94;83m  [38;2;149;149;151m  [38;2;118;120;124m  [38;2;96;98;101m  [38;2;95;96;99m  [38;2;96;98;101m  [38;2;98;99;104m  [38;2;90;90;128m  [38;2;96;96;96m  [38;2;128;128;128m  [38;2;176;180;182m  [38;2;227;235;241m  [38;2;250;253;252m  [38;2;255;255;254m██[38;2;170;171;176m██[38;2;109;114;119m██[38;2;55;62;67m██[38;2;254;254;253m  
[38;2;240;214;239m  [38;2;189;163;187m  [38;2;30;26;30m  [38;2;0;0;0m  [38;2;50;50;50m  [38;2;0;0;0m    [38;2;120;120;120m  [38;2;99;96;96m  [38;2;199;202;207m  [38;2;204;209;214m  [38;2;211;233;229m██[38;2;220;223;226m██[38;2;243;247;248m██[38;2;241;247;249m██[38;2;234;240;244m██[38;2;243;248;248m██[38;2;226;235;240m██[38;2;226;234;240m  [38;2;179;211;201m  [38;2;225;232;238m  [38;2;228;235;240m██[38;2;242;247;248m██[38;2;252;253;254m██[38;2;253;254;253m██[38;2;69;76;82m██[38;2;57;64;69m██[38;2;110;116;122m██[38;2;233;234;237m  
[38;2;253;254;254m██[38;2;251;252;253m██[38;2;240;244;246m██[38;2;228;236;241m  [38;2;227;234;240m  [38;2;67;69;74m  [38;2;147;128;121m  [38;2;206;205;213m  [38;2;231;239;241m██[38;2;234;241;244m██[38;2;251;253;253m██[38;2;253;254;254m██[38;2;224;254;242m██[38;2;254;254;254m██[38;2;254;254;255m██[38;2;248;249;252m██[38;2;250;251;252m██[38;2;246;251;250m██[38;2;218;249;237m██[38;2;229;241;241m██[38;2;228;236;241m██[38;2;241;246;247m██[38;2;241;246;248m██[38;2;253;254;254m██[38;2;229;229;230m██[38;2;58;65;70m██[38;2;58;65;69m██[38;2;70;76;82m██[38;2;248;249;249m  
[38;2;254;254;254m██[38;2;253;253;254m██[38;2;246;253;250m██[38;2;247;254;252m██[38;2;228;236;242m██[38;2;224;232;239m██[38;2;224;231;239m██[38;2;214;218;224m██[38;2;236;237;242m██[38;2;252;253;254m██[38;2;254;255;255m██[38;2;252;254;253m██[38;2;246;253;251m██[38;2;233;253;245m██[38;2;222;254;241m██[38;2;235;254;247m██[38;2;225;253;242m██[38;2;228;254;244m██[38;2;245;250;251m██[38;2;255;255;255m██[38;2;253;253;254m██[38;2;248;253;251m██[38;2;236;241;244m██[38;2;248;250;250m██[38;2;249;250;250m██[38;2;195;196;198m██[38;2;58;66;71m██[38;2;97;104;109m██[38;2;249;250;252m  
[38;2;213;214;216m██[38;2;252;254;254m██[38;2;252;254;253m██[38;2;245;253;250m██[38;2;243;251;249m██[38;2;232;239;241m██[38;2;232;240;243m██[38;2;242;247;248m██[38;2;252;254;254m██[38;2;252;254;255m██[38;2;253;254;254m██[38;2;251;254;253m██[38;2;248;253;252m██[38;2;249;254;252m██[38;2;248;254;252m██[38;2;246;253;251m██[38;2;224;227;228m██[38;2;241;243;245m██[38;2;245;248;249m██[38;2;203;207;212m██[38;2;245;249;249m██[38;2;243;247;249m██[38;2;250;252;253m██[38;2;252;253;253m██[38;2;250;252;252m██[38;2;251;254;253m██[38;2;54;61;65m██[38;2;62;71;75m██[38;2;163;165;170m  
[38;2;58;66;70m██[38;2;109;114;119m██[38;2;252;254;254m██[38;2;253;253;253m██[38;2;246;252;250m██[38;2;243;252;250m██[38;2;238;244;244m██[38;2;178;181;186m██[38;2;235;241;244m██[38;2;237;243;246m██[38;2;228;233;236m██[38;2;243;249;249m██[38;2;247;250;251m██[38;2;238;242;245m██[38;2;233;238;244m██[38;2;240;243;247m██[38;2;238;242;245m██[38;2;167;171;177m██[38;2;227;234;240m██[38;2;226;233;241m██[38;2;150;154;161m██[38;2;223;233;239m██[38;2;231;238;242m██[38;2;254;255;255m██[38;2;250;252;253m██[38;2;245;246;246m██[38;2;208;210;212m██[38;2;91;98;102m  [38;2;60;60;60m  
[38;2;53;62;66m██[38;2;55;64;68m██[38;2;246;247;247m██[38;2;253;254;254m██[38;2;251;254;253m██[38;2;246;253;251m██[38;2;128;133;140m██[38;2;223;232;238m██[38;2;225;233;240m██[38;2;224;231;237m██[38;2;180;183;190m██[38;2;230;237;243m██[38;2;231;238;242m██[38;2;224;233;239m██[38;2;223;231;236m██[38;2;223;233;238m██[38;2;209;214;218m██[38;2;200;203;209m██[38;2;215;220;223m██[38;2;224;234;240m██[38;2;230;236;242m██[38;2;175;179;185m██[38;2;250;252;251m██[38;2;249;252;251m██[38;2;253;255;254m██[38;2;250;254;253m██[38;2;237;239;239m██[38;2;206;209;216m  [38;2;119;119;119m  
[38;2;67;75;80m██[38;2;57;65;69m██[38;2;241;242;243m██[38;2;248;251;252m██[38;2;254;254;254m██[38;2;249;251;251m██[38;2;184;189;195m██[38;2;250;252;253m██[38;2;244;247;249m██[38;2;225;234;238m██[38;2;195;199;205m██[38;2;226;236;241m██[38;2;218;225;229m██[38;2;222;232;239m██[38;2;226;233;240m██[38;2;222;230;236m██[38;2;185;188;193m██[38;2;223;232;239m██[38;2;142;145;151m██[38;2;252;253;254m██[38;2;252;253;253m██[38;2;203;207;211m██[38;2;246;248;249m██[38;2;254;254;254m██[38;2;252;254;253m██[38;2;249;254;253m██[38;2;247;252;251m██[38;2;88;93;103m  [38;2;0;0;0m  
[38;2;189;194;199m  [38;2;109;115;119m██[38;2;249;250;251m██[38;2;255;255;255m██[38;2;254;254;254m██[38;2;185;187;189m██[38;2;191;194;200m██[38;2;253;254;254m██[38;2;254;255;255m██[38;2;240;241;241m██[38;2;227;228;230m██[38;2;250;251;252m██[38;2;215;222;224m██[38;2;254;254;254m██[38;2;255;255;255m██[38;2;254;255;255m██[38;2;224;225;229m██[38;2;217;225;232m██[38;2;181;183;189m██[38;2;255;255;255m██[38;2;253;253;253m██[38;2;254;254;255m██[38;2;137;140;146m██[38;2;255;254;254m██[38;2;241;244;245m██[38;2;254;254;254m██[38;2;255;255;255m██[38;2;212;215;219m  [38;2;139;139;139m  
[38;2;81;67;66m  [38;2;212;216;219m  [38;2;231;236;240m██[38;2;254;255;255m██[38;2;254;254;254m██[38;2;178;178;182m██[38;2;213;216;218m██[38;2;254;254;254m██[38;2;254;255;255m██[38;2;232;234;236m██[38;2;216;221;223m██[38;2;253;254;254m██[38;2;214;219;223m██[38;2;254;254;254m██[38;2;255;255;255m██[38;2;254;255;255m██[38;2;244;245;246m██[38;2;187;192;198m██[38;2;194;198;204m██[38;2;255;255;255m██[38;2;254;255;255m██[38;2;214;219;222m██[38;2;233;235;236m██[38;2;225;228;230m██[38;2;246;248;250m██[38;2;226;230;232m██[38;2;254;255;255m██[38;2;252;252;253m  [38;2;84;84;96m  
[38;2;64;80;80m  [38;2;191;192;194m  [38;2;248;250;251m██[38;2;255;255;255m██[38;2;254;255;254m██[38;2;165;167;172m██[38;2;231;234;236m██[38;2;235;240;241m██[38;2;241;246;247m██[38;2;204;207;212m██[38;2;196;201;205m██[38;2;247;250;251m██[38;2;207;211;216m██[38;2;231;237;240m██[38;2;231;239;240m██[38;2;232;238;240m██[38;2;239;244;245m██[38;2;158;163;169m██[38;2;189;194;200m██[38;2;190;194;199m██[38;2;226;234;239m██[38;2;222;230;233m██[38;2;233;238;242m██[38;2;105;105;111m██[38;2;233;238;242m██[38;2;199;203;209m██[38;2;220;228;233m██[38;2;214;223;226m██[38;2;128;131;134m  
[38;2;64;64;64m  [38;2;184;188;191m  [38;2;249;250;250m██[38;2;215;220;223m██[38;2;228;236;239m██[38;2;166;170;176m██[38;2;223;228;231m██[38;2;233;239;241m██[38;2;220;226;228m██[38;2;203;203;204m██[38;2;185;190;195m██[38;2;241;243;248m██[38;2;201;205;209m██[38;2;238;240;246m██[38;2;238;241;246m██[38;2;232;239;240m██[38;2;231;238;239m██[38;2;151;153;158m██[38;2;190;195;199m██[38;2;151;120;111m██[38;2;205;210;213m██[38;2;235;240;243m██[38;2;181;183;185m██[38;2;128;103;96m██[38;2;224;227;232m██[38;2;238;241;245m██[38;2;190;194;199m██[38;2;205;211;214m██[38;2;219;214;204m  
[38;2;84;84;84m  [38;2;208;211;215m  [38;2;231;236;238m██[38;2;232;239;240m██[38;2;232;240;241m██[38;2;154;155;158m██[38;2;221;226;228m██[38;2;238;241;247m██[38;2;213;217;220m██[38;2;193;176;169m██[38;2;159;155;155m██[38;2;218;221;225m██[38;2;200;205;209m██[38;2;250;251;252m██[38;2;252;253;253m██[38;2;237;242;246m██[38;2;235;240;243m██[38;2;146;147;151m██[38;2;189;192;198m██[38;2;179;132;115m██[38;2;147;144;147m██[38;2;207;211;215m██[38;2;135;137;142m██[38;2;121;105;102m██[38;2;176;177;182m██[38;2;238;240;246m██[38;2;149;153;159m██[38;2;227;232;234m██[38;2;214;218;218m  
[38;2;79;79;79m  [38;2;212;216;220m  [38;2;166;170;176m██[38;2;236;240;245m██[38;2;237;241;244m██[38;2;152;149;152m██[38;2;211;215;219m██[38;2;237;240;241m██[38;2;179;183;187m██[38;2;182;143;133m██[38;2;169;127;115m██[38;2;189;192;196m██[38;2;215;218;222m██[38;2;250;251;252m██[38;2;249;251;252m██[38;2;248;250;251m██[38;2;242;244;245m██[38;2;127;116;113m██[38;2;183;188;190m██[38;2;204;144;125m██[38;2;198;148;131m██[38;2;184;189;194m██[38;2;123;97;90m██[38;2;140;108;98m██[38;2;176;149;141m██[38;2;244;247;250m██[38;2;184;187;191m██[38;2;227;235;239m██[38;2;231;235;231m  
[38;2;37;34;37m  [38;2;216;218;223m  [38;2;243;245;246m██[38;2;240;245;247m██[38;2;238;242;246m██[38;2;178;172;172m██[38;2;153;159;164m██[38;2;245;245;246m██[38;2;216;220;224m██[38;2;204;149;131m██[38;2;214;157;139m██[38;2;190;188;191m██[38;2;247;247;248m██[38;2;237;239;240m██[38;2;253;254;255m██[38;2;254;254;255m██[38;2;234;236;238m██[38;2;152;114;102m██[38;2;191;195;200m██[38;2;225;175;157m██[38;2;236;203;186m██[38;2;150;123;117m██[38;2;185;136;122m██[38;2;207;156;137m██[38;2;195;142;126m██[38;2;235;238;240m██[38;2;221;223;224m██[38;2;234;239;243m██[38;2;237;234;225m  
[38;2;49;48;52m  [38;2;192;186;197m  [38;2;245;248;248m██[38;2;241;245;247m██[38;2;230;233;237m██[38;2;201;193;190m██[38;2;174;177;184m██[38;2;167;159;159m██[38;2;163;157;159m██[38;2;233;199;182m██[38;2;251;239;225m██[38;2;180;159;152m██[38;2;186;160;153m██[38;2;181;186;189m██[38;2;250;252;252m██[38;2;253;254;255m██[38;2;216;220;224m██[38;2;179;130;115m██[38;2;174;179;183m██[38;2;251;239;224m██[38;2;193;172;162m██[38;2;136;101;91m██[38;2;168;127;114m██[38;2;246;226;211m██[38;2;202;146;129m██[38;2;199;202;208m██[38;2;253;254;254m██[38;2;251;252;253m██[38;2;245;247;249m██
[38;2;120;121;125m  [38;2;190;169;191m██[38;2;254;254;254m██[38;2;248;250;250m██[38;2;224;226;229m██[38;2;194;195;196m██[38;2;171;136;126m██[38;2;181;140;124m██[38;2;189;141;125m██[38;2;132;121;118m██[38;2;81;76;77m██[38;2;87;74;72m██[38;2;186;138;122m██[38;2;180;180;182m██[38;2;174;177;180m██[38;2;253;253;253m██[38;2;180;167;165m██[38;2;169;130;117m██[38;2;203;170;157m██[38;2;110;89;83m██[38;2;196;195;196m██[38;2;47;77;112m██[38;2;95;127;156m██[38;2;61;53;54m██[38;2;183;138;122m██[38;2;181;186;190m██[38;2;255;255;255m██[38;2;175;180;185m██[38;2;253;253;253m██
[38;2;171;169;169m  [38;2;183;171;186m██[38;2;253;253;253m██[38;2;249;250;250m██[38;2;218;221;224m██[38;2;233;237;238m██[38;2;210;161;142m██[38;2;131;112;107m██[38;2;136;134;136m██[38;2;156;174;191m██[38;2;42;72;108m██[38;2;70;109;150m██[38;2;217;222;222m██[38;2;229;200;184m██[38;2;174;160;157m██[38;2;224;216;214m██[38;2;234;200;182m██[38;2;214;196;186m██[38;2;253;238;225m██[38;2;252;242;233m██[38;2;116;147;157m██[38;2;109;119;131m██[38;2;169;213;213m██[38;2;250;251;251m██[38;2;217;209;205m██[38;2;176;180;184m██[38;2;246;247;248m██[38;2;117;120;127m██[38;2;253;253;252m██
[38;2;188;166;186m  [38;2;163;167;172m██[38;2;252;252;254m██[38;2;250;251;252m██[38;2;226;227;233m██[38;2;251;252;253m██[38;2;241;203;186m██[38;2;233;215;204m██[38;2;240;237;236m██[38;2;177;183;177m██[38;2;199;164;155m██[38;2;235;193;182m██[38;2;231;194;185m██[38;2;255;208;197m██[38;2;255;218;206m██[38;2;242;201;187m██[38;2;255;222;209m██[38;2;255;221;210m██[38;2;255;219;207m██[38;2;254;200;188m██[38;2;252;194;183m██[38;2;253;197;186m██[38;2;253;196;185m██[38;2;253;194;184m██[38;2;241;178;166m██[38;2;158;158;161m██[38;2;194;200;203m██[38;2;217;219;221m██[38;2;253;253;254m██
[38;2;164;165;166m  [38;2;170;173;178m██[38;2;250;251;253m██[38;2;251;252;253m██[38;2;245;248;249m██[38;2;241;242;244m██[38;2;240;197;183m██[38;2;254;208;196m██[38;2;249;190;179m██[38;2;253;191;181m██[38;2;251;186;177m██[38;2;250;185;176m██[38;2;249;185;175m██[38;2;255;195;185m██[38;2;255;199;188m██[38;2;255;213;199m██[38;2;216;181;171m██[38;2;253;216;206m██[38;2;250;194;183m██[38;2;251;186;177m██[38;2;252;187;178m██[38;2;253;193;182m██[38;2;253;190;180m██[38;2;253;191;182m██[38;2;245;182;171m██[38;2;213;211;211m██[38;2;183;188;191m██[38;2;254;254;254m██[38;2;246;246;248m██
[38;2;180;179;182m  [38;2;187;190;193m██[38;2;252;253;253m██[38;2;250;251;253m██[38;2;250;252;254m██[38;2;184;186;191m██[38;2;224;188;178m██[38;2;245;183;172m██[38;2;250;186;177m██[38;2;250;188;178m██[38;2;254;196;186m██[38;2;255;201;190m██[38;2;255;209;198m██[38;2;254;218;207m██[38;2;255;223;211m██[38;2;254;226;214m██[38;2;254;226;212m██[38;2;255;229;217m██[38;2;255;231;217m██[38;2;255;224;211m██[38;2;255;223;211m████[38;2;255;222;210m████[38;2;237;194;178m██[38;2;227;225;224m██[38;2;149;153;159m██[38;2;218;222;223m██[38;2;174;176;180m██
[38;2;218;220;223m  [38;2;163;161;160m  [38;2;252;252;252m██[38;2;255;255;255m██[38;2;254;254;254m██[38;2;164;167;174m██[38;2;188;171;165m██[38;2;255;234;221m██[38;2;255;230;219m██[38;2;255;228;216m██[38;2;255;230;218m██[38;2;255;236;221m██[38;2;255;239;223m██[38;2;255;239;225m██[38;2;255;239;229m██[38;2;252;236;226m██[38;2;242;190;180m██[38;2;254;237;224m██[38;2;255;241;231m██[38;2;254;244;234m██[38;2;255;239;229m██[38;2;255;239;230m██[38;2;255;239;229m████[38;2;223;187;168m██[38;2;228;229;230m██[38;2;178;187;192m██[38;2;234;235;236m██[38;2;251;251;251m  
[38;2;219;222;224m██[38;2;174;177;179m  [38;2;250;251;251m██[38;2;255;255;255m██[38;2;254;254;255m██[38;2;196;197;203m██[38;2;112;111;117m██[38;2;254;239;227m██[38;2;255;239;225m██[38;2;255;239;229m██████[38;2;193;155;147m██[38;2;158;88;83m██[38;2;178;110;103m██[38;2;187;119;109m██[38;2;205;136;123m██[38;2;217;139;125m██[38;2;228;144;131m██[38;2;221;136;124m██[38;2;190;153;144m██[38;2;255;239;227m██[38;2;255;239;229m██[38;2;255;237;229m██[38;2;173;154;144m██[38;2;220;222;224m██[38;2;183;190;195m██[38;2;252;252;252m██[38;2;174;177;181m██[0m
