
[38;2;0;0;0m                    [38;2;25;0;2m██[38;2;9;2;12m██[38;2;22;13;17m██[38;2;18;2;1m██[38;2;109;21;98m  [38;2;79;51;58m  [38;2;21;3;13m██[38;2;22;0;11m██[38;2;28;5;16m██[38;2;17;1;8m██[38;2;17;6;14m██[38;2;14;8;10m██[38;2;17;3;9m██[38;2;0;0;0m              
[38;2;44;2;17m  [38;2;9;3;3m██[38;2;21;0;4m██[38;2;33;4;11m██[38;2;119;75;92m  [38;2;0;0;0m      [38;2;44;11;16m██[38;2;18;1;11m██[38;2;41;30;38m██[38;2;48;43;49m██[38;2;49;44;51m██[38;2;49;42;49m██[38;2;25;14;22m██[38;2;50;44;51m██[38;2;52;44;52m██[38;2;51;44;52m██[38;2;19;8;16m██[38;2;52;42;50m██[38;2;51;46;52m████[38;2;20;9;17m██[38;2;20;0;7m██[38;2;0;0;0m            
[38;2;142;100;159m██[38;2;133;91;155m██[38;2;142;100;176m██[38;2;83;70;91m██[38;2;62;25;61m██[38;2;19;0;7m██[38;2;59;19;33m  [38;2;26;2;9m  [38;2;21;11;20m██[38;2;47;42;48m██[38;2;47;44;51m██[38;2;49;44;51m██[38;2;32;26;34m██[38;2;17;10;17m██[38;2;52;45;52m██[38;2;43;33;41m██[38;2;14;9;16m██[38;2;39;35;41m██[38;2;49;45;53m██[38;2;50;45;52m██[38;2;16;13;20m██[38;2;21;18;25m██[38;2;48;43;49m██[38;2;17;3;9m██[38;2;125;69;92m  [38;2;0;0;0m          
[38;2;213;247;216m██[38;2;203;192;203m██[38;2;253;255;254m██[38;2;95;93;100m██[38;2;134;97;155m██[38;2;141;115;148m██[38;2;44;9;51m██[38;2;17;7;16m██[38;2;49;44;50m██[38;2;49;44;51m████[38;2;48;44;52m██[38;2;13;6;14m██[38;2;12;5;13m██[38;2;14;7;14m██[38;2;33;23;31m██[38;2;32;27;33m██[38;2;50;45;52m██[38;2;51;46;53m██[38;2;14;9;16m████[38;2;14;9;15m██[38;2;51;46;53m██[38;2;47;44;51m██[38;2;18;0;10m██[38;2;6;6;6m  [38;2;0;0;0m        
[38;2;147;95;180m██[38;2;91;95;94m██[38;2;248;252;250m██[38;2;240;244;243m██[38;2;250;254;254m██[38;2;112;103;106m██[38;2;112;98;123m██[38;2;47;37;43m██[38;2;42;39;46m██[38;2;50;43;51m██[38;2;49;44;51m██[38;2;9;6;13m██[38;2;12;9;16m██████[38;2;15;10;16m██[38;2;25;14;24m██[38;2;49;44;51m██[38;2;15;8;15m██[38;2;13;8;14m██[38;2;14;9;16m██[38;2;11;4;11m██[38;2;48;38;46m██[38;2;48;45;52m██[38;2;38;36;43m██[38;2;0;0;0m          
[38;2;132;114;134m██[38;2;168;159;170m██[38;2;247;254;247m██[38;2;105;110;106m██[38;2;245;253;248m██[38;2;96;97;97m██[38;2;28;22;29m██[38;2;47;42;49m██[38;2;14;11;18m██[38;2;48;43;50m██[38;2;45;42;49m██[38;2;11;6;13m██[38;2;12;9;16m██[38;2;11;10;18m██[38;2;13;9;16m██[38;2;17;11;20m██[38;2;189;172;172m██[38;2;40;27;26m██[38;2;116;103;101m██[38;2;51;38;37m██[38;2;20;7;8m██[38;2;18;6;11m██[38;2;13;6;17m██[38;2;46;44;50m██[38;2;47;44;51m██[38;2;130;93;101m  [38;2;0;0;0m        
[38;2;147;98;178m██[38;2;143;105;167m██[38;2;253;254;255m██[38;2;246;254;252m██[38;2;129;133;130m██[38;2;31;26;32m██[38;2;51;45;52m██[38;2;51;46;50m██[38;2;13;10;17m██[38;2;48;42;52m██[38;2;19;16;23m██[38;2;12;7;14m██[38;2;16;7;11m██[38;2;152;137;137m██[38;2;252;234;224m██[38;2;249;233;222m██[38;2;251;234;220m██[38;2;252;234;220m██[38;2;252;236;221m██[38;2;252;236;220m██[38;2;250;234;219m██[38;2;255;238;228m██[38;2;91;71;66m██[38;2;42;39;46m██[38;2;47;44;52m██[38;2;21;3;11m██[38;2;0;0;0m        
[38;2;40;19;52m██[38;2;211;244;221m██[38;2;84;82;87m██[38;2;247;252;250m██[38;2;83;83;83m██[38;2;49;42;49m██[38;2;25;19;26m██[38;2;45;42;49m██[38;2;12;9;18m██[38;2;46;43;50m██[38;2;12;9;15m██[38;2;19;7;11m██[38;2;204;185;180m██[38;2;251;235;221m██[38;2;251;235;220m████[38;2;252;236;221m██[38;2;251;235;221m██[38;2;251;235;222m██[38;2;250;234;221m██[38;2;251;235;219m██[38;2;250;236;225m██[38;2;252;233;219m██[38;2;19;10;15m██[38;2;50;46;54m██[38;2;14;7;14m██[38;2;49;29;35m  [38;2;0;0;0m      
[38;2;21;1;4m██[38;2;125;76;148m██[38;2;244;238;248m██[38;2;244;250;249m██[38;2;49;40;45m██[38;2;34;28;36m██[38;2;47;43;50m██[38;2;18;15;22m██[38;2;11;8;15m██[38;2;20;17;24m██[38;2;12;9;17m██[38;2;93;72;74m██[38;2;251;234;221m██[38;2;252;234;220m██[38;2;251;235;220m██████████[38;2;252;236;222m██[38;2;252;236;220m██[38;2;251;235;222m██[38;2;250;234;219m██[38;2;240;227;222m██[38;2;36;29;37m██[38;2;16;9;17m██[38;2;23;13;21m██[38;2;28;4;14m██[38;2;0;0;0m    
[38;2;23;1;0m  [38;2;75;48;98m██[38;2;210;204;199m██[38;2;251;253;253m██[38;2;35;25;33m██[38;2;45;43;48m██[38;2;47;44;51m██[38;2;12;9;18m██[38;2;11;8;15m██[38;2;11;10;18m██[38;2;11;10;19m██[38;2;60;39;41m██[38;2;253;235;223m██[38;2;252;236;223m██[38;2;239;222;212m██[38;2;215;198;188m██[38;2;252;236;221m██[38;2;251;235;220m████[38;2;250;234;223m██[38;2;118;101;94m██[38;2;87;69;67m██[38;2;251;234;223m██[38;2;251;234;224m██[38;2;18;7;14m██[38;2;13;12;18m██[38;2;25;21;28m██[38;2;37;27;36m██[38;2;23;1;8m██[38;2;0;0;0m  
[38;2;34;13;11m  [38;2;142;101;174m██[38;2;67;46;81m██[38;2;189;189;186m██[38;2;46;41;47m██[38;2;49;44;51m██[38;2;47;44;51m██[38;2;12;9;18m██[38;2;11;8;15m██[38;2;11;10;18m██[38;2;45;42;51m██[38;2;211;192;189m██[38;2;242;223;216m██[38;2;76;61;54m██[38;2;251;234;224m██[38;2;255;239;225m██[38;2;253;237;222m██[38;2;251;235;221m████[38;2;250;235;219m██[38;2;253;237;221m██[38;2;251;234;224m██[38;2;67;49;44m██[38;2;250;235;226m██[38;2;124;110;108m██[38;2;15;9;19m██[38;2;14;8;18m██[38;2;52;44;57m██[38;2;16;1;8m██[38;2;0;0;0m  
[38;2;0;0;0m  [38;2;28;4;32m██[38;2;104;92;112m██[38;2;44;34;39m██[38;2;24;21;30m██[38;2;47;44;51m████[38;2;12;11;17m██[38;2;27;24;31m██[38;2;13;10;17m██[38;2;42;32;33m██[38;2;167;150;141m██[38;2;248;231;221m██[38;2;251;235;220m████[38;2;252;236;221m██[38;2;251;235;220m██[38;2;252;236;221m██[38;2;251;235;220m██████[38;2;252;236;221m██[38;2;253;237;221m██[38;2;112;96;83m██[38;2;248;234;225m██[38;2;17;10;21m██[38;2;21;14;30m██[38;2;65;54;86m██[38;2;17;2;8m██[38;2;0;0;0m  
[38;2;0;0;0m  [38;2;24;4;5m██[38;2;110;103;122m██[38;2;15;4;18m██[38;2;48;41;48m██[38;2;55;46;65m██[38;2;57;49;70m██[38;2;21;13;31m██[38;2;58;50;74m██[38;2;16;8;27m██[38;2;231;216;210m██[38;2;249;235;224m██[38;2;252;236;223m██[38;2;251;235;220m██████████████[38;2;250;234;219m██[38;2;252;236;221m██[38;2;252;237;218m██[38;2;250;237;221m██[38;2;254;237;227m██[38;2;64;47;83m██[38;2;36;25;66m██[38;2;87;63;125m██[38;2;19;2;6m██[38;2;0;0;0m  
[38;2;0;0;0m    [38;2;20;0;16m██[38;2;14;7;21m██[38;2;13;9;16m██[38;2;62;50;82m██[38;2;76;58;108m██[38;2;34;22;62m██[38;2;76;59;115m██[38;2;55;37;86m██[38;2;249;233;220m██[38;2;251;234;223m██[38;2;251;235;220m████[38;2;244;222;209m██[38;2;216;188;178m██[38;2;252;234;220m██[38;2;250;235;220m██[38;2;251;235;220m████[38;2;218;194;180m██[38;2;239;219;205m██[38;2;252;236;223m██[38;2;252;235;219m██[38;2;254;235;225m██[38;2;40;25;52m██[38;2;49;34;88m██[38;2;91;69;149m██[38;2;18;2;8m██[38;2;0;0;0m  
[38;2;0;0;0m    [38;2;17;3;7m██[38;2;12;7;12m██[38;2;13;10;16m██[38;2;17;5;30m██[38;2;94;66;146m██[38;2;52;33;96m██[38;2;92;68;143m████[38;2;251;235;219m██[38;2;252;236;221m██[38;2;192;174;160m██[38;2;217;195;182m██[38;2;250;231;219m██[38;2;130;110;98m██[38;2;247;232;216m██[38;2;251;235;220m████[38;2;249;236;220m██[38;2;201;174;161m██[38;2;239;218;205m██[38;2;249;233;223m██[38;2;252;234;220m██[38;2;253;234;221m██[38;2;48;33;55m██[38;2;78;54;126m██[38;2;95;71;149m██[38;2;36;18;59m██[38;2;0;0;0m  
[38;2;0;0;0m    [38;2;28;4;28m██[38;2;38;14;44m██[38;2;12;6;16m██[38;2;19;4;35m██[38;2;96;67;149m██[38;2;84;62;137m██[38;2;96;69;150m████[38;2;253;236;228m██[38;2;252;235;224m██[38;2;69;49;48m██[38;2;21;2;3m██[38;2;21;2;5m██[38;2;35;18;20m██[38;2;249;232;221m██[38;2;250;234;219m██[38;2;251;235;220m██[38;2;251;236;221m██[38;2;183;165;160m██[38;2;19;3;7m██[38;2;17;1;5m██[38;2;119;100;101m██[38;2;252;233;226m██[38;2;35;19;56m██[38;2;98;72;146m██[38;2;96;70;154m██[38;2;98;70;153m██[38;2;33;12;13m██
[38;2;0;0;0m  [38;2;93;64;70m  [38;2;13;3;0m██[38;2;38;16;41m██[38;2;13;10;16m██[38;2;64;40;90m██[38;2;97;68;152m██[38;2;96;69;152m██[38;2;98;70;154m██[38;2;96;69;150m██[38;2;119;98;118m██[38;2;41;23;18m██[38;2;27;9;6m██[38;2;252;234;221m██[38;2;252;235;224m██[38;2;252;235;223m██[38;2;251;235;222m██[38;2;251;235;221m██[38;2;251;235;220m██[38;2;250;233;218m██[38;2;245;231;220m██[38;2;251;235;223m██[38;2;250;233;224m██[38;2;45;27;28m██[38;2;144;125;120m██[38;2;81;64;107m██[38;2;96;72;151m██[38;2;91;65;131m██[38;2;20;1;11m██[38;2;22;1;13m██
[38;2;0;0;0m    [38;2;30;5;28m██[38;2;134;100;162m██[38;2;14;10;13m██[38;2;83;58;113m██[38;2;38;16;52m██[38;2;95;71;148m██[38;2;98;71;153m██[38;2;94;66;140m██[38;2;92;63;130m██[38;2;203;186;191m██[38;2;254;237;223m██[38;2;253;237;222m██[38;2;251;235;220m████████[38;2;253;236;221m██[38;2;241;219;206m██[38;2;251;235;220m████[38;2;250;234;219m██[38;2;250;236;221m██[38;2;250;231;226m██[38;2;30;12;31m██[38;2;97;72;142m██[38;2;18;3;6m██[38;2;22;4;2m██[38;2;55;36;28m██
[38;2;0;0;0m    [38;2;18;8;7m██[38;2;99;79;115m██[38;2;36;17;47m██[38;2;16;5;23m██[38;2;48;23;58m██[38;2;85;56;101m██[38;2;21;2;6m██[38;2;94;71;149m██[38;2;247;233;225m██[38;2;48;29;32m██[38;2;250;234;219m██[38;2;249;235;224m██[38;2;250;234;219m██[38;2;251;235;220m██[38;2;252;236;221m████[38;2;252;239;223m██[38;2;230;212;198m██[38;2;251;235;220m██[38;2;251;235;219m██[38;2;251;235;220m██[38;2;250;233;224m██[38;2;235;220;218m██[38;2;15;3;7m██[38;2;34;17;48m██[38;2;19;0;6m██[38;2;8;7;6m  [38;2;0;0;0m  
[38;2;0;0;0m    [38;2;23;1;14m██[38;2;149;99;183m██[38;2;20;3;10m██[38;2;16;8;19m██[38;2;36;18;24m██[38;2;20;0;0m██[38;2;15;2;6m██[38;2;20;11;28m██[38;2;216;200;194m██[38;2;250;234;219m██[38;2;251;235;222m██[38;2;249;235;222m██[38;2;251;235;220m██[38;2;251;234;220m██[38;2;167;150;144m██[38;2;112;100;98m██[38;2;170;160;159m██[38;2;157;145;148m██[38;2;181;160;155m██[38;2;251;235;220m████[38;2;251;234;221m██[38;2;187;175;171m██[38;2;21;10;18m██[38;2;16;2;2m██[38;2;172;156;143m  [38;2;0;0;0m    
[38;2;0;0;0m  [38;2;174;148;146m  [38;2;135;94;163m██[38;2;26;3;22m██[38;2;119;98;94m  [38;2;15;3;15m██[38;2;187;166;166m██[38;2;76;47;43m██[38;2;25;8;14m██[38;2;15;9;19m██[38;2;162;148;143m██[38;2;251;233;222m██[38;2;251;235;220m██[38;2;253;235;221m██[38;2;251;235;220m████[38;2;95;58;54m██[38;2;144;84;87m██[38;2;161;107;106m██[38;2;80;35;45m██[38;2;97;72;67m██[38;2;251;235;220m████[38;2;252;234;220m██[38;2;41;31;33m██[38;2;42;28;44m██[38;2;36;32;31m  [38;2;0;0;0m      
[38;2;0;0;0m  [38;2;28;5;31m██[38;2;104;72;120m██[38;2;115;94;93m  [38;2;0;0;0m  [38;2;16;1;9m██[38;2;21;7;15m██[38;2;214;188;180m██[38;2;62;43;71m██[38;2;23;18;37m██[38;2;78;60;77m██[38;2;251;234;224m██[38;2;251;235;220m████[38;2;252;236;221m██[38;2;251;235;220m██[38;2;107;62;55m██[38;2;206;133;122m██[38;2;206;132;122m██[38;2;203;131;127m██[38;2;196;182;173m██[38;2;251;235;220m██[38;2;250;234;219m██[38;2;252;237;223m██[38;2;36;24;57m██[38;2;78;58;116m██[38;2;19;3;7m██[38;2;0;0;0m      
[38;2;55;37;61m██[38;2;145;106;171m██[38;2;44;23;15m██[38;2;0;0;0m    [38;2;37;30;30m  [38;2;17;8;13m██[38;2;29;13;23m██[38;2;87;65;137m██[38;2;36;24;70m██[38;2;89;64;126m██[38;2;252;236;221m██[38;2;251;235;220m████[38;2;252;236;221m██[38;2;251;235;220m██[38;2;215;184;174m██[38;2;205;133;120m██[38;2;205;134;124m██[38;2;208;132;121m██[38;2;253;235;229m██[38;2;251;235;222m██[38;2;250;234;219m██[38;2;151;136;144m██[38;2;47;32;91m██[38;2;92;67;149m██[38;2;82;58;118m██[38;2;25;6;10m██[38;2;0;0;0m    
[38;2;37;17;42m██[38;2;30;0;5m██[38;2;0;0;0m        [38;2;34;13;19m██[38;2;22;4;26m██[38;2;94;69;150m██[38;2;50;30;99m██[38;2;95;69;151m██[38;2;233;217;203m██[38;2;253;237;221m██[38;2;252;236;223m██[38;2;251;235;220m██[38;2;252;236;221m██[38;2;250;236;223m██[38;2;194;130;125m██[38;2;204;133;121m██[38;2;197;137;129m██[38;2;249;237;225m██[38;2;251;235;222m██[38;2;233;217;207m██[38;2;55;34;98m██[38;2;92;70;147m██[38;2;97;69;149m██[38;2;17;0;14m██[38;2;19;2;7m██[38;2;41;18;17m██[38;2;0;0;0m  
[38;2;0;0;0m  [38;2;80;80;80m  [38;2;0;0;0m          [38;2;25;2;27m██[38;2;59;37;102m██[38;2;71;47;126m██[38;2;96;70;151m██[38;2;66;45;86m██[38;2;174;156;145m██[38;2;250;237;220m██[38;2;249;236;220m████[38;2;251;236;219m██[38;2;254;228;219m██[38;2;166;88;95m██[38;2;228;199;190m██[38;2;250;234;219m██[38;2;234;216;212m██[38;2;15;0;7m██[38;2;52;36;98m██[38;2;98;69;160m██[38;2;66;45;117m██[38;2;19;1;16m██[38;2;249;199;199m  [38;2;0;0;0m    
[38;2;0;0;0m              [38;2;18;0;13m██[38;2;17;0;13m██[38;2;87;63;125m██[38;2;94;69;131m██[38;2;63;43;75m██[38;2;66;43;47m██[38;2;218;186;177m██[38;2;201;179;168m██[38;2;252;237;225m██[38;2;251;236;222m██[38;2;252;236;221m██[38;2;255;233;220m██[38;2;252;235;222m██[38;2;145;131;127m██[38;2;25;5;6m██[38;2;20;1;6m  [38;2;27;10;34m██[38;2;34;9;46m██[38;2;66;42;95m██[38;2;22;5;14m██[38;2;2;2;1m  [38;2;0;0;0m    
[38;2;0;0;0m              [38;2;55;27;22m  [38;2;16;1;0m██[38;2;17;0;14m██[38;2;64;47;85m██[38;2;251;242;250m██[38;2;201;196;201m██[38;2;94;74;79m██[38;2;201;177;173m██[38;2;133;109;102m██[38;2;23;2;3m██[38;2;87;66;68m██[38;2;47;30;31m██[38;2;23;7;7m██[38;2;15;0;5m██[38;2;0;0;0m  [38;2;24;18;18m  [38;2;18;1;16m██[38;2;57;37;47m██[38;2;17;1;2m██[38;2;30;15;13m██[38;2;255;254;254m  [38;2;0;0;0m    
[38;2;0;0;0m                [38;2;30;1;3m██[38;2;19;2;10m██[38;2;111;99;101m██[38;2;55;44;75m██[38;2;24;16;40m██[38;2;166;159;174m██[38;2;199;195;209m██[38;2;202;197;207m██[38;2;197;194;203m██[38;2;187;181;188m██[38;2;203;195;206m██[38;2;201;194;203m██[38;2;17;3;8m██[38;2;0;0;0m    [38;2;78;39;39m  [38;2;0;0;0m  [38;2;22;4;1m██[38;2;0;0;0m        [0m
