
[38;2;255;234;157m  [38;2;255;228;127m  [38;2;255;229;132m  [38;2;0;0;0m  [38;2;6;0;0m  [38;2;83;73;74m  [38;2;24;18;19m  [38;2;5;1;1m  [38;2;31;8;8m  [38;2;157;70;97m  [38;2;255;106;151m██[38;2;254;174;198m██[38;2;255;174;198m██[38;2;234;108;145m██[38;2;249;160;187m██[38;2;255;173;197m██████[38;2;249;158;186m██[38;2;255;175;199m██[38;2;250;115;158m██[38;2;25;7;10m  [38;2;201;95;131m██[38;2;253;113;159m██[38;2;65;49;53m  [38;2;64;53;55m  [38;2;4;1;1m  [38;2;0;0;0m      
[38;2;255;236;165m  [38;2;255;228;130m  [38;2;248;223;129m  [38;2;4;2;2m  [38;2;255;203;209m██[38;2;255;172;197m██[38;2;255;171;196m██[38;2;252;183;208m██[38;2;221;88;123m██[38;2;255;106;150m██[38;2;255;173;197m██[38;2;230;93;131m██[38;2;255;173;197m████████[38;2;250;170;196m██[38;2;255;179;202m██[38;2;255;173;197m██[38;2;252;171;197m██[38;2;255;135;171m██[38;2;255;173;197m████[38;2;255;180;199m██[38;2;136;98;111m██[38;2;255;197;207m██[38;2;255;208;212m██[38;2;20;3;5m  [38;2;0;0;0m    
[38;2;255;227;123m  [38;2;255;226;121m  [38;2;5;0;0m  [38;2;255;174;198m██[38;2;255;173;197m██[38;2;226;71;113m██[38;2;232;99;134m██[38;2;255;209;210m██[38;2;76;37;39m██[38;2;255;181;205m██[38;2;251;173;194m██[38;2;255;197;206m██[38;2;255;172;197m██[38;2;255;173;197m██[38;2;255;174;198m██[38;2;238;80;126m██[38;2;255;107;151m██[38;2;243;96;140m██[38;2;254;173;197m██[38;2;255;173;197m██████[38;2;242;86;132m██[38;2;254;109;154m██[38;2;255;209;211m██[38;2;198;144;162m██[38;2;255;173;197m██[38;2;254;175;199m██[38;2;1;2;1m  [38;2;0;0;0m  
[38;2;255;219;70m  [38;2;146;131;77m  [38;2;226;164;186m██[38;2;255;173;197m██[38;2;255;175;198m██[38;2;255;176;198m██[38;2;255;173;197m████[38;2;243;173;197m██[38;2;249;187;205m██[38;2;255;208;210m██████[38;2;255;174;198m██[38;2;248;98;145m██[38;2;227;65;110m██[38;2;255;190;204m██[38;2;255;186;202m██[38;2;255;176;198m████[38;2;255;185;201m██[38;2;255;173;197m██[38;2;255;209;210m██[38;2;238;121;154m██[38;2;230;92;129m██[38;2;251;212;214m██[38;2;255;173;197m██[38;2;255;203;208m██[38;2;176;128;145m  [38;2;0;0;0m  
[38;2;0;0;0m  [38;2;6;4;5m  [38;2;255;175;198m██[38;2;255;173;197m██████████[38;2;254;179;204m██[38;2;255;209;212m██[38;2;255;208;210m████[38;2;255;173;197m██[38;2;228;70;111m██[38;2;255;175;199m██[38;2;255;209;211m██[38;2;255;208;210m██████████[38;2;255;173;197m██[38;2;255;209;210m██[38;2;255;209;211m██[38;2;254;173;198m██[38;2;255;209;211m██[38;2;145;104;118m██[38;2;255;172;197m██[38;2;255;174;199m██[38;2;9;1;1m  
[38;2;5;1;1m  [38;2;249;110;154m██[38;2;255;174;198m██[38;2;255;173;197m██[38;2;255;184;202m██[38;2;255;173;197m██████[38;2;128;94;106m██[38;2;255;173;197m██[38;2;255;191;204m██[38;2;254;175;200m██[38;2;240;131;163m██[38;2;226;167;180m██[38;2;182;67;65m██[38;2;255;208;210m████████████[38;2;122;80;93m██[38;2;255;210;211m██[38;2;255;209;210m██[38;2;255;175;198m██[38;2;255;173;197m██[38;2;232;166;188m██[38;2;255;173;197m██[38;2;255;162;188m██[38;2;8;2;2m  
[38;2;28;19;20m  [38;2;255;173;197m████[38;2;255;210;212m██[38;2;255;172;197m██[38;2;255;173;197m██[38;2;252;172;196m  [38;2;255;177;201m██[38;2;252;171;195m██[38;2;255;173;197m██[38;2;231;104;140m██[38;2;253;178;202m██[38;2;255;183;206m██[38;2;236;191;193m██[38;2;254;215;217m██[38;2;192;112;110m██[38;2;255;208;210m████████[38;2;136;93;105m██[38;2;134;79;71m██[38;2;255;186;202m██[38;2;255;176;200m██[38;2;255;173;197m████[38;2;255;175;199m████[38;2;255;102;149m██[38;2;115;92;99m  
[38;2;255;173;197m████[38;2;255;176;199m██[38;2;255;173;197m██████[38;2;255;174;198m██[38;2;237;118;156m██[38;2;255;178;202m██[38;2;242;136;167m██[38;2;184;70;75m██[38;2;243;172;197m██[38;2;188;85;99m██[38;2;199;38;33m██[38;2;233;161;182m██[38;2;194;94;104m██[38;2;255;174;197m██[38;2;255;172;196m██[38;2;253;180;205m██[38;2;202;113;91m██[38;2;241;234;224m██[38;2;82;46;52m██[38;2;255;177;200m██[38;2;216;123;98m██[38;2;255;173;197m████[38;2;255;155;185m██[38;2;252;179;203m██[38;2;255;118;160m██[38;2;242;192;209m██
[38;2;255;173;197m██[38;2;255;155;185m██[38;2;255;173;197m██████[38;2;252;177;201m██[38;2;182;36;37m██[38;2;225;70;112m██[38;2;255;174;198m██[38;2;255;173;197m████[38;2;182;53;59m██[38;2;251;182;206m██[38;2;249;174;198m██[38;2;249;173;198m██[38;2;198;41;36m██[38;2;228;149;175m██[38;2;80;52;54m██[38;2;243;229;219m██[38;2;240;231;222m████[38;2;237;113;153m██[38;2;67;43;49m██[38;2;240;232;223m██[38;2;117;84;94m██[38;2;251;167;192m  [38;2;255;143;177m██[38;2;251;177;201m██[38;2;249;150;180m██[38;2;136;104;112m  
[38;2;242;88;134m██[38;2;255;173;197m████[38;2;242;171;194m██[38;2;106;77;87m██[38;2;231;83;125m██[38;2;255;176;201m██[38;2;255;173;197m████[38;2;255;175;199m██[38;2;255;173;197m██[38;2;255;172;197m██[38;2;177;33;29m██[38;2;255;176;199m██[38;2;250;177;201m██[38;2;92;76;79m██[38;2;242;234;225m██[38;2;240;231;222m████[38;2;240;230;222m██[38;2;107;90;94m██[38;2;169;159;156m██[38;2;237;223;219m██[38;2;230;188;193m██[38;2;244;236;227m██[38;2;255;175;200m██[38;2;255;175;199m██[38;2;248;174;198m██[38;2;72;54;59m  [38;2;90;61;66m  
[38;2;255;209;213m██[38;2;255;173;197m████[38;2;170;127;142m██[38;2;251;214;215m██[38;2;255;135;170m██[38;2;255;151;183m██[38;2;247;151;180m██[38;2;254;177;201m██[38;2;255;174;199m██[38;2;255;178;201m██[38;2;250;171;198m██[38;2;158;32;42m██[38;2;159;61;84m██[38;2;244;152;179m██[38;2;240;234;226m██[38;2;240;231;222m██████[38;2;240;233;224m██[38;2;226;106;139m██[38;2;226;97;134m██[38;2;240;231;222m██[38;2;241;231;222m██[38;2;240;231;222m██[38;2;101;79;85m██[38;2;255;173;197m██[38;2;137;94;107m██[38;2;29;15;19m  [38;2;231;160;182m██
[38;2;255;179;200m██[38;2;250;176;200m██[38;2;77;47;56m  [38;2;201;42;40m██[38;2;227;57;104m██[38;2;164;42;49m██[38;2;115;59;74m██[38;2;85;60;68m██[38;2;89;56;54m██[38;2;4;3;3m██[38;2;40;31;33m  [38;2;8;7;8m██[38;2;15;16;16m██[38;2;104;94;94m██[38;2;245;174;155m██[38;2;240;231;222m██████████[38;2;242;229;219m██[38;2;198;136;134m██[38;2;27;20;21m██[38;2;13;13;14m██[38;2;1;0;0m██[38;2;233;227;219m██[38;2;255;172;197m██[38;2;162;75;99m██[38;2;153;72;98m  [38;2;14;1;2m  
[38;2;54;38;42m  [38;2;12;2;2m  [38;2;165;70;95m  [38;2;245;104;148m██[38;2;242;139;170m██[38;2;186;66;72m██[38;2;255;173;197m██[38;2;187;137;153m██[38;2;42;30;31m██[38;2;93;108;115m██[38;2;192;228;234m██[38;2;208;191;194m██[38;2;230;162;190m██[38;2;139;73;104m██[38;2;228;192;182m██[38;2;240;231;222m████████████[38;2;195;227;232m██[38;2;184;46;125m██[38;2;171;154;167m██[38;2;195;232;237m██[38;2;47;41;41m  [38;2;255;175;201m██[38;2;223;97;137m  [38;2;189;35;31m  [38;2;71;7;4m  
[38;2;1;1;0m  [38;2;149;21;16m  [38;2;183;51;66m██[38;2;255;107;151m██[38;2;193;83;99m██[38;2;255;175;199m██[38;2;255;173;197m██[38;2;208;151;172m██[38;2;90;29;35m██[38;2;191;227;233m██[38;2;226;236;235m██[38;2;188;20;119m██[38;2;252;244;247m██[38;2;189;21;120m██[38;2;251;248;244m██[38;2;240;231;222m████████████[38;2;155;20;98m██[38;2;235;183;208m██[38;2;189;18;118m██[38;2;207;237;239m██[38;2;226;219;213m██[38;2;255;199;209m██[38;2;137;63;89m██[38;2;3;2;1m  [38;2;196;156;115m  
[38;2;34;19;23m  [38;2;188;34;29m  [38;2;250;108;153m██[38;2;255;109;154m██[38;2;195;93;107m██[38;2;255;173;197m████[38;2;219;158;181m██[38;2;241;232;223m██[38;2;252;250;248m██[38;2;215;196;200m██[38;2;251;102;157m██[38;2;255;255;255m██[38;2;255;104;160m██[38;2;250;243;237m██[38;2;244;220;209m██[38;2;245;216;205m██[38;2;245;215;203m██████[38;2;244;218;207m██[38;2;250;136;174m██[38;2;254;220;230m██[38;2;243;102;157m██[38;2;247;243;236m██[38;2;136;131;129m██[38;2;255;177;201m██[38;2;247;110;154m██[38;2;254;198;206m██[38;2;33;27;28m  
[38;2;103;13;10m  [38;2;4;1;1m  [38;2;255;107;152m██[38;2;196;39;34m██[38;2;255;174;198m██[38;2;255;173;197m████[38;2;253;180;205m██[38;2;241;232;223m██[38;2;240;231;222m██[38;2;237;227;230m██[38;2;254;106;162m██[38;2;217;94;141m██[38;2;134;78;97m██[38;2;245;221;210m██[38;2;245;216;205m██[38;2;245;215;203m██████████[38;2;134;110;114m██[38;2;214;93;138m██[38;2;159;78;111m██[38;2;240;231;222m██[38;2;89;62;68m██[38;2;255;173;197m██[38;2;5;2;2m  [38;2;6;1;2m  [38;2;255;227;127m  
[38;2;0;0;0m  [38;2;25;20;19m  [38;2;246;102;147m██[38;2;255;109;153m██[38;2;255;174;198m██[38;2;255;173;197m████[38;2;255;172;197m██[38;2;244;226;216m██[38;2;240;231;222m██████[38;2;242;227;217m██[38;2;243;223;213m██[38;2;244;219;208m██[38;2;245;216;205m██[38;2;245;215;203m██████████[38;2;245;218;207m██[38;2;243;223;212m██[38;2;240;230;221m██[38;2;240;231;222m██[38;2;112;51;73m██[38;2;255;174;198m██[38;2;171;124;142m  [38;2;0;0;0m  [38;2;255;236;166m  
[38;2;0;0;0m  [38;2;134;63;88m  [38;2;255;107;151m████[38;2;255;172;197m██[38;2;255;173;197m██████[38;2;172;163;159m██[38;2;240;231;222m██████[38;2;240;230;220m██[38;2;242;226;215m██[38;2;243;222;211m██[38;2;244;219;208m██[38;2;245;216;205m██[38;2;245;215;203m██████[38;2;245;216;205m██[38;2;244;219;208m██[38;2;242;226;216m██[38;2;240;230;221m██[38;2;240;231;222m██[38;2;115;52;73m██[38;2;255;156;186m██[38;2;255;174;198m██[38;2;254;229;126m  [38;2;255;249;224m██
[38;2;12;1;1m  [38;2;255;107;151m██████[38;2;254;160;189m██[38;2;255;173;197m██████[38;2;97;70;77m  [38;2;240;231;222m████████[38;2;240;230;221m██[38;2;240;231;221m██[38;2;240;231;222m██████[38;2;238;228;219m██[38;2;229;217;212m██[38;2;240;231;222m██[38;2;240;231;221m██[38;2;240;231;222m██████[38;2;65;43;49m██[38;2;255;112;156m██[38;2;255;173;197m██[38;2;73;55;60m  [38;2;254;247;227m██
[38;2;253;192;207m██[38;2;44;25;30m  [38;2;255;107;151m████[38;2;244;93;138m██[38;2;255;173;197m██[38;2;255;174;198m██[38;2;255;173;197m██[38;2;246;176;199m██[38;2;240;231;222m████████████████[38;2;159;57;51m██[38;2;253;124;103m██[38;2;234;105;91m██[38;2;240;231;222m██████████[38;2;78;44;54m██[38;2;255;106;151m██[38;2;253;175;199m██[38;2;255;175;199m██[38;2;252;229;141m  
[38;2;7;3;3m  [38;2;36;20;24m  [38;2;24;13;15m  [38;2;255;107;151m██[38;2;254;109;153m██[38;2;255;173;197m████[38;2;245;148;178m██[38;2;255;172;197m██[38;2;241;223;214m██[38;2;240;231;222m████████████[38;2;242;233;225m██[38;2;255;120;102m████[38;2;182;70;63m██[38;2;240;231;222m████████[38;2;240;233;224m██[38;2;255;108;153m██[38;2;255;106;151m██[38;2;255;174;198m██[38;2;26;17;19m  [38;2;38;27;30m  
[38;2;0;0;0m  [38;2;3;0;0m  [38;2;60;26;37m  [38;2;232;167;184m██[38;2;255;107;151m██[38;2;251;166;193m██[38;2;255;173;197m██[38;2;250;179;203m██[38;2;254;174;198m██[38;2;135;75;66m██[38;2;240;232;224m██[38;2;240;231;222m██████████[38;2;187;137;130m██[38;2;255;122;103m██[38;2;255;120;102m██[38;2;214;189;185m██[38;2;240;231;222m██████[38;2;223;218;212m██[38;2;253;110;153m██[38;2;162;74;101m██[38;2;255;107;151m██[38;2;255;174;198m██[38;2;1;7;8m  [38;2;238;138;169m██
[38;2;0;0;0m  [38;2;9;2;3m  [38;2;210;195;192m  [38;2;8;2;2m  [38;2;249;216;217m██[38;2;223;46;94m██[38;2;255;175;199m██[38;2;255;174;199m██[38;2;71;33;43m██[38;2;127;88;101m  [38;2;127;61;72m██[38;2;240;233;225m██[38;2;240;231;222m████████[38;2;211;178;172m██[38;2;254;160;157m██[38;2;210;92;79m██[38;2;240;231;222m████[38;2;241;233;224m██[38;2;90;52;64m██[38;2;255;107;151m██[38;2;255;106;150m██[38;2;42;31;34m  [38;2;255;107;151m██[38;2;253;178;202m██[38;2;10;2;2m  [38;2;219;172;179m  
[38;2;0;0;0m    [38;2;25;8;8m  [38;2;94;77;79m  [38;2;13;1;1m  [38;2;37;24;27m  [38;2;223;152;169m██[38;2;218;77;114m██[38;2;45;33;36m  [38;2;217;123;153m██[38;2;228;103;143m██[38;2;253;108;152m██[38;2;159;71;101m██[38;2;207;202;196m██[38;2;240;231;222m██████[38;2;240;232;223m██[38;2;240;230;221m██[38;2;240;229;222m██[38;2;112;58;73m██[38;2;255;109;153m██[38;2;215;157;173m██[38;2;255;107;152m██[38;2;255;181;204m██[38;2;7;5;5m  [38;2;253;107;154m██[38;2;117;107;106m  [38;2;0;0;0m  [38;2;108;98;98m  
[38;2;255;229;129m  [38;2;255;228;127m  [38;2;0;0;0m        [38;2;11;1;1m  [38;2;110;84;89m  [38;2;45;36;38m  [38;2;44;35;37m  [38;2;0;0;0m  [38;2;11;2;2m  [38;2;5;1;1m  [38;2;178;229;254m██[38;2;219;234;234m██[38;2;129;126;128m██[38;2;218;104;85m██[38;2;126;148;156m██[38;2;85;91;101m██[38;2;43;21;28m  [38;2;58;28;36m  [38;2;128;106;110m  [38;2;0;1;1m  [38;2;215;188;190m██[38;2;10;2;2m  [38;2;0;0;0m  [38;2;237;209;211m██[38;2;12;1;1m  [38;2;0;0;0m  [38;2;3;1;1m  
[38;2;255;227;123m  [38;2;255;228;127m  [38;2;0;0;0m          [38;2;5;0;0m  [38;2;11;2;4m  [38;2;0;0;0m  [38;2;11;4;4m  [38;2;125;79;87m██[38;2;108;68;76m██[38;2;128;114;119m██[38;2;243;237;229m██[38;2;193;125;121m██[38;2;133;30;30m██[38;2;152;23;21m██[38;2;186;79;77m██[38;2;131;84;92m██[38;2;9;2;2m  [38;2;13;5;6m  [38;2;4;1;1m  [38;2;0;0;0m              
[38;2;255;230;140m  [38;2;254;251;237m██[38;2;255;228;128m  [38;2;0;0;0m            [38;2;6;2;2m  [38;2;124;81;90m██[38;2;240;230;221m██[38;2;240;233;225m██[38;2;196;81;69m██[38;2;176;147;152m██[38;2;118;42;45m██[38;2;177;38;37m██[38;2;180;36;33m██[38;2;146;98;101m██[38;2;130;83;91m██[38;2;230;126;104m██[38;2;239;230;222m██[38;2;244;236;228m██[38;2;9;1;1m  [38;2;0;0;0m            
[38;2;255;254;252m██[38;2;255;255;255m██[38;2;255;233;153m  [38;2;255;228;128m  [38;2;0;0;0m          [38;2;8;2;2m  [38;2;95;85;86m██[38;2;240;231;222m██[38;2;204;146;137m██[38;2;187;78;65m██[38;2;164;135;141m██[38;2;173;144;149m██[38;2;196;39;34m██[38;2;218;92;74m██[38;2;154;40;40m██[38;2;78;57;61m██[38;2;60;37;41m██[38;2;233;212;205m██[38;2;241;233;224m██[38;2;3;1;1m  [38;2;0;0;0m            
[38;2;255;227;125m  [38;2;255;234;157m  [38;2;1;1;1m  [38;2;0;0;0m            [38;2;158;131;136m██[38;2;95;96;104m██[38;2;241;234;226m██[38;2;161;93;82m██[38;2;175;147;151m██[38;2;172;143;148m██[38;2;174;145;150m██[38;2;109;57;64m██[38;2;174;143;150m██[38;2;175;146;152m██[38;2;65;48;52m  [38;2;103;68;77m██[38;2;236;203;192m██[38;2;103;97;97m██[38;2;0;0;0m              
[38;2;255;229;132m  [38;2;255;227;123m  [38;2;0;0;0m              [38;2;175;146;151m██[38;2;148;108;117m██[38;2;180;228;239m██[38;2;45;31;34m██[38;2;172;143;148m██████[38;2;173;143;149m██[38;2;163;130;137m██[38;2;172;143;148m██[38;2;63;41;46m██[38;2;172;143;148m██[38;2;187;232;244m██[38;2;103;75;82m██[38;2;89;16;16m  [38;2;0;0;0m            [0m
