
[38;2;0;0;0m    [38;2;71;14;14m  [38;2;49;9;9m  [38;2;34;6;6m  [38;2;94;18;16m  [38;2;72;14;12m  [38;2;61;12;9m  [38;2;60;12;9m  [38;2;66;13;10m  [38;2;90;17;15m  [38;2;33;7;6m  [38;2;40;7;7m  [38;2;75;14;14m  [38;2;173;34;34m  [38;2;38;3;3m  [38;2;112;104;104m  [38;2;126;106;111m██[38;2;54;6;7m  [38;2;0;0;0m    [38;2;48;44;11m  [38;2;239;220;54m  [38;2;255;236;58m██[38;2;199;181;35m  [38;2;15;2;3m  [38;2;12;2;2m  [38;2;0;0;0m    
[38;2;76;15;14m  [38;2;48;9;7m  [38;2;47;9;11m██[38;2;54;10;14m██[38;2;55;10;16m██[38;2;76;10;30m██[38;2;92;11;41m██[38;2;99;11;45m██[38;2;100;11;47m██[38;2;96;11;44m██[38;2;86;11;37m██[38;2;65;10;22m██[38;2;54;10;15m██[38;2;53;9;13m██[38;2;45;9;9m██[38;2;40;35;34m██[38;2;116;114;116m██[38;2;41;12;21m██[38;2;79;16;25m██[38;2;52;10;8m  [38;2;48;44;11m  [38;2;255;235;57m  [38;2;255;235;58m██[38;2;255;236;56m██[38;2;216;200;96m██[38;2;142;137;116m██[38;2;207;189;44m  [38;2;255;235;57m    
[38;2;53;8;15m██[38;2;94;11;41m██[38;2;116;12;56m██[38;2;126;13;62m██[38;2;130;13;65m██[38;2;132;13;65m██[38;2;140;14;70m██[38;2;158;17;78m██[38;2;130;13;65m██[38;2;132;13;66m████[38;2;132;13;65m██[38;2;129;13;64m██[38;2;124;12;61m██[38;2;114;12;54m██[38;2;92;14;44m██[38;2;71;56;57m██[38;2;11;6;9m██[38;2;89;17;34m██[38;2;26;2;5m  [38;2;191;177;44m  [38;2;255;235;58m██████[38;2;249;231;64m██[38;2;249;231;65m██[38;2;255;235;57m██[38;2;255;235;58m  [38;2;112;103;25m  
[38;2;131;17;67m██[38;2;132;13;66m██[38;2;131;13;65m██████[38;2;130;13;65m██[38;2;152;16;75m██[38;2;187;21;93m██[38;2;146;15;72m██[38;2;130;13;64m██[38;2;131;13;65m██████████[38;2;131;11;63m██[38;2;158;81;109m██[38;2;194;176;182m██[38;2;78;76;76m██[38;2;27;2;2m  [38;2;145;132;34m  [38;2;255;237;63m██[38;2;255;235;58m██████████[38;2;239;221;54m  [38;2;48;44;11m  
[38;2;131;10;63m██[38;2;131;13;65m████████[38;2;128;13;63m██[38;2;139;15;68m██[38;2;190;21;94m██[38;2;186;20;92m██[38;2;158;17;78m██[38;2;130;13;64m██[38;2;131;13;65m██████████[38;2;127;3;52m██[38;2;132;28;41m██[38;2;218;191;200m██[38;2;136;134;133m██[38;2;2;0;3m██[38;2;211;200;115m██[38;2;255;236;55m██[38;2;255;235;58m████████[38;2;191;177;43m  [38;2;0;0;0m  
[38;2;131;13;65m██████████[38;2;122;12;59m██[38;2;101;12;45m██[38;2;191;21;95m██[38;2;188;21;93m██[38;2;189;21;93m██[38;2;172;19;85m██[38;2;138;9;67m██[38;2;131;12;64m██[38;2;131;13;65m██[38;2;125;13;61m██[38;2;128;9;60m██[38;2;172;116;135m██[38;2;209;177;184m██[38;2;125;7;37m██[38;2;223;196;208m██[38;2;106;105;105m██[38;2;31;29;10m██[38;2;216;203;53m██[38;2;255;236;58m██[38;2;255;235;58m██████  [38;2;255;236;58m  
[38;2;131;13;65m██████████[38;2;122;12;59m██[38;2;80;10;33m██[38;2;192;20;95m██[38;2;186;7;84m██[38;2;188;18;92m██[38;2;188;10;91m██[38;2;189;55;107m██[38;2;167;14;82m██[38;2;136;14;67m██[38;2;66;10;24m██[38;2;47;2;21m██[38;2;130;30;60m██[38;2;182;133;151m██[38;2;131;13;63m██[38;2;113;14;60m██[38;2;179;178;178m██[38;2;126;125;126m██[38;2;76;38;34m██[38;2;254;233;59m██[38;2;255;235;58m██████████
[38;2;131;13;65m██[38;2;131;12;63m██[38;2;129;10;59m██[38;2;131;13;65m████[38;2;123;12;60m██[38;2;53;10;19m██[38;2;193;23;99m██[38;2;226;177;194m██[38;2;194;40;104m██[38;2;185;3;79m██[38;2;238;214;221m██[38;2;209;105;146m██[38;2;188;10;91m██[38;2;84;5;29m██[38;2;161;123;110m██[38;2;63;19;21m██[38;2;96;2;39m██[38;2;128;11;63m██[38;2;126;11;60m██[38;2;78;47;57m██[38;2;227;223;224m██[38;2;44;44;43m██[38;2;175;116;55m██[38;2;251;233;57m██[38;2;255;235;58m████    
[38;2;127;13;62m██[38;2;141;38;73m██[38;2;180;131;147m██[38;2;128;6;53m██[38;2;131;13;65m██[38;2;100;7;44m██[38;2;12;7;3m██[38;2;189;16;95m██[38;2;236;197;215m██[38;2;217;163;184m██[38;2;187;12;87m██[38;2;195;42;108m██[38;2;196;37;108m██[38;2;102;10;42m██[38;2;137;7;63m██[38;2;113;81;68m██[38;2;217;169;152m██[38;2;58;35;33m██[38;2;75;2;29m██[38;2;118;8;55m██[38;2;36;5;15m██[38;2;157;98;100m██[38;2;168;166;166m██[38;2;25;11;8m██[38;2;203;188;46m  [38;2;255;236;58m██  [38;2;207;191;46m  [38;2;64;59;14m  
[38;2;104;11;49m██[38;2;147;52;69m██[38;2;238;228;232m██[38;2;120;2;23m██[38;2;101;3;42m██[38;2;54;21;19m██[38;2;43;30;26m██[38;2;153;12;72m██[38;2;103;1;41m██[38;2;168;51;100m██[38;2;188;17;93m██[38;2;188;20;93m██[38;2;189;20;93m██[38;2;166;19;81m██[38;2;57;11;27m██[38;2;45;37;33m██[38;2;184;161;151m██[38;2;164;131;120m██[38;2;52;26;24m██[38;2;50;5;10m██[38;2;38;8;4m██[38;2;115;21;52m██[38;2;223;201;205m██[38;2;38;35;35m  [38;2;147;143;59m  [38;2;191;176;43m  [38;2;48;44;11m  [38;2;0;0;0m    
[38;2;71;7;24m██[38;2;130;14;64m██[38;2;144;43;78m██[38;2;114;5;50m██[38;2;55;1;15m██[38;2;135;104;93m██[38;2;206;161;145m██[38;2;25;2;10m██[38;2;101;12;48m██[38;2;190;17;93m██[38;2;188;21;93m████[38;2;189;21;93m██[38;2;190;21;94m██[38;2;187;21;92m██[38;2;83;17;39m██[38;2;127;112;105m██[38;2;21;1;1m██[38;2;44;14;13m██[38;2;45;5;7m██[38;2;38;8;4m██[38;2;119;9;53m██[38;2;148;39;86m██[38;2;178;178;178m██[38;2;35;1;1m  [38;2;0;0;0m        
[38;2;50;10;14m██[38;2;99;3;41m██[38;2;129;12;64m██[38;2;91;0;35m██[38;2;35;11;16m██[38;2;231;184;166m██[38;2;196;157;141m██[38;2;78;49;45m██[38;2;89;18;45m██[38;2;182;21;89m██[38;2;188;21;93m████[38;2;179;20;88m██[38;2;128;15;62m██[38;2;156;16;72m██[38;2;113;13;54m██[38;2;35;34;34m██[38;2;171;167;167m██[38;2;176;172;172m██[38;2;50;42;42m██[38;2;34;5;1m██[38;2;108;12;51m██[38;2;123;3;26m██[38;2;210;198;201m██[38;2;50;43;43m██[38;2;19;3;3m  [38;2;0;0;0m      
[38;2;95;11;42m██[38;2;53;6;13m██[38;2;77;6;28m██[38;2;66;5;20m██[38;2;43;12;11m██[38;2;68;48;44m██[38;2;97;75;71m██[38;2;177;137;123m██[38;2;130;99;89m██[38;2;62;7;29m██[38;2;180;20;88m██[38;2;189;21;93m██[38;2;177;20;87m██[38;2;36;33;30m██[38;2;138;111;105m██[38;2;45;27;33m██[38;2;204;203;203m██[38;2;255;255;255m████[38;2;230;229;229m██[38;2;51;44;44m██[38;2;58;8;19m██[38;2;128;4;59m██[38;2;167;91;117m██[38;2;91;74;73m██[38;2;43;3;3m  [38;2;0;0;0m      
[38;2;133;13;66m██[38;2;55;9;18m██[38;2;66;3;20m██[38;2;59;7;21m██[38;2;152;132;124m██[38;2;94;82;78m██[38;2;58;58;58m██[38;2;77;63;63m██[38;2;41;40;40m██[38;2;32;10;8m██[38;2;64;9;23m██[38;2;149;17;73m██[38;2;191;21;95m██[38;2;64;37;44m██[38;2;196;174;164m██[38;2;60;60;60m██[38;2;252;251;251m██[38;2;255;255;255m██████[38;2;206;204;204m██[38;2;20;3;8m██[38;2;120;12;58m██[38;2;146;52;64m██[38;2;196;191;192m██[38;2;55;9;9m    [38;2;0;0;0m    
[38;2;133;13;66m██[38;2;75;29;29m██[38;2;91;58;51m██[38;2;28;6;10m██[38;2;42;30;29m██[38;2;157;155;155m██[38;2;249;249;249m██[38;2;254;254;254m██[38;2;232;231;231m██[38;2;110;106;106m██[38;2;95;77;72m██[38;2;106;86;85m██[38;2;55;5;23m██[38;2;78;6;23m██[38;2;119;103;97m██[38;2;116;111;112m██[38;2;255;255;255m████████[38;2;253;252;252m██[38;2;27;1;1m██[38;2;104;10;49m██[38;2;121;10;52m██[38;2;213;196;197m██[38;2;16;1;1m  [38;2;160;20;20m  [38;2;0;0;0m    
[38;2;133;13;66m██[38;2;91;28;38m██[38;2;228;187;170m██[38;2;150;134;127m██[38;2;91;85;85m██[38;2;255;255;255m████████[38;2;235;234;234m██[38;2;44;43;43m██[38;2;227;203;192m██[38;2;223;200;189m██[38;2;190;168;159m██[38;2;168;146;139m██[38;2;94;81;82m██[38;2;255;255;255m██████████[38;2;77;61;61m██[38;2;77;5;30m██[38;2;89;0;27m██[38;2;181;156;157m██[38;2;129;124;123m██[38;2;40;34;32m██[38;2;41;4;5m  [38;2;50;8;8m  
[38;2;133;13;66m██[38;2;85;10;40m██[38;2;196;165;153m██[38;2;148;132;125m██[38;2;173;172;172m██[38;2;255;255;255m██████████[38;2;123;118;118m██[38;2;144;122;115m██[38;2;251;226;214m██[38;2;250;225;213m██[38;2;237;212;201m██[38;2;51;50;50m██[38;2;242;241;241m██[38;2;255;255;255m██████[38;2;254;253;253m██[38;2;23;11;11m██[38;2;62;4;18m██[38;2;94;0;34m██[38;2;106;30;41m██[38;2;180;180;180m██[38;2;165;142;133m██[38;2;154;122;112m██[38;2;98;14;14m  
[38;2;118;9;56m██[38;2;91;7;43m██[38;2;155;136;129m██[38;2;141;125;118m██[38;2;182;182;182m██[38;2;255;255;255m██████████[38;2;181;178;178m██[38;2;64;58;55m██[38;2;250;226;214m██[38;2;249;224;212m██[38;2;252;227;215m██[38;2;134;115;109m██[38;2;143;137;137m██[38;2;251;250;250m██[38;2;255;255;255m██[38;2;253;253;253m██[38;2;167;166;166m██[38;2;55;47;44m██[38;2;74;21;29m██[38;2;95;0;38m██[38;2;78;0;9m██[38;2;188;180;182m██[38;2;148;115;105m██[38;2;149;114;102m  [38;2;107;18;18m  
[38;2;93;0;36m██[38;2;84;0;31m██[38;2;78;49;48m██[38;2;171;153;144m██[38;2;149;147;147m██[38;2;255;255;255m██████████[38;2;158;153;153m██[38;2;110;91;86m██[38;2;250;225;213m██[38;2;249;224;212m████[38;2;235;209;198m██[38;2;86;62;58m██[38;2;81;80;80m██[38;2;181;177;177m██[38;2;131;127;127m██[38;2;63;53;50m██[38;2;185;159;151m██[38;2;66;7;20m██[38;2;95;0;38m██[38;2;91;0;26m██[38;2;141;103;114m██[38;2;71;64;62m██[38;2;84;22;21m  [38;2;44;7;7m  
[38;2;94;0;37m██[38;2;92;1;36m██[38;2;23;1;8m██[38;2;188;164;156m██[38;2;43;25;24m██[38;2;231;230;230m██[38;2;255;255;255m██████[38;2;247;246;246m██[38;2;56;55;55m██[38;2;198;176;166m██[38;2;250;225;213m██████[38;2;251;226;214m██[38;2;252;227;215m██[38;2;182;159;150m██[38;2;79;69;65m██[38;2;132;104;97m██[38;2;241;166;160m██[38;2;185;121;117m██[38;2;87;19;34m██[38;2;92;0;36m██[38;2;94;0;37m██[38;2;109;47;48m██[38;2;75;71;72m██[38;2;42;7;7m  [38;2;0;0;0m  
[38;2;94;0;37m████[38;2;65;2;22m██[38;2;88;78;74m██[38;2;160;142;134m██[38;2;58;54;54m██[38;2;208;206;206m██[38;2;255;255;255m██[38;2;249;249;249m██[38;2;135;131;131m██[38;2;106;93;89m██[38;2;251;227;215m██[38;2;251;226;214m██[38;2;217;193;183m██[38;2;159;138;128m██[38;2;64;58;54m██[38;2;206;186;176m██[38;2;250;225;213m██[38;2;251;227;215m██[38;2;254;188;180m██[38;2;255;139;139m██[38;2;132;70;69m██[38;2;213;91;97m██[38;2;78;0;28m██[38;2;94;0;37m██[38;2;95;10;30m██[38;2;163;143;144m██[38;2;2;0;0m  [38;2;0;0;0m  
[38;2;94;0;37m████[38;2;94;0;36m██[38;2;39;23;25m██[38;2;208;191;181m██[38;2;174;154;145m██[38;2;53;37;35m██[38;2;38;24;23m██[38;2;42;36;34m██[38;2;92;82;78m██[38;2;239;217;205m██[38;2;158;137;130m██[38;2;77;62;60m██[38;2;160;144;146m██[38;2;221;173;174m██[38;2;207;182;184m██[38;2;194;167;160m██[38;2;250;225;213m██[38;2;249;224;212m██[38;2;255;172;164m██[38;2;248;141;140m██[38;2;146;58;60m██[38;2;182;77;80m██[38;2;132;54;59m██[38;2;67;1;25m██[38;2;92;0;30m██[38;2;152;114;119m██[38;2;46;29;30m  [38;2;16;0;0m  
[38;2;94;0;37m██████[38;2;74;1;26m██[38;2;108;48;50m██[38;2;255;180;173m██[38;2;244;166;160m██[38;2;228;154;149m██[38;2;233;178;169m██[38;2;247;224;212m██[38;2;254;229;217m██[38;2;130;103;101m██[38;2;253;142;146m██[38;2;253;122;125m██[38;2;253;109;113m██[38;2;226;100;104m██[38;2;192;149;143m██[38;2;251;226;214m██[38;2;249;225;213m██[38;2;255;174;167m██[38;2;248;161;156m██[38;2;227;104;107m██[38;2;215;134;130m██[38;2;154;62;65m██[38;2;76;0;29m██[38;2;94;0;37m██[38;2;93;11;22m██[38;2;128;110;113m██[38;2;48;4;4m  
[38;2;94;0;37m██████[38;2;90;0;35m██[38;2;154;56;67m██[38;2;205;97;99m██[38;2;214;133;129m██[38;2;254;137;136m██[38;2;255;172;165m██[38;2;251;207;196m██[38;2;253;229;217m██[38;2;113;80;77m██[38;2;252;110;114m██[38;2;252;112;116m████[38;2;237;102;107m██[38;2;177;137;131m██[38;2;252;227;214m██[38;2;249;225;213m██[38;2;251;205;195m██[38;2;255;176;169m██[38;2;251;142;140m██[38;2;165;111;106m██[38;2;32;2;11m██[38;2;92;1;36m██[38;2;94;0;37m██[38;2;82;2;30m██[38;2;80;12;19m██[38;2;52;14;14m██[0m
