
[38;2;68;46;29m██[38;2;0;0;0m██████[38;2;26;12;7m██[38;2;0;0;0m██[38;2;98;42;25m██[38;2;178;103;71m██[38;2;198;126;94m██[38;2;190;124;92m██[38;2;218;147;111m██[38;2;221;154;118m██[38;2;217;148;113m██[38;2;195;120;87m██[38;2;190;115;82m██[38;2;198;123;89m██[38;2;187;116;85m██[38;2;214;135;99m██[38;2;103;47;29m██[38;2;0;0;0m██[38;2;214;140;104m██[38;2;31;12;8m██[38;2;0;0;0m██[38;2;8;4;2m██[38;2;118;83;49m██[38;2;117;83;50m██[38;2;121;86;51m██[38;2;120;84;52m██[38;2;124;88;54m██[38;2;132;94;57m██
[38;2;0;0;0m████████[38;2;77;31;20m██[38;2;0;0;0m██[38;2;153;88;63m██[38;2;210;138;102m██[38;2;214;142;107m██[38;2;221;152;116m██[38;2;214;155;119m██[38;2;217;161;125m██[38;2;236;178;139m██[38;2;221;154;118m██[38;2;189;115;82m██[38;2;184;108;76m██[38;2;174;98;67m██[38;2;209;136;101m██[38;2;173;99;68m██[38;2;55;39;31m  [38;2;201;138;105m██[38;2;145;80;58m██[38;2;0;0;0m████[38;2;12;6;4m██[38;2;116;81;49m██[38;2;120;85;51m██[38;2;144;103;64m██[38;2;145;104;65m██[38;2;112;80;50m██
[38;2;0;0;0m████████[38;2;139;66;41m██[38;2;29;12;8m██[38;2;189;125;93m██[38;2;209;136;101m██[38;2;203;126;92m██[38;2;199;118;83m██[38;2;187;108;76m██[38;2;232;183;144m██[38;2;200;153;122m██[38;2;241;187;148m██[38;2;233;173;134m██[38;2;220;152;116m██[38;2;221;153;116m██[38;2;238;182;143m██[38;2;240;183;144m██[38;2;146;111;88m  [38;2;242;180;140m██[38;2;232;167;129m██[38;2;0;0;0m██████[38;2;56;37;23m██[38;2;145;105;65m██[38;2;151;109;69m██[38;2;137;98;61m██[38;2;157;114;73m██
[38;2;0;0;0m██████  [38;2;157;79;50m██[38;2;116;50;29m██[38;2;194;127;93m██[38;2;107;73;59m  [38;2;118;112;119m██[38;2;153;140;151m██[38;2;139;131;143m██[38;2;72;58;57m  [38;2;224;160;123m██[38;2;132;105;86m██[38;2;246;202;166m██[38;2;247;195;155m██[38;2;240;189;151m██[38;2;254;209;169m██[38;2;87;54;40m  [38;2;205;130;95m██[38;2;185;108;78m██[38;2;180;129;98m  [38;2;21;12;9m██[38;2;0;0;0m██[38;2;8;4;3m██[38;2;0;0;0m██[38;2;137;98;60m██[38;2;150;108;68m██[38;2;148;107;68m██[38;2;172;127;82m██
[38;2;0;0;0m██████[38;2;13;6;4m  [38;2;170;94;64m██[38;2;180;104;72m██[38;2;75;60;54m  [38;2;168;155;167m██[38;2;195;187;198m██[38;2;216;212;216m██[38;2;224;221;224m██[38;2;183;174;185m██[38;2;170;163;174m██[38;2;175;119;91m██[38;2;192;154;127m██[38;2;237;180;141m██[38;2;225;174;136m██[38;2;174;102;73m██[38;2;115;106;113m██[38;2;186;175;188m██[38;2;192;185;196m██[38;2;183;174;184m██[38;2;63;58;61m  [38;2;0;0;0m██[38;2;8;4;3m██[38;2;38;25;16m██[38;2;82;56;34m██[38;2;153;111;70m██[38;2;169;123;81m██[38;2;153;111;70m██
[38;2;0;0;0m██[38;2;4;2;2m██[38;2;0;0;0m██[38;2;40;22;15m  [38;2;192;116;82m██[38;2;198;127;95m██[38;2;162;153;166m██[38;2;194;187;196m██[38;2;238;237;237m██[38;2;239;238;239m██[38;2;241;241;241m██[38;2;161;154;161m██[38;2;215;211;214m██[38;2;93;54;39m██[38;2;187;119;85m██[38;2;212;149;113m██[38;2;117;73;54m██[38;2;128;121;130m██[38;2;199;192;202m██[38;2;229;227;229m██[38;2;237;236;237m██[38;2;170;162;172m██[38;2;165;156;167m██[38;2;8;7;6m██[38;2;44;28;18m██[38;2;62;41;26m██[38;2;72;48;30m██[38;2;184;137;91m██[38;2;174;128;83m██[38;2;160;117;75m██
[38;2;0;0;0m██[38;2;56;23;15m██[38;2;0;0;0m  [38;2;78;44;30m██[38;2;190;115;82m██[38;2;175;104;71m██[38;2;171;152;160m██[38;2;219;215;219m██[38;2;237;237;237m██[38;2;239;238;239m████████[38;2;93;56;43m██[38;2;216;146;110m██[38;2;186;110;78m██[38;2;123;78;54m██[38;2;180;170;180m██[38;2;233;232;233m██[38;2;238;238;238m██[38;2;239;239;239m██[38;2;240;240;240m██[38;2;232;231;232m██[38;2;32;30;32m██[38;2;0;0;0m██[38;2;144;103;63m██[38;2;169;124;81m██[38;2;186;139;92m██[38;2;193;143;101m██[38;2;145;104;65m██
[38;2;0;0;0m██[38;2;119;51;28m██[38;2;15;5;4m██[38;2;89;52;36m██[38;2;178;105;73m██[38;2;168;89;59m██[38;2;172;156;162m██[38;2;212;207;210m██[38;2;237;237;237m██[38;2;239;238;239m██[38;2;238;238;238m██[38;2;239;238;239m██[38;2;243;243;243m██[38;2;121;68;49m██[38;2;237;180;141m██[38;2;235;179;141m██[38;2;170;92;61m██[38;2;164;152;160m██[38;2;221;217;216m██[38;2;233;232;233m██[38;2;238;238;238m████[38;2;242;241;242m██[38;2;8;4;3m██[38;2;0;0;0m██[38;2;14;8;5m██[38;2;183;135;90m██[38;2;174;128;84m██[38;2;185;138;91m██[38;2;194;143;103m██
[38;2;0;0;0m██[38;2;155;78;50m██[38;2;97;40;23m██[38;2;61;36;26m██[38;2;168;92;62m██[38;2;147;72;45m██[38;2;44;22;16m██[38;2;194;179;178m██[38;2;211;207;211m██[38;2;232;231;232m██[38;2;238;238;238m██[38;2;242;242;242m██[38;2;109;102;102m██[38;2;228;163;126m██[38;2;248;198;158m██[38;2;255;208;167m██[38;2;155;78;50m██[38;2;99;43;25m██[38;2;218;210;212m██[38;2;226;224;226m██[38;2;238;237;238m██[38;2;240;239;239m██[38;2;91;72;70m██[38;2;128;90;55m██[38;2;165;120;77m██[38;2;133;95;60m██[38;2;63;41;25m██[38;2;184;137;91m██[38;2;187;139;93m██[38;2;120;89;70m  
[38;2;0;0;0m  [38;2;176;98;67m██[38;2;150;74;46m██[38;2;15;9;6m██[38;2;179;104;73m██[38;2;156;80;51m██[38;2;135;61;35m██[38;2;58;23;15m██[38;2;121;112;115m██[38;2;160;157;164m██[38;2;117;111;115m██[38;2;123;72;51m██[38;2;231;167;129m██[38;2;238;181;142m██[38;2;250;200;160m██[38;2;244;191;152m██[38;2;252;205;165m██[38;2;164;94;66m██[38;2;37;25;22m██[38;2;106;86;82m██[38;2;113;77;70m██[38;2;121;52;27m██[38;2;175;95;65m██[38;2;110;79;49m██[38;2;162;118;76m██[38;2;168;124;80m██[38;2;184;137;91m██[38;2;196;147;102m██[38;2;58;43;34m  [38;2;4;2;2m  
[38;2;0;0;0m██[38;2;192;114;80m██[38;2;183;108;76m██[38;2;181;107;76m██[38;2;206;129;95m██[38;2;204;129;94m██[38;2;205;129;95m██[38;2;197;121;88m██[38;2;199;123;89m██[38;2;209;135;99m██[38;2;219;150;114m██[38;2;226;161;123m██[38;2;211;168;135m██[38;2;24;16;13m██[38;2;251;200;160m██[38;2;176;146;123m██[38;2;234;190;154m██[38;2;221;210;194m██[38;2;231;186;147m██[38;2;239;183;144m██[38;2;138;101;78m  [38;2;133;98;76m  [38;2;130;96;75m  [38;2;98;69;42m██[38;2;157;113;72m██[38;2;164;119;76m██[38;2;130;99;78m  [38;2;5;4;3m  [38;2;6;4;3m  [38;2;2;1;1m  
[38;2;0;0;0m██[38;2;198;116;82m██[38;2;192;116;82m██[38;2;195;118;85m██[38;2;207;131;97m██[38;2;210;137;102m██[38;2;214;143;109m██[38;2;220;152;116m██[38;2;228;166;128m██[38;2;231;170;132m██[38;2;236;188;152m██[38;2;139;65;40m██[38;2;161;85;56m██[38;2;168;91;62m██[38;2;163;93;65m██[38;2;173;157;152m██[38;2;185;110;78m██[38;2;167;89;59m██[38;2;157;81;52m██[38;2;149;72;44m██[38;2;102;50;33m██[38;2;244;187;147m██[38;2;255;210;168m██[38;2;84;60;42m██[38;2;116;82;50m██[38;2;5;3;2m  [38;2;0;0;0m  [38;2;7;5;4m  [38;2;6;4;3m  [38;2;5;4;5m  
[38;2;43;17;11m  [38;2;192;115;82m██[38;2;195;118;84m██[38;2;206;131;96m██[38;2;209;136;101m██[38;2;214;143;108m██[38;2;220;152;116m██[38;2;230;168;130m██[38;2;239;181;142m██[38;2;242;200;165m██[38;2;169;102;73m██[38;2;112;66;47m██[38;2;188;146;114m██[38;2;254;208;166m██[38;2;194;158;127m██[38;2;170;198;211m██[38;2;232;172;133m██[38;2;240;187;147m██[38;2;249;204;163m██[38;2;250;218;184m██[38;2;147;137;129m  [38;2;199;168;135m██[38;2;255;210;168m██[38;2;8;5;4m  [38;2;9;6;6m  [38;2;1;0;0m  [38;2;0;0;0m  [38;2;9;4;1m  [38;2;204;202;205m  [38;2;255;255;255m██
[38;2;147;72;44m██[38;2;168;101;73m██[38;2;201;125;91m██[38;2;209;136;101m██[38;2;210;137;102m██[38;2;218;149;113m██[38;2;226;162;124m██[38;2;239;183;144m██[38;2;248;197;157m██[38;2;198;123;89m██[38;2;130;122;132m██[38;2;184;174;186m██[38;2;212;206;213m██[38;2;232;229;232m██[38;2;203;201;205m██[38;2;191;189;194m██[38;2;183;183;185m██[38;2;227;226;229m██[38;2;232;231;234m██[38;2;201;195;203m██[38;2;88;81;84m  [38;2;251;211;171m██[38;2;250;201;162m██[38;2;1;1;0m  [38;2;146;141;143m  [38;2;255;255;254m██[38;2;255;255;255m████████
[38;2;173;97;67m██[38;2;188;112;79m██[38;2;204;128;93m██[38;2;209;136;101m██[38;2;214;143;108m██[38;2;225;160;123m██[38;2;234;173;135m██[38;2;246;195;155m██[38;2;229;166;128m██[38;2;57;52;54m  [38;2;188;180;190m██[38;2;248;248;248m████[38;2;248;247;248m██[38;2;235;234;236m██[38;2;215;215;217m██[38;2;230;229;232m██[38;2;246;246;247m██[38;2;244;244;244m██[38;2;242;242;242m██[38;2;163;158;168m██[38;2;255;213;171m██[38;2;163;122;95m  [38;2;187;193;195m  [38;2;255;255;255m████████[38;2;240;239;240m██[38;2;240;239;241m██
[38;2;171;95;66m██[38;2;181;107;75m██[38;2;208;133;98m██[38;2;209;136;101m██[38;2;222;156;119m██[38;2;228;165;127m██[38;2;240;184;145m██[38;2;252;202;162m██[38;2;171;103;74m██[38;2;31;26;27m  [38;2;0;0;0m██[38;2;19;17;18m██[38;2;32;5;1m██[38;2;50;21;14m██[38;2;44;10;5m██[38;2;16;4;2m██[38;2;106;99;105m██[38;2;148;140;151m██[38;2;133;125;136m██[38;2;99;93;100m  [38;2;81;78;82m  [38;2;251;203;163m██[38;2;97;86;78m  [38;2;187;200;201m  [38;2;255;255;255m██[38;2;156;154;156m██[38;2;141;139;141m██[38;2;65;62;64m██[38;2;119;117;118m██[38;2;0;0;0m██
[38;2;167;91;61m██[38;2;176;100;69m██[38;2;206;131;96m██[38;2;213;143;108m██[38;2;224;159;122m██[38;2;231;170;132m██[38;2;243;190;150m██[38;2;236;198;160m██[38;2;25;12;8m██[38;2;51;19;12m██[38;2;20;8;5m██[38;2;9;8;8m██[38;2;21;18;18m██[38;2;34;5;2m██[38;2;28;7;3m██[38;2;29;6;3m██[38;2;133;125;134m██[38;2;155;147;160m██[38;2;124;120;129m██[38;2;114;108;116m██[38;2;73;49;37m  [38;2;242;188;149m██[38;2;128;127;124m  [38;2;108;104;106m  [38;2;255;255;255m██[38;2;73;71;73m██[38;2;249;249;250m██[38;2;219;218;219m██[38;2;232;231;232m██[38;2;28;26;28m██
[38;2;69;30;20m██[38;2;173;96;66m██[38;2;198;122;89m██[38;2;215;145;110m██[38;2;223;158;121m██[38;2;235;175;137m██[38;2;245;193;153m██[38;2;158;115;89m  [38;2;45;50;53m██[38;2;6;2;1m██[38;2;92;39;27m██[38;2;0;0;0m██[38;2;11;10;10m  [38;2;28;5;3m██[38;2;42;10;5m██[38;2;56;19;11m  [38;2;74;26;17m██[38;2;91;35;24m██[38;2;104;47;33m██[38;2;106;46;33m██[38;2;98;80;69m  [38;2;237;176;138m██[38;2;127;128;128m  [38;2;144;142;144m  [38;2;255;255;255m██[38;2;7;5;7m██[38;2;255;255;255m██[38;2;252;251;252m██[38;2;55;53;54m██[38;2;255;255;255m██
[38;2;172;95;64m██[38;2;140;74;53m██[38;2;191;116;83m██[38;2;208;134;99m██[38;2;223;157;120m██[38;2;238;179;140m██[38;2;245;198;160m██[38;2;75;49;35m  [38;2;1;0;0m██[38;2;0;0;0m████[38;2;14;6;4m██[38;2;3;2;1m██[38;2;12;4;2m██[38;2;45;11;6m██[38;2;60;18;11m██[38;2;72;26;17m██[38;2;86;34;23m██[38;2;98;45;32m██[38;2;106;50;37m██[38;2;100;71;55m██[38;2;235;170;132m██[38;2;175;188;189m  [38;2;175;171;173m  [38;2;255;255;255m██[38;2;99;96;99m██[38;2;255;255;255m██[38;2;238;237;238m██[38;2;251;251;251m██[38;2;255;255;255m██
[38;2;184;109;77m██[38;2;86;48;33m██[38;2;179;105;73m██[38;2;210;136;101m██[38;2;216;147;112m██[38;2;236;178;140m██[38;2;249;197;156m██[38;2;26;12;7m  [38;2;93;38;26m██[38;2;91;36;24m██[38;2;71;29;19m██[38;2;94;39;27m████[38;2;91;38;26m██[38;2;47;11;6m██[38;2;64;22;14m██[38;2;78;30;19m██[38;2;94;49;35m██[38;2;91;35;23m██[38;2;102;46;32m██[38;2;134;100;79m██[38;2;231;165;129m██[38;2;236;250;251m  [38;2;54;56;57m  [38;2;248;248;248m██[38;2;54;52;53m██[38;2;255;255;255m██[38;2;23;21;23m██[38;2;255;255;255m████
[38;2;104;57;41m██[38;2;48;20;12m  [38;2;165;93;65m██[38;2;201;128;95m██[38;2;203;128;94m██[38;2;235;176;137m██[38;2;251;199;159m██[38;2;48;19;13m██[38;2;110;50;36m██[38;2;112;51;38m██[38;2;104;46;32m██[38;2;122;58;42m██[38;2;120;58;42m██[38;2;116;55;40m██[38;2;33;12;8m██[38;2;65;24;15m██[38;2;70;25;16m██[38;2;82;36;24m██[38;2;89;38;26m██[38;2;101;43;30m██[38;2;109;76;59m██[38;2;231;161;123m██[38;2;233;249;251m  [38;2;30;28;29m  [38;2;255;255;255m████████████
[38;2;86;41;26m  [38;2;123;52;28m██[38;2;79;39;27m██[38;2;190;115;82m██[38;2;203;126;92m██[38;2;234;172;133m██[38;2;250;201;160m██[38;2;70;32;22m██[38;2;122;59;42m██[38;2;137;72;54m██[38;2;140;74;56m██[38;2;144;77;57m██[38;2;152;82;63m██[38;2;156;83;66m██[38;2;130;71;56m██[38;2;68;29;22m██[38;2;67;21;13m██[38;2;73;27;17m██[38;2;78;30;19m██[38;2;91;36;25m██[38;2;63;36;27m██[38;2;228;159;122m██[38;2;234;250;251m  [38;2;3;2;1m  [38;2;0;0;0m  [38;2;236;235;236m██[38;2;255;255;255m████[38;2;202;200;203m  [38;2;158;155;156m  
[38;2;29;15;10m  [38;2;146;71;42m██[38;2;104;46;28m██[38;2;182;108;75m██[38;2;196;119;86m██[38;2;208;146;112m██[38;2;249;197;158m██[38;2;68;33;22m  [38;2;145;78;59m██[38;2;160;98;79m  [38;2;160;86;72m██[38;2;119;66;51m██[38;2;111;61;45m██[38;2;122;67;51m██[38;2;88;47;32m██[38;2;40;29;26m  [38;2;111;80;72m██[38;2;113;57;40m██[38;2;52;18;11m██[38;2;89;43;30m██[38;2;64;24;16m██[38;2;172;124;95m██[38;2;234;250;251m  [38;2;3;2;1m  [38;2;0;0;0m    [38;2;143;140;142m  [38;2;3;2;1m  [38;2;0;0;0m  [38;2;2;2;1m  
[38;2;51;29;19m  [38;2;143;74;52m██[38;2;155;78;49m██[38;2;127;71;51m██[38;2;183;109;76m██[38;2;152;101;74m██[38;2;240;184;145m██[38;2;113;80;63m  [38;2;163;89;74m██[38;2;178;100;85m██[38;2;193;112;97m██[38;2;210;125;109m██[38;2;219;132;116m██[38;2;213;127;111m████[38;2;196;113;98m██[38;2;227;137;121m██[38;2;229;140;124m██[38;2;199;117;100m██[38;2;87;35;23m██[38;2;83;32;21m██[38;2;183;140;111m██[38;2;7;5;4m  [38;2;112;118;119m  [38;2;222;240;243m  [38;2;200;214;215m  [38;2;191;191;191m  [38;2;131;129;129m  [38;2;5;4;3m    
[38;2;90;40;23m██[38;2;125;63;46m██[38;2;181;107;76m██[38;2;91;47;33m██[38;2;181;107;74m██[38;2;140;79;59m██[38;2;232;170;132m██[38;2;212;160;123m██[38;2;179;118;97m██[38;2;188;106;91m██[38;2;219;132;116m██[38;2;242;151;134m██[38;2;246;163;149m██[38;2;246;163;148m██[38;2;244;153;136m██[38;2;245;156;139m██[38;2;244;153;136m██[38;2;244;154;138m██[38;2;248;171;154m██[38;2;72;28;17m██[38;2;80;30;19m██[38;2;209;180;144m██[38;2;3;3;2m  [38;2;2;1;1m  [38;2;231;237;238m  [38;2;225;238;240m  [38;2;7;5;4m    [38;2;4;3;2m    
[38;2;111;47;27m██[38;2;128;61;42m██[38;2;190;116;82m██[38;2;179;103;72m██[38;2;133;78;55m██[38;2;179;103;72m██[38;2;210;143;109m██[38;2;232;185;150m██[38;2;112;59;43m██[38;2;167;121;105m██[38;2;198;116;100m██[38;2;225;137;121m██[38;2;240;149;132m██[38;2;242;153;137m██[38;2;243;153;136m██[38;2;239;149;132m██[38;2;227;138;122m██[38;2;237;148;132m██[38;2;144;90;75m██[38;2;131;126;135m██[38;2;47;17;9m██[38;2;206;168;136m██[38;2;40;9;6m██[38;2;120;28;22m  [38;2;67;21;14m  [38;2;4;3;3m  [38;2;5;3;2m  [38;2;4;2;2m  [38;2;5;4;3m  [38;2;5;3;3m  
[38;2;137;61;35m██[38;2;130;58;33m██[38;2;189;115;83m██[38;2;178;104;74m██[38;2;104;57;42m██[38;2;154;85;60m██[38;2;104;59;44m██[38;2;228;165;128m██[38;2;174;130;101m  [38;2;61;52;50m  [38;2;104;58;43m██[38;2;152;82;65m██[38;2;170;95;77m██[38;2;169;95;78m██[38;2;160;87;71m██[38;2;184;106;89m██[38;2;177;99;83m██[38;2;172;96;79m██[38;2;69;67;71m  [38;2;136;127;137m██[38;2;240;238;240m██[38;2;169;137;112m██[38;2;134;26;19m██[38;2;109;37;25m  [38;2;140;29;21m██[38;2;158;48;38m  [38;2;3;2;1m  [38;2;6;4;3m  [38;2;5;3;2m  [38;2;5;4;3m  
[38;2;74;23;15m██[38;2;98;41;26m██[38;2;143;75;54m██[38;2;183;159;149m██[38;2;178;101;70m██[38;2;66;24;15m██[38;2;126;64;47m██[38;2;211;142;107m██[38;2;232;168;130m██[38;2;110;99;103m  [38;2;126;118;125m██[38;2;201;195;203m██[38;2;214;212;217m██[38;2;191;190;193m██[38;2;151;148;152m██[38;2;147;142;142m██[38;2;150;147;151m██[38;2;152;150;153m██[38;2;204;200;205m██[38;2;242;241;242m██[38;2;214;210;214m██[38;2;176;145;118m██[38;2;132;26;18m██[38;2;110;23;17m██[38;2;159;37;28m██[38;2;149;33;24m██[38;2;50;12;9m  [38;2;4;2;1m  [38;2;7;5;3m  [38;2;5;3;2m  
[38;2;149;33;25m██[38;2;130;29;21m██[38;2;78;32;20m██[38;2;135;70;49m██[38;2;177;103;71m██[38;2;141;69;42m██[38;2;86;34;20m██[38;2;42;21;13m  [38;2;224;156;119m██[38;2;231;167;129m██[38;2;143;98;73m██[38;2;85;76;79m  [38;2;146;142;151m██[38;2;207;204;209m██[38;2;220;218;222m██[38;2;215;210;216m██[38;2;221;218;222m██[38;2;222;219;223m██[38;2;203;199;207m██[38;2;141;135;144m██[38;2;132;109;96m  [38;2;213;178;147m██[38;2;121;24;17m██[38;2;187;62;52m  [38;2;159;36;27m██[38;2;136;29;21m██[38;2;119;27;21m  [38;2;8;4;3m  [38;2;5;3;2m  [38;2;4;3;2m  
[38;2;113;32;23m  [38;2;90;19;13m██[38;2;123;26;19m██[38;2;110;41;29m  [38;2;124;60;39m██[38;2;154;82;57m██[38;2;121;52;28m██[38;2;125;54;29m██[38;2;74;32;21m██[38;2;191;122;91m██[38;2;216;146;110m██[38;2;223;163;125m██[38;2;241;183;142m██[38;2;236;181;141m██[38;2;232;177;138m██[38;2;225;169;131m██[38;2;212;158;121m██[38;2;212;162;126m  [38;2;228;180;145m██[38;2;210;173;143m██[38;2;101;67;50m██[38;2;154;34;26m██[38;2;145;31;23m██[38;2;188;63;54m  [38;2;133;30;22m██[38;2;121;25;18m██[38;2;154;44;35m  [38;2;104;25;18m██[38;2;1;2;1m  [38;2;5;2;2m  [0m
