
[38;2;53;35;51m  [38;2;71;53;68m██[38;2;68;50;65m██[38;2;71;53;68m██[38;2;68;51;66m██[38;2;163;102;99m██[38;2;105;81;95m██[38;2;83;62;95m██[38;2;54;30;63m██[38;2;108;70;80m██[38;2;193;131;124m████[38;2;192;130;123m██[38;2;188;126;120m██[38;2;81;63;84m██[38;2;63;40;76m██[38;2;56;34;68m██[38;2;52;29;55m██[38;2;116;65;69m██[38;2;72;54;68m██[38;2;71;53;68m██[38;2;70;52;67m████[38;2;39;30;42m██[38;2;67;50;65m██[38;2;0;0;0m          
[38;2;72;54;69m██[38;2;71;53;67m██[38;2;71;53;68m████[38;2;58;42;56m██[38;2;193;133;127m██[38;2;194;135;129m██[38;2;149;113;129m██[38;2;119;80;132m██[38;2;147;120;140m██[38;2;200;143;136m██[38;2;200;143;135m██[38;2;200;143;136m██[38;2;199;141;134m██[38;2;220;184;179m██[38;2;124;83;130m██[38;2;111;74;129m██[38;2;174;156;166m██[38;2;107;69;75m██[38;2;72;54;69m██[38;2;71;53;68m██[38;2;70;52;67m████[38;2;43;31;44m██[38;2;61;46;60m██[38;2;31;27;31m  [38;2;0;0;0m        
[38;2;70;52;67m██[38;2;67;48;64m██[38;2;70;52;66m██[38;2;70;52;67m██[38;2;46;34;47m██[38;2;117;82;87m██[38;2;202;145;138m██[38;2;203;148;142m██[38;2;205;152;145m██[38;2;220;178;169m██[38;2;244;218;207m██[38;2;249;226;214m██[38;2;236;204;193m██[38;2;210;162;154m██[38;2;204;149;143m██[38;2;203;147;142m██[38;2;201;145;139m██[38;2;200;142;136m██[38;2;74;54;68m██[38;2;72;54;69m██[38;2;71;53;68m██[38;2;70;52;67m██[38;2;69;50;65m██[38;2;52;38;51m██[38;2;54;40;54m██[38;2;68;52;65m  [38;2;0;0;0m        
[38;2;69;51;65m██[38;2;68;50;65m██[38;2;69;51;65m████[38;2;40;30;42m██[38;2;40;29;41m██[38;2;253;233;219m██[38;2;253;233;220m██[38;2;254;234;221m██████[38;2;253;233;220m██[38;2;254;234;221m████[38;2;254;235;222m██[38;2;254;234;221m██[38;2;251;229;217m██[38;2;255;236;223m██[38;2;73;55;71m██[38;2;72;54;69m██[38;2;71;53;68m██[38;2;70;52;67m██[38;2;67;48;63m██[38;2;61;44;59m██[38;2;50;38;51m██[38;2;69;51;66m██[38;2;0;0;0m        
[38;2;68;50;65m██[38;2;67;49;63m██[38;2;67;49;64m██[38;2;69;51;65m██[38;2;39;30;42m██[38;2;40;31;43m██[38;2;249;228;217m██[38;2;253;233;220m██[38;2;254;234;221m████████████████[38;2;253;233;220m██[38;2;189;166;164m██[38;2;73;55;70m██[38;2;72;54;68m██[38;2;70;52;67m██[38;2;69;51;65m██[38;2;66;48;62m██[38;2;64;46;61m██[38;2;60;45;59m██[38;2;68;50;64m██[38;2;34;20;22m  [38;2;0;0;0m      
[38;2;68;50;65m██[38;2;66;49;63m████[38;2;68;50;64m██[38;2;39;30;42m██[38;2;40;31;43m██[38;2;109;92;99m██[38;2;253;233;220m██[38;2;254;234;221m████████████████[38;2;253;233;220m██[38;2;132;111;117m██[38;2;72;54;69m██[38;2;71;53;68m██[38;2;70;51;66m██[38;2;68;50;65m██[38;2;65;47;61m██[38;2;63;47;61m██[38;2;65;49;63m██[38;2;68;50;64m██[38;2;0;0;0m        
[38;2;67;50;62m  [38;2;67;48;63m██[38;2;67;49;63m██[38;2;68;50;64m██[38;2;67;49;64m██[38;2;39;30;42m██[38;2;38;29;42m██[38;2;223;206;202m██[38;2;254;234;221m████[38;2;249;230;218m██[38;2;225;219;219m██[38;2;230;224;224m██[38;2;184;164;163m██[38;2;254;234;222m██[38;2;253;233;220m██[38;2;253;232;219m██[38;2;196;175;172m██[38;2;72;54;68m██[38;2;71;53;67m██[38;2;69;51;65m██[38;2;68;50;64m██[38;2;66;47;62m██[38;2;63;46;60m██[38;2;67;49;63m██[38;2;71;46;62m  [38;2;0;0;0m        
[38;2;0;0;0m  [38;2;45;32;46m  [38;2;68;50;64m██[38;2;69;51;65m██[38;2;70;52;67m██[38;2;70;52;66m██[38;2;191;235;249m██[38;2;154;196;221m██[38;2;176;179;190m██[38;2;254;235;222m██[38;2;254;234;221m████[38;2;254;234;220m██[38;2;254;233;220m██[38;2;253;233;220m████[38;2;182;161;159m██[38;2;38;29;41m██[38;2;70;51;66m██[38;2;78;68;83m██[38;2;67;49;64m██[38;2;68;50;65m██[38;2;66;49;63m██[38;2;66;50;64m██[38;2;63;47;61m  [38;2;0;0;0m          
[38;2;0;0;0m    [38;2;53;43;52m  [38;2;71;53;67m██[38;2;72;52;66m██[38;2;168;113;124m██[38;2;227;163;173m██[38;2;218;160;172m██[38;2;137;173;203m██[38;2;138;179;207m██[38;2;209;196;194m██[38;2;254;234;221m██[38;2;253;233;220m██[38;2;248;228;216m██[38;2;210;167;160m██[38;2;235;176;162m██[38;2;38;30;43m██[38;2;52;49;63m██[38;2;186;233;247m██[38;2;183;230;244m██[38;2;182;229;243m██[38;2;96;102;119m██[38;2;40;31;43m██[38;2;47;30;47m  [38;2;0;0;0m            
[38;2;0;0;0m      [38;2;227;152;161m  [38;2;250;168;173m██[38;2;252;170;175m██[38;2;252;172;177m██[38;2;252;174;179m██[38;2;253;175;182m██[38;2;139;172;201m██[38;2;152;165;183m██[38;2;235;178;165m██[38;2;230;174;161m██[38;2;234;177;162m██[38;2;235;175;161m██[38;2;217;162;153m██[38;2;38;29;41m██[38;2;170;211;226m██[38;2;187;233;247m██[38;2;184;233;246m██[38;2;184;232;246m██[38;2;185;233;247m██[38;2;0;0;0m                
[38;2;0;0;0m    [38;2;229;154;164m  [38;2;251;169;174m██[38;2;252;170;175m██[38;2;253;172;177m██[38;2;253;174;178m██[38;2;252;174;181m████[38;2;249;171;178m██[38;2;246;246;246m██[38;2;242;242;242m██[38;2;215;171;165m██[38;2;236;177;163m██[38;2;234;176;160m██[38;2;184;159;165m██[38;2;205;176;184m██[38;2;180;223;238m██[38;2;187;233;247m████[38;2;188;234;248m██[38;2;188;235;248m██[38;2;0;0;0m                
[38;2;0;0;0m  [38;2;21;11;21m  [38;2;252;171;176m██[38;2;253;172;177m██[38;2;252;172;177m██[38;2;252;174;179m██[38;2;252;174;181m████████[38;2;229;218;221m██[38;2;245;245;245m████[38;2;246;247;247m██[38;2;218;196;194m██[38;2;238;234;237m██[38;2;218;206;208m██[38;2;201;183;199m██[38;2;187;232;246m██[38;2;190;235;249m██[38;2;187;231;247m██[38;2;144;186;212m  [38;2;0;0;0m        [38;2;227;222;224m  [38;2;0;0;0m      
[38;2;0;0;0m  [38;2;155;108;112m  [38;2;253;172;177m████[38;2;253;173;179m██[38;2;253;174;180m██[38;2;252;174;181m████████[38;2;226;164;173m██[38;2;245;245;245m██████[38;2;242;165;172m██[38;2;243;163;170m██[38;2;248;249;249m██[38;2;250;170;178m██[38;2;162;139;159m██[38;2;131;170;200m██[38;2;135;174;203m  [38;2;0;0;0m      [38;2;159;158;159m  [38;2;248;248;248m██[38;2;163;160;163m  [38;2;0;0;0m  [38;2;51;44;44m  [38;2;115;113;114m  
[38;2;0;0;0m  [38;2;233;161;169m  [38;2;252;172;178m██[38;2;252;172;179m██[38;2;230;149;161m██[38;2;253;174;181m██[38;2;252;174;181m████████[38;2;254;174;180m██[38;2;101;90;108m██[38;2;247;247;247m██[38;2;237;235;238m██[38;2;225;147;155m██[38;2;195;134;144m██[38;2;216;192;198m██[38;2;227;165;172m██[38;2;222;201;206m██[38;2;246;246;246m██████[38;2;246;246;247m██[38;2;246;246;246m████[38;2;241;240;241m██[38;2;249;249;249m████[38;2;247;248;248m██[38;2;45;43;45m  
[38;2;0;0;0m  [38;2;236;162;172m  [38;2;253;172;177m██[38;2;253;173;178m██[38;2;252;174;178m██[38;2;190;105;122m██[38;2;252;174;181m████████[38;2;254;174;178m██[38;2;233;170;177m██[38;2;148;141;153m██[38;2;195;140;150m██[38;2;204;130;143m██[38;2;173;119;128m██[38;2;244;164;172m██[38;2;198;154;163m██[38;2;246;246;246m████████████████[38;2;220;214;217m██[38;2;88;85;87m  [38;2;0;0;0m    
[38;2;0;0;0m  [38;2;233;160;168m  [38;2;253;172;177m████[38;2;254;174;178m██[38;2;252;174;181m██[38;2;192;114;129m██[38;2;253;174;182m██[38;2;252;174;181m████[38;2;254;174;178m██[38;2;241;163;170m██[38;2;247;168;175m██[38;2;254;172;178m██[38;2;213;137;149m██[38;2;254;172;178m██[38;2;229;151;160m██[38;2;247;247;248m██[38;2;246;246;246m██████████████████████[38;2;250;250;250m██
[38;2;0;0;0m  [38;2;252;173;178m██[38;2;253;172;177m████[38;2;254;173;179m██[38;2;252;174;181m██[38;2;253;175;182m██[38;2;243;165;173m██[38;2;238;160;169m██[38;2;252;174;181m██[38;2;252;174;178m██[38;2;251;171;177m██[38;2;254;174;179m██[38;2;253;172;177m██[38;2;246;166;174m██[38;2;251;170;177m██[38;2;210;172;178m██[38;2;246;246;246m████████[38;2;245;246;247m██[38;2;246;246;246m██████[38;2;245;245;245m██[38;2;249;248;248m██[38;2;32;32;32m  [38;2;0;0;0m    
[38;2;74;49;60m  [38;2;252;171;176m██[38;2;253;172;177m████[38;2;254;173;178m██[38;2;252;174;181m████[38;2;253;175;180m██[38;2;253;174;180m██[38;2;242;165;174m██[38;2;229;153;160m██[38;2;254;174;179m██[38;2;224;148;156m██[38;2;253;173;178m██[38;2;254;173;178m██[38;2;212;136;147m██[38;2;247;248;248m██[38;2;246;246;246m████████[38;2;216;213;217m██[38;2;227;213;217m██[38;2;239;237;239m  [38;2;238;236;236m  [38;2;154;152;152m  [38;2;246;246;246m██[38;2;173;166;173m  [38;2;0;0;0m    
[38;2;229;154;163m  [38;2;252;170;175m██[38;2;252;171;175m██[38;2;252;170;176m██[38;2;253;172;177m██[38;2;253;174;178m██[38;2;252;174;181m██[38;2;253;175;181m██[38;2;253;175;182m██[38;2;252;174;181m██[38;2;252;174;180m██[38;2;253;175;181m██[38;2;253;174;181m██[38;2;254;174;179m██[38;2;253;174;178m██[38;2;216;173;181m██[38;2;246;246;246m████████[38;2;246;247;247m██[38;2;133;114;127m██[38;2;246;246;246m██[38;2;146;97;106m  [38;2;0;0;0m    [38;2;49;49;50m  [38;2;249;249;249m██[38;2;60;59;59m  [38;2;0;0;0m  
[38;2;253;172;178m██[38;2;252;168;174m██[38;2;252;169;174m████[38;2;252;171;176m██[38;2;254;173;178m██[38;2;253;174;180m██[38;2;252;174;180m████[38;2;252;174;181m██[38;2;252;174;180m██[38;2;253;174;179m██[38;2;253;173;178m██[38;2;228;153;162m██[38;2;254;175;179m██[38;2;183;178;187m██[38;2;100;89;108m██[38;2;209;205;211m██[38;2;246;246;246m████[38;2;248;248;248m██[38;2;249;249;249m██[38;2;214;210;212m██[38;2;250;249;249m██[38;2;49;47;49m  [38;2;0;0;0m      [38;2;203;197;201m  [38;2;0;0;0m  
[38;2;253;171;177m██[38;2;252;166;172m██[38;2;252;165;171m██[38;2;252;168;174m██[38;2;252;170;175m██[38;2;253;172;177m██[38;2;254;173;178m██[38;2;252;174;181m██████[38;2;252;174;180m██[38;2;254;173;178m████[38;2;252;172;178m██[38;2;226;169;177m██[38;2;245;245;245m██[38;2;246;246;246m██[38;2;232;230;233m██[38;2;109;100;117m██[38;2;246;246;246m██[38;2;246;247;246m██[38;2;236;164;175m██[38;2;221;213;218m██[38;2;248;247;248m██[38;2;230;228;231m██[38;2;233;231;233m  [38;2;47;46;47m  [38;2;0;0;0m      
[38;2;161;107;114m  [38;2;252;165;171m████[38;2;251;166;171m██[38;2;252;169;174m██[38;2;252;171;176m██[38;2;253;172;177m██[38;2;254;174;178m██[38;2;252;174;180m████[38;2;254;173;178m████[38;2;211;143;151m██[38;2;253;173;178m██[38;2;210;185;191m██[38;2;246;226;216m██[38;2;217;193;189m██[38;2;246;246;247m████[38;2;116;106;123m██[38;2;236;234;236m██[38;2;244;244;244m██[38;2;248;248;249m██[38;2;212;206;209m██[38;2;243;242;243m██[38;2;246;246;246m████[38;2;245;244;244m  [38;2;82;80;82m  [38;2;0;0;0m  
[38;2;0;0;0m  [38;2;209;138;150m  [38;2;252;165;171m██[38;2;251;165;171m██[38;2;210;122;137m██[38;2;226;154;161m██[38;2;254;173;178m██[38;2;253;173;178m██[38;2;254;173;178m████[38;2;253;173;178m████[38;2;75;55;71m██[38;2;254;174;180m██[38;2;227;168;173m██[38;2;254;234;221m████[38;2;240;188;177m██[38;2;215;194;195m██[38;2;246;246;247m██[38;2;144;128;142m██[38;2;254;172;179m██[38;2;203;148;158m██[38;2;232;227;229m██[38;2;246;246;246m██████████[38;2;0;0;0m  [0m
