
[38;2;0;0;0m              [38;2;116;111;117m  [38;2;217;211;214m██[38;2;231;228;232m████████[38;2;226;223;226m██[38;2;104;99;107m  [38;2;118;112;120m  [38;2;233;230;233m██████████[38;2;227;223;226m██[38;2;0;0;0m                
[38;2;13;163;242m██[38;2;0;5;8m  [38;2;175;169;174m██[38;2;0;0;0m    [38;2;127;121;130m██[38;2;223;219;222m██[38;2;231;228;232m██[38;2;232;203;14m██[38;2;233;230;233m██[38;2;232;229;232m██[38;2;231;228;232m████[38;2;233;230;233m████████████████[38;2;235;230;232m██[38;2;0;0;0m          [38;2;73;162;149m████[38;2;0;0;0m  
[38;2;15;167;247m██[38;2;15;167;246m██[38;2;0;0;0m  [38;2;220;215;219m██[38;2;231;228;232m██[38;2;233;230;233m██[38;2;227;223;227m██[38;2;93;88;95m  [38;2;162;144;16m  [38;2;149;141;148m██[38;2;225;222;224m██[38;2;233;230;233m██[38;2;231;228;232m████[38;2;232;229;232m██[38;2;233;230;233m██████████████[38;2;143;138;146m██[38;2;36;35;37m  [38;2;0;0;0m      [38;2;79;172;158m██[38;2;95;193;179m██[38;2;0;0;0m  
[38;2;0;0;0m  [38;2;13;155;233m██[38;2;0;0;0m          [38;2;153;147;155m██[38;2;237;234;236m██[38;2;249;247;246m██[38;2;232;229;233m██[38;2;232;229;232m██[38;2;233;230;233m██[38;2;231;228;232m██[38;2;233;229;233m██[38;2;233;230;233m████[38;2;232;229;232m██[38;2;233;230;233m██[38;2;232;229;233m██[38;2;233;230;233m██[38;2;232;229;232m██[38;2;233;230;233m██[38;2;231;228;232m██[38;2;233;230;233m██[38;2;197;81;227m████[38;2;0;0;0m  [38;2;225;219;222m██[38;2;0;0;0m  
[38;2;0;0;0m          [38;2;99;95;101m  [38;2;233;230;233m██[38;2;247;246;245m██[38;2;252;254;251m██[38;2;237;234;237m██[38;2;233;230;233m██████[38;2;232;229;233m██[38;2;233;230;233m████[38;2;232;229;232m██[38;2;233;230;233m██[38;2;231;228;232m████████[38;2;232;229;232m██[38;2;233;230;233m██[38;2;200;154;212m██[38;2;197;81;227m██[38;2;182;88;204m██[38;2;234;230;233m██[38;2;161;35;76m██[38;2;0;0;0m  
[38;2;0;0;0m        [38;2;125;119;128m  [38;2;237;233;235m██████████[38;2;252;254;251m██[38;2;233;230;233m██[38;2;252;254;251m██[38;2;233;230;233m████████████[38;2;231;228;232m██[38;2;246;246;246m██[38;2;245;245;245m██[38;2;231;228;232m██[38;2;232;229;232m██[38;2;233;230;233m██[38;2;232;228;231m██[38;2;233;230;233m████[38;2;138;132;141m██[38;2;0;0;0m  
[38;2;0;0;0m      [38;2;79;75;81m  [38;2;233;230;233m████[38;2;232;229;232m██[38;2;233;230;233m████████[38;2;250;251;249m██[38;2;242;238;238m██[38;2;233;230;233m████████[38;2;234;230;233m██[38;2;252;254;251m██[38;2;233;230;233m████[38;2;242;237;238m██[38;2;233;230;233m████████[38;2;237;233;235m██[38;2;235;232;234m██[38;2;237;233;235m██[38;2;0;0;0m  
[38;2;0;0;0m      [38;2;235;232;234m██[38;2;237;233;235m████[38;2;234;231;234m██[38;2;237;233;235m██[38;2;234;229;232m██[38;2;236;232;234m██[38;2;237;233;235m████[38;2;236;232;234m██[38;2;237;233;235m██[38;2;236;232;234m██[38;2;233;230;233m████████████████████████████[38;2;157;148;155m██
[38;2;0;0;0m    [38;2;47;45;48m  [38;2;237;233;235m██████[38;2;230;225;227m██[38;2;237;233;235m████████[38;2;234;229;232m██[38;2;237;233;235m████████[38;2;235;231;234m████[38;2;234;231;234m██[38;2;234;231;233m██[38;2;233;230;233m████[38;2;231;228;232m████[38;2;233;230;233m██████[38;2;232;229;233m██[38;2;233;230;233m████
[38;2;0;0;0m    [38;2;47;45;49m  [38;2;238;234;236m██[38;2;237;233;235m██████[38;2;238;233;235m██[38;2;241;236;237m██[38;2;241;236;238m██[38;2;243;237;238m██[38;2;239;235;236m██[38;2;237;233;235m████████████████████[38;2;235;231;234m██[38;2;233;230;233m████[38;2;220;215;217m██[38;2;235;231;234m██[38;2;233;230;233m████[38;2;232;229;233m██
[38;2;0;0;0m    [38;2;47;44;48m  [38;2;242;237;238m██[38;2;237;233;235m██[38;2;243;237;238m██████████[38;2;192;187;191m██[38;2;242;237;238m██[38;2;238;233;235m██[38;2;237;233;235m██████████████[38;2;232;228;231m██[38;2;237;233;235m████████[38;2;227;222;224m██[38;2;233;230;233m██[38;2;237;233;235m██[38;2;233;230;233m████
[38;2;196;85;126m██[38;2;46;20;30m  [38;2;11;11;12m  [38;2;243;237;238m██[38;2;207;202;205m██[38;2;243;237;238m██[38;2;243;238;239m████[38;2;243;237;238m██[38;2;216;210;211m██[38;2;244;238;239m██[38;2;243;237;238m██[38;2;244;239;240m██[38;2;243;237;238m████[38;2;220;216;219m██[38;2;243;237;238m████[38;2;240;236;237m██[38;2;237;233;235m██[38;2;202;197;200m██[38;2;237;233;235m██████[38;2;204;203;174m██[38;2;231;225;223m██[38;2;235;232;234m██[38;2;237;233;235m██████
[38;2;0;0;0m  [38;2;210;97;139m██[38;2;209;95;137m██[38;2;247;241;240m██[38;2;192;187;190m██[38;2;243;238;239m██[38;2;244;239;240m██[38;2;248;242;241m██[38;2;246;240;239m██[38;2;245;239;239m██[38;2;247;241;240m██[38;2;247;241;241m██[38;2;248;242;241m██[38;2;246;240;239m██[38;2;210;205;208m██[38;2;237;231;232m██[38;2;209;201;204m██[38;2;207;202;206m██[38;2;206;201;205m██[38;2;212;203;206m██[38;2;209;203;205m██[38;2;236;230;233m██[38;2;237;233;235m██[38;2;242;237;238m██[38;2;163;175;49m██[38;2;166;191;17m██[38;2;172;175;105m██[38;2;237;233;235m██████
[38;2;0;0;0m    [38;2;247;241;240m████[38;2;234;229;230m██[38;2;247;241;240m██[38;2;248;242;241m██[38;2;247;241;240m██[38;2;245;239;238m██[38;2;218;212;215m██[38;2;247;241;240m██[38;2;248;242;241m████[38;2;247;241;240m██[38;2;229;183;175m██[38;2;212;197;198m██[38;2;247;241;240m████[38;2;248;242;240m██[38;2;246;241;240m██[38;2;248;242;241m██[38;2;218;212;213m██[38;2;238;233;234m██[38;2;244;239;239m██[38;2;242;237;238m████[38;2;240;235;237m██[38;2;189;177;180m██[38;2;242;237;238m██[38;2;132;126;133m  
[38;2;0;0;0m  [38;2;187;182;187m██[38;2;248;242;241m██[38;2;247;241;240m██[38;2;248;242;241m██████[38;2;224;217;219m██[38;2;247;241;240m██[38;2;250;236;233m██[38;2;220;215;217m██[38;2;248;242;241m████[38;2;247;241;240m██[38;2;224;219;220m██[38;2;245;199;188m██[38;2;233;225;226m██[38;2;216;202;203m██[38;2;248;242;241m██████████████[38;2;243;238;239m██[38;2;242;237;238m██[38;2;240;235;237m██[38;2;201;184;185m██[38;2;0;0;0m  
[38;2;247;241;241m██[38;2;247;241;240m██[38;2;248;242;241m██[38;2;207;198;200m██[38;2;248;242;241m████[38;2;195;191;194m██[38;2;236;231;232m██[38;2;250;208;197m██[38;2;255;248;240m████[38;2;244;236;233m██[38;2;248;242;241m██[38;2;247;241;240m████[38;2;247;223;218m██[38;2;243;195;182m██[38;2;186;181;185m██[38;2;247;241;240m██████████████[38;2;248;242;241m████[38;2;246;240;239m██[38;2;242;237;238m██[38;2;192;176;178m██
[38;2;85;81;87m  [38;2;0;0;0m  [38;2;191;184;188m██[38;2;248;242;241m████[38;2;209;204;208m██[38;2;188;169;170m██[38;2;246;239;234m██[38;2;255;248;240m██[38;2;254;247;239m██[38;2;255;248;240m████[38;2;194;187;191m██[38;2;247;241;240m████[38;2;246;219;212m██[38;2;255;248;240m██[38;2;251;228;218m██[38;2;174;160;164m██[38;2;232;224;224m██[38;2;248;242;241m████[38;2;247;241;240m████[38;2;248;242;241m████[38;2;205;201;205m██[38;2;248;242;241m████[38;2;200;183;184m██
[38;2;0;0;0m  [38;2;16;15;16m  [38;2;247;241;240m██[38;2;228;223;225m██[38;2;246;241;240m██[38;2;237;231;232m██[38;2;255;248;240m██[38;2;163;155;161m██[38;2;62;32;25m██[38;2;67;38;31m██[38;2;187;174;170m██[38;2;255;248;240m██[38;2;241;235;236m██[38;2;247;241;240m██[38;2;223;216;216m██[38;2;255;247;239m██[38;2;178;164;158m██[38;2;67;38;31m████[38;2;71;42;35m██[38;2;126;109;108m██[38;2;244;225;220m██[38;2;245;207;196m██[38;2;175;161;166m██[38;2;248;242;241m████[38;2;190;182;185m██[38;2;228;222;224m██[38;2;246;240;239m██[38;2;199;182;183m██
[38;2;0;0;0m  [38;2;20;19;20m  [38;2;247;240;240m██[38;2;248;242;241m██[38;2;246;240;239m██[38;2;198;180;182m██[38;2;242;231;228m██[38;2;252;244;237m██[38;2;255;248;240m██████[38;2;221;215;217m██[38;2;247;241;240m██[38;2;229;219;219m██[38;2;251;235;229m██[38;2;255;248;240m██[38;2;244;235;230m██[38;2;236;227;222m██[38;2;189;174;172m██[38;2;75;60;51m██[38;2;76;49;42m██[38;2;251;241;237m██[38;2;255;248;240m██[38;2;246;212;204m██[38;2;225;220;222m██[38;2;248;242;241m██[38;2;227;217;216m██[38;2;238;232;232m██[38;2;182;177;182m██[38;2;195;179;181m██
[38;2;0;0;0m  [38;2;255;225;0m██[38;2;246;216;4m██[38;2;249;237;236m██[38;2;246;240;239m██[38;2;166;120;121m██[38;2;255;248;240m██████████[38;2;246;240;239m██[38;2;244;197;184m██[38;2;255;248;240m████████████[38;2;254;247;239m██[38;2;254;246;239m██[38;2;255;248;240m██████[38;2;245;201;189m██[38;2;248;242;241m██[38;2;204;189;190m██[38;2;189;178;182m██[38;2;249;237;237m██[38;2;212;199;199m██
[38;2;41;36;2m  [38;2;246;210;10m██[38;2;219;204;155m██[38;2;249;237;236m██[38;2;203;185;187m██[38;2;234;191;182m██[38;2;255;248;240m██████████[38;2;198;190;193m██[38;2;255;248;240m████████████████████[38;2;254;247;239m██[38;2;255;248;240m██[38;2;249;238;232m██[38;2;202;196;198m██[38;2;196;191;194m██[38;2;222;214;215m██[38;2;249;237;236m██[38;2;238;232;233m██
[38;2;0;0;0m  [38;2;214;209;212m██[38;2;249;237;236m██[38;2;165;185;30m██[38;2;181;171;174m██[38;2;242;200;189m██[38;2;255;248;240m████████[38;2;237;222;215m██[38;2;255;248;240m██████████[38;2;205;180;175m██[38;2;255;248;240m██████████[38;2;251;241;236m██[38;2;250;235;227m██[38;2;254;247;239m██[38;2;205;159;156m██[38;2;212;208;210m██[38;2;181;169;172m██[38;2;248;236;235m██[38;2;221;30;82m██
[38;2;112;107;115m  [38;2;249;237;236m██[38;2;249;237;237m██[38;2;174;163;164m██[38;2;142;138;127m██[38;2;223;212;213m██[38;2;251;219;209m██[38;2;255;248;240m████████████████████████████[38;2;184;145;144m██[38;2;56;71;59m██[38;2;70;87;74m██[38;2;189;169;172m██[38;2;246;240;239m████[38;2;249;237;236m██[38;2;154;147;153m██[38;2;191;163;163m██
[38;2;244;233;233m██[38;2;249;237;237m██[38;2;167;158;161m██[38;2;0;0;0m    [38;2;246;239;239m██[38;2;247;238;237m██[38;2;204;146;140m██[38;2;248;234;227m██[38;2;255;248;240m████████████████████[38;2;241;231;226m██[38;2;41;52;43m██[38;2;61;75;64m██[38;2;58;73;62m██[38;2;46;59;49m██[38;2;43;54;45m██[38;2;246;240;239m██[38;2;213;174;169m██[38;2;248;235;234m██[38;2;117;111;119m  [38;2;0;0;0m  
[38;2;243;232;231m██[38;2;223;211;212m██[38;2;0;0;0m      [38;2;15;14;15m  [38;2;249;237;236m██[38;2;247;234;232m██[38;2;171;161;164m  [38;2;210;193;195m██[38;2;213;158;152m██[38;2;240;191;179m██[38;2;249;203;192m██[38;2;250;211;200m██[38;2;249;204;193m██[38;2;250;211;200m██[38;2;222;169;160m██[38;2;42;53;43m██[38;2;50;64;54m██[38;2;72;89;76m██[38;2;76;94;80m██[38;2;72;90;77m██[38;2;42;55;46m██[38;2;65;81;69m██[38;2;39;51;42m██[38;2;209;193;195m██[38;2;223;192;187m██[38;2;241;181;174m██[38;2;249;230;230m██[38;2;0;0;0m  
[38;2;132;126;134m  [38;2;129;125;133m  [38;2;89;188;173m██[38;2;0;0;0m      [38;2;234;227;227m██[38;2;183;176;180m██[38;2;0;0;0m  [38;2;104;100;106m  [38;2;217;184;180m██[38;2;243;212;202m██[38;2;86;94;84m██[38;2;78;95;81m██[38;2;253;245;239m██[38;2;252;223;213m██[38;2;132;118;114m██[38;2;81;55;47m██[38;2;46;60;50m██[38;2;42;54;45m██[38;2;50;64;54m██[38;2;59;75;63m██[38;2;73;91;77m██[38;2;51;65;55m██[38;2;36;45;38m  [38;2;0;0;0m    [38;2;90;85;92m  [38;2;188;174;178m██[38;2;111;106;114m  
[38;2;0;0;0m  [38;2;86;163;152m██[38;2;74;166;152m██[38;2;0;0;0m      [38;2;192;182;186m██[38;2;23;22;23m  [38;2;0;0;0m    [38;2;213;181;173m██[38;2;248;240;233m██[38;2;228;217;211m██[38;2;130;135;131m██[38;2;229;207;202m██[38;2;248;216;208m██[38;2;249;235;229m██[38;2;89;107;91m██[38;2;98;36;31m██[38;2;94;45;38m██[38;2;128;15;12m██[38;2;43;54;45m██[38;2;23;30;25m  [38;2;37;49;39m██[38;2;0;0;0m    [38;2;64;93;41m  [38;2;0;0;0m    [38;2;189;175;178m██
[38;2;0;0;0m  [38;2;21;20;21m  [38;2;0;0;0m        [38;2;21;20;21m  [38;2;0;0;0m      [38;2;252;243;238m██[38;2;255;248;240m████[38;2;246;233;230m██[38;2;221;200;197m██[38;2;255;248;240m██[38;2;253;243;236m██[38;2;83;101;86m██[38;2;69;87;74m██[38;2;104;64;55m██[38;2;136;10;8m██[38;2;51;66;56m██[38;2;27;35;29m  [38;2;0;0;0m    [38;2;125;181;79m██[38;2;137;198;100m██[38;2;0;0;0m    [38;2;16;15;17m  [0m
