
[38;2;0;0;0m                        [38;2;16;16;16m  [38;2;41;44;45m  [38;2;44;48;52m  [38;2;42;46;49m  [38;2;42;46;50m████[38;2;42;46;49m██[38;2;42;46;50m████[38;2;41;46;49m██[38;2;42;46;49m██[38;2;35;38;42m██[38;2;26;28;32m██████[38;2;25;29;32m██[38;2;44;46;50m  [38;2;0;0;0m  
[38;2;0;0;0m                      [38;2;57;61;61m  [38;2;45;49;53m  [38;2;42;46;49m██[38;2;42;45;50m██[38;2;41;45;49m██[38;2;42;46;50m██[38;2;42;45;49m██[38;2;42;45;50m██[38;2;41;46;50m██[38;2;42;46;50m██[38;2;41;45;49m██[38;2;42;45;49m██[38;2;42;45;50m██[38;2;41;45;49m██[38;2;25;29;32m██[38;2;25;28;32m██[38;2;35;38;41m  [38;2;21;21;21m  [38;2;0;0;0m  
[38;2;0;0;0m                    [38;2;107;108;111m  [38;2;42;46;49m  [38;2;42;46;50m████████[38;2;42;45;50m██[38;2;42;46;50m██[38;2;42;45;50m██[38;2;42;46;50m██████[38;2;42;46;49m██[38;2;42;45;50m██[38;2;42;46;50m██[38;2;32;35;39m██[38;2;26;29;32m████[38;2;53;55;58m  [38;2;0;0;0m  
[38;2;0;0;0m                  [38;2;87;89;89m  [38;2;26;29;32m  [38;2;26;28;32m██[38;2;26;29;32m██[38;2;30;32;36m██[38;2;32;36;39m██[38;2;34;37;41m██[38;2;34;38;41m██[38;2;33;37;40m██[38;2;33;36;39m██[38;2;31;34;38m██[38;2;29;33;36m██[38;2;27;31;34m██[38;2;26;29;32m██[38;2;25;28;32m██[38;2;26;29;32m██████████[38;2;25;28;32m  
[38;2;0;0;0m                  [38;2;82;84;86m  [38;2;26;28;32m████[38;2;26;29;32m██████████[38;2;25;29;32m██[38;2;26;29;32m██████[38;2;25;29;32m██[38;2;26;29;32m██[38;2;25;28;32m██[38;2;26;29;32m██████████[38;2;27;30;33m  
[38;2;0;0;0m                  [38;2;39;42;46m  [38;2;25;29;32m██[38;2;26;29;32m████████████████[38;2;25;29;32m██[38;2;26;29;32m████[38;2;25;29;32m██[38;2;26;29;32m████████[38;2;25;29;32m██  [38;2;19;19;21m  
[38;2;0;0;0m                  [38;2;28;32;35m  [38;2;25;29;32m██[38;2;26;29;32m██[38;2;25;29;32m██[38;2;26;29;32m██[38;2;25;29;32m████[38;2;26;29;32m██[38;2;25;29;32m████[38;2;37;38;34m██[38;2;180;147;60m██[38;2;181;152;60m██[38;2;94;83;44m██[38;2;29;31;33m██[38;2;26;29;32m██[38;2;25;29;32m██[38;2;26;29;32m██[38;2;25;29;32m██[38;2;26;29;32m██[38;2;25;29;32m██
[38;2;0;0;0m            [38;2;128;96;32m  [38;2;64;32;0m  [38;2;43;43;43m  [38;2;27;30;34m  [38;2;25;29;32m██[38;2;26;28;32m██[38;2;26;29;32m████[38;2;23;27;32m██[38;2;126;108;50m██[38;2;162;137;57m██[38;2;28;31;33m██[38;2;25;29;32m██[38;2;144;122;54m██[38;2;251;204;72m██[38;2;246;185;70m██[38;2;248;190;71m██[38;2;241;172;68m██[38;2;19;24;31m██[38;2;26;29;32m████[38;2;25;29;32m██[38;2;26;29;32m██[38;2;27;30;34m  
[38;2;0;0;0m          [38;2;80;64;48m  [38;2;245;160;66m  [38;2;241;165;68m  [38;2;121;89;46m  [38;2;27;30;33m  [38;2;26;29;32m██████[38;2;24;27;32m██[38;2;249;203;72m██[38;2;243;170;68m██[38;2;244;176;69m██[38;2;249;201;71m██[38;2;47;46;36m██[38;2;185;157;62m██[38;2;249;196;71m██[38;2;246;184;70m██[38;2;248;192;71m██[38;2;244;179;69m██[38;2;19;23;31m██[38;2;26;29;32m████████[38;2;50;53;55m  
[38;2;0;0;0m        [38;2;113;96;68m  [38;2;123;108;60m  [38;2;238;154;63m██[38;2;242;166;68m██[38;2;234;185;118m  [38;2;222;185;67m  [38;2;23;27;32m██[38;2;26;29;32m████[38;2;51;49;37m██[38;2;250;202;72m██[38;2;251;202;71m██[38;2;251;203;72m██[38;2;249;195;71m██[38;2;237;194;70m██[38;2;203;170;64m██[38;2;245;177;69m██[38;2;248;191;71m██[38;2;251;203;72m██[38;2;246;185;69m██[38;2;21;25;31m██[38;2;26;29;32m██████████
[38;2;0;0;0m  [38;2;124;75;22m  [38;2;250;174;76m  [38;2;171;135;106m  [38;2;241;166;68m  [38;2;242;166;67m  [38;2;238;154;64m██[38;2;242;165;68m██[38;2;141;102;51m  [38;2;246;202;72m██[38;2;246;178;69m██[38;2;75;68;41m██[38;2;27;30;32m██[38;2;21;25;31m██[38;2;249;201;72m██[38;2;247;188;70m██[38;2;250;201;71m██[38;2;250;198;71m██[38;2;233;191;69m██[38;2;204;170;65m██[38;2;245;178;69m██[38;2;250;202;72m██[38;2;251;204;72m██[38;2;248;192;70m██[38;2;29;32;33m██[38;2;26;29;32m██[38;2;25;29;32m████[38;2;26;29;32m██[38;2;27;29;33m  
[38;2;252;182;92m  [38;2;240;151;62m  [38;2;242;166;68m██[38;2;236;152;62m  [38;2;242;166;68m████[38;2;226;125;54m██[38;2;242;167;68m██[38;2;92;67;51m██[38;2;41;45;50m██[38;2;208;155;66m██[38;2;249;200;72m██[38;2;251;206;73m██[38;2;154;130;55m██[38;2;153;131;56m██[38;2;251;202;72m████[38;2;249;201;72m██[38;2;40;40;35m██[38;2;193;163;63m██[38;2;245;179;69m██[38;2;251;202;72m██[38;2;251;203;72m██[38;2;249;197;71m██[38;2;37;38;34m██[38;2;26;29;32m██████[38;2;47;45;35m  [38;2;89;89;77m  
[38;2;242;166;68m██[38;2;231;139;59m██[38;2;242;166;68m██[38;2;237;154;65m██[38;2;242;166;68m██[38;2;244;168;70m██[38;2;34;37;40m██[38;2;55;51;50m██[38;2;42;46;50m████[38;2;36;39;43m██[38;2;22;26;32m██[38;2;131;112;51m██[38;2;237;194;70m██[38;2;249;193;71m██[38;2;249;200;72m██[38;2;251;202;72m██[38;2;233;190;69m██[38;2;176;149;60m██[38;2;211;174;65m██[38;2;247;187;70m██[38;2;250;198;71m██[38;2;249;195;71m██[38;2;250;200;71m██[38;2;26;30;32m██[38;2;20;24;31m██[38;2;65;54;39m██[38;2;148;128;54m██[38;2;250;201;72m██[38;2;189;156;63m  
[38;2;242;165;68m██[38;2;230;137;58m██[38;2;242;166;68m██[38;2;236;153;63m██[38;2;241;166;68m██[38;2;52;45;36m██[38;2;42;46;49m██[38;2;42;46;50m██[38;2;41;45;50m██[38;2;31;35;39m██[38;2;25;29;32m████[38;2;26;29;32m████[38;2;27;30;32m██[38;2;20;24;31m██[38;2;34;36;33m██[38;2;84;74;42m██[38;2;135;113;51m██[38;2;164;136;57m██[38;2;174;146;59m██[38;2;175;134;58m██[38;2;170;142;58m██[38;2;156;129;55m██[38;2;137;115;52m██[38;2;121;102;49m██[38;2;245;179;69m██[38;2;251;202;72m████[38;2;252;205;73m  
[38;2;241;165;68m██[38;2;231;140;59m██[38;2;242;166;68m██[38;2;234;146;61m██[38;2;240;164;67m██[38;2;20;26;32m██[38;2;41;46;49m██[38;2;42;46;50m██[38;2;26;29;32m██[38;2;25;29;32m████[38;2;25;28;32m██[38;2;26;29;32m██████████████[38;2;25;29;32m██[38;2;26;29;32m██████[38;2;25;28;32m██[38;2;133;114;52m██[38;2;250;202;72m██[38;2;251;202;72m████████
[38;2;233;144;60m██[38;2;235;150;62m██[38;2;232;141;59m██[38;2;229;135;57m██[38;2;228;134;57m██[38;2;28;30;32m██[38;2;32;35;39m██[38;2;26;29;32m████[38;2;25;29;32m██[38;2;26;29;32m██████████████████████[38;2;21;24;31m██[38;2;141;121;53m██[38;2;251;204;72m██[38;2;251;202;72m████████████
[38;2;242;165;68m██[38;2;242;166;68m██████[38;2;242;167;68m██[38;2;233;157;65m██[38;2;25;29;32m████[38;2;25;28;32m██[38;2;25;29;32m██[38;2;26;29;32m██████████████[38;2;27;29;32m██[38;2;24;28;33m██[38;2;42;37;24m██[38;2;92;65;4m██[38;2;250;203;72m██[38;2;251;202;72m████████████████
[38;2;242;165;68m██[38;2;242;166;68m██[38;2;242;165;68m██[38;2;242;166;68m██[38;2;239;160;66m██[38;2;242;166;68m██[38;2;244;168;68m██[38;2;182;128;58m██[38;2;58;52;38m██[38;2;19;24;31m██[38;2;22;26;31m██[38;2;25;28;32m██[38;2;24;27;32m██[38;2;23;27;33m██[38;2;40;39;35m██[38;2;79;68;35m██[38;2;80;59;9m██[38;2;144;108;24m██[38;2;237;191;67m██[38;2;251;203;72m██[38;2;250;201;72m██[38;2;251;202;72m██████████████[38;2;250;202;72m██[38;2;251;202;72m██
[38;2;242;166;68m████████[38;2;241;164;67m██[38;2;242;166;68m██████[38;2;249;195;71m██[38;2;249;200;71m████[38;2;252;203;72m██[38;2;251;203;72m██[38;2;187;148;45m██[38;2;250;202;72m██[38;2;200;160;51m██[38;2;251;204;73m██[38;2;251;202;72m██████████████████████[38;2;250;202;72m██[38;2;251;202;72m██
[38;2;246;169;69m  [38;2;242;166;68m████[38;2;241;166;68m██[38;2;242;166;68m██[38;2;242;166;67m██[38;2;242;166;68m████[38;2;247;186;70m██[38;2;249;201;71m██[38;2;88;60;1m██[38;2;104;74;5m██[38;2;103;73;4m██[38;2;97;68;0m██[38;2;252;203;72m██[38;2;196;156;47m██[38;2;149;114;26m██[38;2;183;142;40m██[38;2;186;145;41m██[38;2;154;118;28m██[38;2;168;131;36m██[38;2;251;202;72m██████████████████
[38;2;122;86;49m  [38;2;245;168;68m  [38;2;242;166;68m██████[38;2;241;166;68m██[38;2;242;166;68m██  [38;2;247;183;79m  [38;2;250;202;72m██[38;2;251;203;72m██[38;2;233;189;65m██[38;2;235;190;66m██[38;2;252;205;73m██[38;2;251;202;72m████[38;2;237;192;67m██[38;2;158;121;30m██[38;2;117;86;13m██[38;2;132;99;20m██[38;2;243;197;70m██[38;2;251;202;72m████████████[38;2;250;202;72m██[38;2;251;202;72m████
[38;2;0;0;0m  [38;2;128;96;0m  [38;2;250;174;77m  [38;2;248;170;69m  [38;2;242;166;68m██[38;2;247;170;69m  [38;2;250;174;76m  [38;2;125;88;26m  [38;2;128;90;37m  [38;2;250;201;72m  [38;2;251;202;71m██[38;2;250;202;72m██[38;2;251;202;72m██████████[38;2;250;202;72m██[38;2;251;202;72m██████████████████████[38;2;250;202;72m  
[38;2;0;0;0m      [38;2;64;43;21m  [38;2;128;128;64m  [38;2;64;43;21m  [38;2;0;0;0m    [38;2;64;64;64m  [38;2;252;207;77m  [38;2;251;202;72m██████████████████████████████████████[38;2;252;208;79m  
[38;2;0;0;0m                  [38;2;191;161;76m  [38;2;250;201;71m  [38;2;251;202;71m██[38;2;251;201;71m██[38;2;252;205;73m██[38;2;252;206;74m██[38;2;252;204;73m██[38;2;249;200;71m██[38;2;251;202;72m██[38;2;251;202;71m██[38;2;251;202;72m████[38;2;251;202;71m██[38;2;251;202;72m██████[38;2;251;202;71m██[38;2;251;202;72m██[38;2;251;202;71m██[38;2;250;202;71m  [38;2;191;154;85m  
[38;2;0;0;0m                    [38;2;187;156;68m  [38;2;250;202;72m██[38;2;251;202;72m██[38;2;213;174;57m██[38;2;163;126;32m██[38;2;103;73;4m██[38;2;91;63;0m██[38;2;169;132;38m██[38;2;251;202;72m████████████████████[38;2;188;156;69m  [38;2;0;0;0m  
[38;2;0;0;0m                    [38;2;64;32;32m  [38;2;250;208;91m  [38;2;251;202;72m██████████[38;2;250;201;72m██[38;2;251;202;72m██████████████████[38;2;253;212;101m  [38;2;64;32;32m  [38;2;0;0;0m  
[38;2;0;0;0m                      [38;2;64;64;32m  [38;2;189;157;65m  [38;2;251;201;72m  [38;2;251;202;72m██████████████████████  [38;2;189;157;66m  [38;2;64;32;32m  [38;2;0;0;0m    
[38;2;0;0;0m                          [38;2;126;117;49m  [38;2;253;208;75m  [38;2;250;201;72m  [38;2;251;202;72m██[38;2;250;202;72m██[38;2;251;202;72m██[38;2;250;202;72m████[38;2;251;202;72m██[38;2;251;201;71m██[38;2;250;201;71m  [38;2;253;207;75m  [38;2;128;118;50m  [38;2;0;0;0m        [0m
