
[38;2;157;156;169m  [38;2;48;50;81m  [38;2;243;245;252m██[38;2;245;247;253m██[38;2;32;34;68m  [38;2;153;152;160m  [38;2;142;127;166m  [38;2;122;106;148m  [38;2;144;138;155m  [38;2;76;61;102m  [38;2;140;126;165m██[38;2;235;230;242m██[38;2;251;247;254m██[38;2;248;244;253m██[38;2;247;243;252m████[38;2;248;244;253m██[38;2;250;246;253m██[38;2;239;237;241m██[38;2;239;234;245m██[38;2;173;162;190m██[38;2;71;51;104m  [38;2;151;140;169m  [38;2;147;135;165m  [38;2;191;186;199m  [38;2;148;148;163m  [38;2;37;40;76m  [38;2;243;245;250m██[38;2;223;224;231m██[38;2;104;104;109m  
[38;2;196;194;204m  [38;2;64;65;100m  [38;2;248;250;253m██[38;2;243;245;251m██[38;2;180;183;199m██[38;2;152;151;159m  [38;2;147;131;172m  [38;2;98;77;133m  [38;2;139;129;156m██[38;2;247;243;252m████[38;2;211;208;215m██[38;2;23;23;24m██[38;2;58;57;60m██[38;2;193;191;196m██[38;2;223;221;225m██[38;2;179;177;183m██[38;2;16;15;15m██[38;2;17;17;16m██[38;2;85;83;87m██[38;2;242;237;250m██[38;2;249;246;253m██[38;2;164;155;179m██[38;2;83;64;114m  [38;2;191;186;201m  [38;2;177;176;192m  [38;2;120;123;150m██[38;2;244;246;251m████[38;2;45;46;67m  
[38;2;181;180;191m  [38;2;38;41;79m  [38;2;230;234;249m██[38;2;243;245;251m██[38;2;243;245;252m██[38;2;41;41;81m  [38;2;84;61;125m  [38;2;230;223;238m██[38;2;240;235;249m██[38;2;223;214;242m██[38;2;140;133;156m██[38;2;41;39;45m██[38;2;22;22;21m████[38;2;15;14;14m██[38;2;28;27;28m██[38;2;15;16;15m██[38;2;25;25;25m██[38;2;22;22;21m██[38;2;18;18;18m██[38;2;103;98;115m██[38;2;183;172;207m██[38;2;211;198;238m██[38;2;210;200;234m██[38;2;54;41;90m  [38;2;39;40;88m  [38;2;242;245;251m██[38;2;244;246;251m████[38;2;124;129;153m██
[38;2;94;95;115m  [38;2;187;192;215m██[38;2;216;223;244m██[38;2;242;244;251m██[38;2;242;245;251m██[38;2;222;224;238m██[38;2;99;99;171m██[38;2;189;178;227m██[38;2;128;116;152m██[38;2;107;89;140m██[38;2;222;217;230m██[38;2;211;209;213m██[38;2;60;60;60m██[38;2;156;155;157m██[38;2;250;248;252m██[38;2;253;250;255m██[38;2;208;206;212m██[38;2;108;107;111m██[38;2;89;87;90m██[38;2;193;190;197m██[38;2;249;245;253m██[38;2;217;210;228m██[38;2;111;96;144m██[38;2;91;87;159m██[38;2;99;99;160m██[38;2;229;232;244m██[38;2;243;245;251m████[38;2;240;242;250m██[38;2;224;232;249m██
[38;2;40;42;77m  [38;2;217;222;244m██[38;2;217;224;244m██[38;2;224;230;246m██[38;2;242;244;251m██[38;2;240;242;250m██[38;2;226;229;244m██[38;2;130;115;163m██[38;2;245;241;249m██[38;2;251;249;253m██[38;2;251;249;254m██[38;2;252;251;254m██[38;2;253;252;254m██████████[38;2;252;251;254m████[38;2;252;250;254m██[38;2;250;249;254m██[38;2;249;247;253m██[38;2;249;246;253m██[38;2;202;191;218m██[38;2;157;156;187m██[38;2;241;243;251m██[38;2;242;244;251m██[38;2;243;245;251m██[38;2;218;226;244m██[38;2;222;228;246m██
[38;2;128;131;166m██[38;2;221;226;245m██[38;2;219;226;245m██[38;2;216;224;244m██[38;2;225;231;247m██[38;2;235;239;249m██[38;2;173;160;200m██[38;2;248;244;253m██[38;2;250;248;253m██[38;2;253;251;254m██[38;2;253;252;254m██[38;2;253;253;254m████[38;2;253;252;254m████████[38;2;252;251;254m████[38;2;252;250;254m████[38;2;251;250;254m██[38;2;251;249;253m██[38;2;249;246;253m██[38;2;217;208;231m██[38;2;201;198;224m██[38;2;229;233;248m██[38;2;216;223;244m██[38;2;221;227;245m██[38;2;224;229;246m██
[38;2;161;164;197m██[38;2;225;230;246m██[38;2;223;228;246m██[38;2;216;224;244m██[38;2;217;224;244m██[38;2;170;154;199m██[38;2;249;245;253m██[38;2;251;249;253m██[38;2;253;251;254m██[38;2;253;252;254m██[38;2;253;253;254m████████[38;2;253;252;254m██████[38;2;252;251;254m████[38;2;252;250;254m██████[38;2;251;249;254m██[38;2;250;248;253m██[38;2;245;243;252m██[38;2;184;167;216m██[38;2;218;222;241m██[38;2;219;225;245m██[38;2;224;229;246m██[38;2;227;232;247m██
[38;2;143;146;182m██[38;2;227;231;246m████[38;2;218;224;244m██[38;2;185;182;216m██[38;2;243;238;249m██[38;2;250;247;253m██[38;2;252;251;254m██[38;2;253;252;254m████[38;2;253;253;254m██████[38;2;253;252;254m██[38;2;253;251;254m██[38;2;252;251;254m██[38;2;253;252;254m████[38;2;253;251;254m██[38;2;252;251;254m████[38;2;252;250;254m██[38;2;251;249;253m██[38;2;250;248;253m██[38;2;242;240;251m██[38;2;242;239;251m██[38;2;165;144;210m██[38;2;225;228;246m██[38;2;226;230;246m██[38;2;228;233;248m██
[38;2;43;47;96m  [38;2;228;232;248m██[38;2;226;230;246m██[38;2;221;227;246m██[38;2;186;172;209m██[38;2;246;242;252m██[38;2;249;246;253m██[38;2;252;251;254m████[38;2;253;252;254m██████████████████████[38;2;252;251;254m██[38;2;251;249;253m██[38;2;250;248;253m████[38;2;241;238;251m██[38;2;239;235;249m██[38;2;178;156;216m██[38;2;220;222;244m██[38;2;224;227;246m██[38;2;179;182;205m██
[38;2;144;144;160m  [38;2;104;108;151m██[38;2;224;229;246m██[38;2;189;187;220m██[38;2;243;239;251m██[38;2;244;239;251m██[38;2;245;241;251m██[38;2;250;248;253m██[38;2;252;250;254m██[38;2;253;251;254m██[38;2;253;252;254m████████████████████[38;2;252;251;254m██[38;2;250;248;253m████[38;2;249;247;253m██[38;2;233;227;246m██[38;2;237;232;248m██[38;2;221;212;239m██[38;2;191;190;221m██[38;2;215;216;241m██[38;2;43;45;77m  
[38;2;173;173;185m  [38;2;130;131;154m  [38;2;67;72;141m██[38;2;138;120;179m██[38;2;242;237;250m██[38;2;241;237;250m██[38;2;244;239;251m██[38;2;247;244;252m██[38;2;249;246;253m██[38;2;252;250;253m██[38;2;250;248;253m██[38;2;252;251;254m████[38;2;253;251;254m██[38;2;253;252;254m████████[38;2;252;251;254m██[38;2;250;248;253m██[38;2;250;247;253m████[38;2;249;247;253m██[38;2;246;242;251m██[38;2;200;184;229m██[38;2;236;230;247m██[38;2;233;226;246m██[38;2;121;106;166m██[38;2;36;37;96m  [38;2;180;179;187m  
[38;2;87;89;124m  [38;2;38;42;94m  [38;2;219;225;248m██[38;2;168;150;204m██[38;2;240;235;249m██[38;2;230;221;245m██[38;2;244;239;250m██[38;2;246;243;252m██[38;2;248;245;252m██[38;2;237;232;248m██[38;2;251;249;253m██[38;2;250;248;253m██[38;2;252;250;254m██[38;2;252;251;254m██[38;2;253;251;254m██[38;2;251;250;254m██[38;2;252;249;254m██[38;2;250;247;253m██[38;2;249;246;253m██[38;2;249;247;253m██[38;2;247;244;251m██[38;2;249;246;253m██[38;2;247;244;252m██[38;2;246;242;251m██[38;2;205;189;232m██[38;2;235;228;247m██[38;2;233;226;247m██[38;2;134;107;183m██[38;2;95;97;132m  [38;2;147;146;162m  
[38;2;58;61;104m  [38;2;42;45;96m  [38;2;212;216;242m██[38;2;192;176;223m██[38;2;237;230;248m██[38;2;210;195;235m██[38;2;242;238;250m██[38;2;235;228;245m██[38;2;248;245;252m██[38;2;210;195;234m██[38;2;248;245;252m████[38;2;245;241;250m██[38;2;248;245;253m██[38;2;249;246;253m██[38;2;248;245;252m██[38;2;248;244;252m██[38;2;248;245;252m████[38;2;249;246;253m██[38;2;232;224;243m██[38;2;247;243;252m██[38;2;243;238;251m██[38;2;246;242;252m██[38;2;227;217;242m██[38;2;229;221;245m████[38;2;131;100;188m██[38;2;174;179;205m██[38;2;176;175;185m  
[38;2;102;103;135m  [38;2;34;38;90m  [38;2;199;198;233m██[38;2;214;203;238m██[38;2;232;224;246m██[38;2;212;199;236m██[38;2;241;236;250m██[38;2;221;211;238m██[38;2;247;244;252m██[38;2;194;175;226m██[38;2;246;242;251m██[38;2;247;243;251m██[38;2;220;210;238m██[38;2;246;243;251m██[38;2;246;242;251m██[38;2;245;241;250m██[38;2;245;242;251m██[38;2;247;243;251m██[38;2;246;242;251m████[38;2;209;196;230m██[38;2;247;243;252m██[38;2;233;224;246m██[38;2;245;241;252m██[38;2;235;229;247m██[38;2;212;199;236m██[38;2;226;218;244m██[38;2;141;110;197m██[38;2;213;219;242m██[38;2;41;42;72m  
[38;2;87;89;114m  [38;2;53;57;99m  [38;2;186;181;226m██[38;2;217;206;240m██[38;2;225;216;243m██[38;2;213;200;235m██[38;2;241;235;249m██[38;2;206;193;229m██[38;2;246;242;251m██[38;2;200;182;227m██[38;2;244;240;250m██[38;2;244;239;249m██[38;2;201;185;224m██[38;2;244;238;248m████[38;2;241;234;247m██[38;2;241;235;247m██[38;2;243;238;248m██[38;2;244;238;249m██[38;2;244;240;250m██[38;2;195;180;219m██[38;2;246;242;252m██[38;2;234;227;246m██[38;2;239;233;248m██[38;2;226;218;244m██[38;2;196;177;229m██[38;2;224;214;243m██[38;2;149;120;205m██[38;2;217;223;245m██[38;2;121;126;155m██
[38;2;159;165;187m██[38;2;196;202;223m██[38;2;182;172;224m██[38;2;222;206;241m██[38;2;223;201;239m██[38;2;217;206;238m██[38;2;236;230;248m██[38;2;190;175;218m██[38;2;236;230;247m██[38;2;210;196;232m██[38;2;244;239;249m██[38;2;246;242;250m██[38;2;163;141;198m██[38;2;151;126;190m██[38;2;242;236;246m██[38;2;239;232;245m██[38;2;237;230;245m██[38;2;182;162;212m██[38;2;211;201;225m██[38;2;243;238;249m██[38;2;176;160;201m██[38;2;239;231;244m██[38;2;229;219;239m██[38;2;226;217;241m██[38;2;226;218;244m██[38;2;186;158;221m██[38;2;229;207;242m██[38;2;150;120;204m██[38;2;217;224;245m██[38;2;215;222;243m██
[38;2;141;146;182m██[38;2;214;220;243m██[38;2;190;186;226m██[38;2;226;201;239m██[38;2;223;190;235m██[38;2;215;202;237m██[38;2;230;221;242m██[38;2;201;182;219m██[38;2;217;205;225m██[38;2;170;152;191m██[38;2;128;102;167m██[38;2;111;78;163m██[38;2;140;111;185m██[38;2;240;233;244m██[38;2;241;234;246m██[38;2;238;231;244m██[38;2;232;222;240m██[38;2;239;232;243m██[38;2;178;158;200m██[38;2;102;71;149m██[38;2;101;73;144m██[38;2;157;138;181m██[38;2;196;183;211m██[38;2;212;200;229m██[38;2;216;206;239m██[38;2;178;139;213m██[38;2;239;202;241m██[38;2;145;111;194m██[38;2;216;223;245m██[38;2;204;210;235m██
[38;2;63;64;98m  [38;2;122;126;197m██[38;2;194;190;232m██[38;2;205;172;217m██[38;2;223;182;232m██[38;2;215;198;236m██[38;2;229;218;239m██[38;2;210;193;223m██[38;2;228;215;231m██[38;2;225;211;228m██[38;2;240;228;238m██[38;2;239;227;235m██[38;2;204;182;214m██[38;2;235;222;234m████[38;2;234;220;233m██[38;2;227;212;229m██[38;2;235;223;234m████[38;2;235;222;234m██[38;2;169;140;188m██[38;2;237;225;237m██[38;2;221;208;228m██[38;2;214;201;230m██[38;2;212;200;238m██[38;2;181;142;200m██[38;2;242;201;241m██[38;2;130;88;177m██[38;2;211;216;242m██[38;2;45;45;88m██
[38;2;78;71;95m  [38;2;209;199;236m██[38;2;129;119;200m██[38;2;174;139;190m██[38;2;222;181;228m██[38;2;206;171;222m██[38;2;219;208;238m██[38;2;213;198;226m██[38;2;233;220;232m██[38;2;222;202;216m██[38;2;235;218;225m██[38;2;238;219;223m██[38;2;198;169;201m██[38;2;235;216;220m██[38;2;235;215;220m██[38;2;234;215;220m██[38;2;228;207;220m██[38;2;235;218;226m██[38;2;235;218;225m██[38;2;234;218;226m██[38;2;187;155;193m██[38;2;232;218;230m██[38;2;207;188;217m██[38;2;206;188;220m██[38;2;156;129;198m██[38;2;209;171;210m██[38;2;245;202;242m██[38;2;108;66;157m██[38;2;96;81;177m██[38;2;219;210;238m██
[38;2;97;86;117m██[38;2;235;229;248m██[38;2;220;210;242m██[38;2;134;83;156m██[38;2;243;201;241m██[38;2;206;155;192m██[38;2;195;159;175m██[38;2;233;196;182m██[38;2;241;208;192m██[38;2;238;205;190m██[38;2;224;180;170m██[38;2;239;212;204m██[38;2;241;218;211m██[38;2;239;216;208m██[38;2;237;215;206m██[38;2;242;218;209m██[38;2;240;218;210m██[38;2;241;219;209m██[38;2;246;226;213m██[38;2;248;229;215m██[38;2;232;196;182m██[38;2;239;205;189m██[38;2;240;206;189m██[38;2;231;188;172m██[38;2;184;120;114m██[38;2;246;201;242m██[38;2;245;202;242m██[38;2;139;86;173m██[38;2;210;198;238m██[38;2;242;237;250m██
[38;2;220;214;227m██[38;2;227;219;244m██[38;2;224;214;243m██[38;2;151;98;183m██[38;2;244;203;244m██[38;2;215;155;195m██[38;2;241;217;203m██[38;2;188;141;130m██[38;2;175;143;136m██[38;2;228;201;189m██[38;2;245;212;195m██[38;2;229;188;175m██[38;2;249;232;219m██[38;2;252;236;222m██[38;2;252;236;223m██[38;2;252;235;222m██[38;2;252;236;222m██[38;2;251;235;222m██[38;2;239;213;201m██[38;2;220;177;164m██[38;2;243;209;193m██[38;2;236;208;194m██[38;2;168;136;127m██[38;2;220;178;163m██[38;2;186;116;115m██[38;2;247;195;243m██[38;2;237;190;236m██[38;2;181;156;209m██[38;2;210;199;238m██[38;2;244;239;251m██
[38;2;249;245;253m██[38;2;197;183;229m██[38;2;225;217;243m██[38;2;198;174;226m██[38;2;217;161;225m██[38;2;224;147;206m██[38;2;240;216;202m██[38;2;98;92;89m██[38;2;43;88;124m██[38;2;46;94;139m██[38;2;60;79;108m██[38;2;115;70;74m██[38;2;247;232;216m██[38;2;253;239;223m████[38;2;252;239;223m██████[38;2;195;158;149m██[38;2;80;44;44m██[38;2;64;98;125m██[38;2;69;115;148m██[38;2;72;87;105m██[38;2;164;143;138m██[38;2;172;84;95m██[38;2;245;184;244m██[38;2;173;110;189m██[38;2;217;207;239m██[38;2;188;172;227m██[38;2;231;224;246m██
[38;2;245;241;251m██[38;2;147;127;187m██[38;2;227;219;244m██[38;2;216;207;241m██[38;2;154;66;175m██[38;2;232;148;222m██[38;2;233;202;188m██[38;2;180;231;229m██[38;2;167;239;239m██[38;2;158;229;233m██[38;2;124;196;211m██[38;2;127;137;140m██[38;2;243;225;210m██[38;2;253;239;223m████████[38;2;252;240;224m██[38;2;145;138;135m██[38;2;104;155;178m██[38;2;125;194;213m██[38;2;147;224;231m██[38;2;160;233;233m██[38;2;237;217;203m██[38;2;175;85;116m██[38;2;240;171;244m██[38;2;136;64;158m██[38;2;222;213;243m██[38;2;187;176;219m██[38;2;194;178;231m██
[38;2;245;239;251m██[38;2;121;95;172m██[38;2;224;215;243m██[38;2;214;202;238m██[38;2;135;98;163m██[38;2;237;157;243m██[38;2;178;105;105m██[38;2;200;216;212m██[38;2;133;206;228m██[38;2;133;210;230m██[38;2;138;222;235m██[38;2;219;236;228m██[38;2;251;239;223m██[38;2;253;239;223m████████[38;2;250;239;223m██[38;2;193;238;233m██[38;2;164;238;238m██[38;2;154;231;237m██[38;2;141;219;232m██[38;2;143;206;225m██[38;2;162;169;177m██[38;2;228;146;229m██[38;2;229;157;239m██[38;2;175;137;206m██[38;2;223;214;242m██[38;2;177;167;207m██[38;2;187;171;229m██
[38;2;242;236;250m██[38;2;86;71;135m██[38;2;199;184;233m██[38;2;198;184;233m██[38;2;178;160;223m██[38;2;167;89;184m██[38;2;216;125;198m██[38;2;194;165;157m██[38;2;150;221;233m██[38;2;142;218;233m██[38;2;137;213;231m██[38;2;185;223;227m██[38;2;248;237;221m██[38;2;252;238;222m██[38;2;253;239;223m██[38;2;252;239;223m██[38;2;252;238;223m██[38;2;251;237;221m██[38;2;249;236;221m██[38;2;136;208;230m██[38;2;137;214;232m██[38;2;146;217;231m██[38;2;135;196;213m██[38;2;133;105;143m██[38;2;237;153;244m██[38;2;171;89;197m██[38;2;183;167;228m██[38;2;194;179;231m██[38;2;149;140;185m██[38;2;188;172;228m██
[38;2;118;110;149m██[38;2;102;92;145m██[38;2;177;160;221m██[38;2;183;165;227m██[38;2;181;162;226m██[38;2;126;60;152m██[38;2;238;155;246m██[38;2;216;136;218m██[38;2;88;112;170m██[38;2;88;144;186m██[38;2;122;192;215m██[38;2;152;202;211m██[38;2;243;224;208m██[38;2;248;224;209m██[38;2;250;234;219m██[38;2;252;236;221m██[38;2;250;231;216m██[38;2;244;218;203m██[38;2;228;209;196m██[38;2;130;194;216m██[38;2;117;176;206m██[38;2;79;130;173m██[38;2;162;124;202m██[38;2;220;148;243m██[38;2;229;152;241m██[38;2;148;106;190m██[38;2;181;163;226m██[38;2;186;168;228m██[38;2;59;53;113m██[38;2;31;27;42m██[0m
