
[38;2;20;10;9m  [38;2;99;69;73m  [38;2;90;27;27m  [38;2;175;126;90m  [38;2;217;183;129m██[38;2;89;48;37m  [38;2;133;102;88m  [38;2;0;0;0m    [38;2;5;2;2m  [38;2;112;65;55m  [38;2;97;49;42m  [38;2;152;133;126m██[38;2;194;164;162m██[38;2;223;208;201m██[38;2;243;234;228m██[38;2;241;228;225m██[38;2;181;156;153m██[38;2;128;91;87m  [38;2;71;41;37m  [38;2;45;15;11m  [38;2;0;0;0m                  
[38;2;80;38;32m  [38;2;56;17;17m  [38;2;92;33;18m  [38;2;176;139;93m██[38;2;119;63;47m  [38;2;33;13;12m  [38;2;0;0;0m  [38;2;44;25;23m  [38;2;72;11;3m  [38;2;105;62;59m  [38;2;200;187;192m██[38;2;192;184;188m██[38;2;183;172;175m██[38;2;181;169;172m██[38;2;184;171;176m██[38;2;192;182;185m██[38;2;213;205;207m██[38;2;238;235;236m██[38;2;245;248;247m██[38;2;251;249;249m██[38;2;203;186;181m██[38;2;73;47;43m  [38;2;42;26;25m  [38;2;0;0;0m              
[38;2;0;0;0m    [38;2;85;23;19m  [38;2;151;98;76m  [38;2;112;53;31m  [38;2;98;30;19m  [38;2;130;80;68m██[38;2;88;49;47m██[38;2;227;222;224m██[38;2;181;165;169m██[38;2;152;127;113m██[38;2;189;176;181m██[38;2;186;174;176m██[38;2;186;175;176m██[38;2;186;174;176m██[38;2;188;175;176m██[38;2;188;177;178m██[38;2;177;167;168m██[38;2;197;187;189m██[38;2;245;248;247m██[38;2;246;247;248m██[38;2;66;18;15m██[38;2;200;187;186m██[38;2;86;19;14m  [38;2;111;54;46m  [38;2;108;50;36m  [38;2;68;27;22m  [38;2;36;0;0m  [38;2;0;0;0m    
[38;2;56;31;28m  [38;2;56;28;25m  [38;2;52;4;4m  [38;2;0;0;0m  [38;2;45;26;22m  [38;2;68;23;17m  [38;2;197;176;178m██[38;2;159;129;133m██[38;2;59;19;18m██[38;2;165;140;140m██[38;2;194;182;190m██[38;2;185;174;176m██[38;2;186;174;176m████[38;2;187;174;176m██[38;2;186;174;176m██[38;2;187;174;176m██[38;2;186;174;176m██[38;2;188;175;176m██[38;2;180;166;168m██[38;2;228;222;222m██[38;2;246;239;238m██[38;2;87;46;42m██[38;2;252;251;250m██[38;2;226;213;211m██[38;2;191;163;158m██[38;2;243;229;223m██[38;2;27;2;2m  [38;2;0;0;0m    
[38;2;106;67;62m  [38;2;39;22;22m  [38;2;0;0;0m    [38;2;26;8;7m  [38;2;169;137;139m  [38;2;28;14;14m██[38;2;197;179;176m██[38;2;191;181;188m██[38;2;186;173;179m██[38;2;197;190;188m██[38;2;189;173;176m██[38;2;186;174;176m████[38;2;184;172;174m██[38;2;185;173;175m██[38;2;186;175;176m██[38;2;188;176;179m██[38;2;191;179;183m██[38;2;183;173;175m██[38;2;186;172;175m██[38;2;193;179;189m██[38;2;115;51;48m██[38;2;72;12;7m██[38;2;209;191;186m██[38;2;245;254;253m██[38;2;87;42;38m██[38;2;53;1;1m  [38;2;0;0;0m    
[38;2;0;0;0m      [38;2;86;44;36m  [38;2;78;44;40m  [38;2;178;154;157m██[38;2;194;186;189m██[38;2;184;173;173m██[38;2;213;202;203m██[38;2;129;105;104m██[38;2;155;121;124m██[38;2;163;141;142m██[38;2;186;175;177m██[38;2;186;173;177m██[38;2;201;186;190m██[38;2;201;186;189m██[38;2;187;171;174m██[38;2;205;189;193m██[38;2;149;126;123m██[38;2;216;206;208m██[38;2;186;173;172m██[38;2;183;174;180m██[38;2;126;73;67m██[38;2;43;75;86m██[38;2;69;38;42m██[38;2;103;40;38m██[38;2;226;213;213m██[38;2;141;116;115m  [38;2;131;80;75m  [38;2;51;18;13m  
[38;2;1;1;1m  [38;2;133;105;105m  [38;2;100;53;42m  [38;2;150;109;99m██[38;2;199;184;194m██[38;2;183;168;173m██[38;2;210;202;204m██[38;2;140;114;116m██[38;2;93;57;55m██[38;2;201;189;195m██[38;2;212;204;206m██[38;2;115;78;73m██[38;2;182;175;179m██[38;2;186;173;176m██[38;2;199;184;187m██[38;2;200;185;188m██[38;2;187;175;176m██[38;2;187;175;177m██[38;2;201;181;180m██[38;2;45;2;2m██[38;2;197;174;179m██[38;2;185;166;171m██[38;2;116;69;60m██[38;2;33;53;65m██[38;2;48;64;82m██[38;2;47;44;42m██[38;2;253;249;249m██[38;2;236;243;240m██[38;2;248;249;247m██[38;2;251;255;251m██
[38;2;154;124;118m  [38;2;200;184;185m  [38;2;94;71;71m██[38;2;219;212;212m██[38;2;197;188;192m██[38;2;159;134;132m██[38;2;91;62;63m██[38;2;190;174;178m██[38;2;208;202;204m██[38;2;180;161;165m██[38;2;190;172;173m██[38;2;63;19;16m██[38;2;210;196;197m██[38;2;184;174;176m██[38;2;187;171;175m██[38;2;200;185;188m██[38;2;187;175;177m██[38;2;186;174;176m██[38;2;197;187;191m██[38;2;68;32;31m██[38;2;103;86;84m██[38;2;143;135;128m██[38;2;108;78;78m██[38;2;53;17;20m██[38;2;45;64;79m██[38;2;55;30;37m██[38;2;251;250;250m██[38;2;238;240;237m██[38;2;240;238;242m██[38;2;249;250;252m██
[38;2;225;210;206m██[38;2;41;20;17m██[38;2;189;153;149m██[38;2;183;165;173m██[38;2;52;22;14m██[38;2;201;180;185m██[38;2;196;181;184m██[38;2;200;185;186m██[38;2;80;32;32m██[38;2;191;171;170m██[38;2;175;147;147m██[38;2;182;151;144m██[38;2;49;18;19m██[38;2;204;194;195m██[38;2;184;176;176m██[38;2;185;174;172m██[38;2;186;174;176m████[38;2;190;184;183m██[38;2;100;49;46m██[38;2;227;214;205m██[38;2;186;141;125m██[38;2;115;91;93m██[38;2;216;211;211m██[38;2;69;17;16m██[38;2;69;50;60m██[38;2;227;205;202m██[38;2;235;236;239m██[38;2;229;218;213m██[38;2;59;23;18m  
[38;2;152;131;128m██[38;2;218;207;205m██[38;2;88;58;57m██[38;2;160;143;142m██[38;2;206;192;197m██[38;2;191;183;186m██[38;2;126;93;91m██[38;2;170;145;146m██[38;2;193;187;188m██[38;2;150;124;123m██[38;2;125;88;90m██[38;2;209;184;174m██[38;2;138;97;90m██[38;2;118;91;88m██[38;2;192;180;185m██[38;2;187;174;176m██[38;2;186;174;176m██[38;2;186;174;177m██[38;2;191;177;179m██[38;2;135;112;107m██[38;2;150;116;111m██[38;2;160;130;125m██[38;2;145;118;109m██[38;2;113;85;81m██[38;2;211;207;212m██[38;2;129;70;73m██[38;2;149;102;101m██[38;2;251;253;249m██[38;2;84;48;48m  [38;2;7;5;5m  
[38;2;70;22;23m██[38;2;181;160;166m██[38;2;189;183;181m██[38;2;197;182;191m██[38;2;171;148;142m██[38;2;124;92;91m██[38;2;210;199;202m██[38;2;188;172;178m██[38;2;187;173;175m██[38;2;155;127;124m██[38;2;71;20;20m██[38;2;218;200;193m██[38;2;223;201;195m██[38;2;150;126;120m██[38;2;144;125;125m██[38;2;190;181;185m██[38;2;188;172;174m██[38;2;192;179;179m██[38;2;174;153;157m██[38;2;192;177;178m██[38;2;152;116;108m██[38;2;196;178;170m██[38;2;208;184;175m██[38;2;122;90;84m██[38;2;134;109;108m██[38;2;196;187;192m██[38;2;89;32;29m██[38;2;245;245;246m██[38;2;216;202;201m  [38;2;131;88;81m  
[38;2;190;170;173m██[38;2;198;192;191m██[38;2;191;171;172m██[38;2;100;61;62m██[38;2;159;130;127m██[38;2;193;178;185m██[38;2;185;180;177m██[38;2;179;157;157m██[38;2;185;172;170m██[38;2;144;111;108m██[38;2;111;69;62m██[38;2;205;188;179m██[38;2;200;179;168m██[38;2;204;180;174m██[38;2;150;109;100m██[38;2;83;57;54m██[38;2;204;191;190m██[38;2;196;186;191m██[38;2;82;50;49m██[38;2;108;62;62m██[38;2;80;32;23m██[38;2;208;185;178m██[38;2;200;180;174m██[38;2;226;204;194m██[38;2;90;60;56m██[38;2;195;173;176m██[38;2;247;247;249m██[38;2;241;238;237m██[38;2;244;245;249m██[38;2;83;42;42m  
[38;2;120;69;58m  [38;2;83;31;20m██[38;2;101;73;66m██[38;2;206;203;204m██[38;2;90;47;41m██[38;2;225;220;224m██[38;2;77;51;51m██[38;2;175;155;160m██[38;2;183;172;170m██[38;2;129;102;102m██[38;2;190;164;155m██[38;2;198;171;167m██[38;2;197;171;165m██[38;2;203;178;170m██[38;2;217;189;185m██[38;2;198;171;159m██[38;2;55;18;15m██[38;2;101;68;68m██[38;2;211;189;192m██[38;2;89;53;47m██[38;2;165;132;122m██[38;2;180;174;171m██[38;2;82;78;84m██[38;2;45;50;59m██[38;2;32;41;52m██[38;2;37;18;18m██[38;2;218;206;206m██[38;2;241;242;241m██[38;2;238;239;239m██[38;2;179;159;156m  
[38;2;62;29;23m  [38;2;47;25;24m  [38;2;213;201;213m██[38;2;205;193;194m██[38;2;129;93;89m██[38;2;95;62;61m██[38;2;206;196;197m██[38;2;188;173;174m██[38;2;200;192;201m██[38;2;62;20;18m██[38;2;232;212;204m██[38;2;191;175;168m██[38;2;129;121;122m██[38;2;68;69;77m██[38;2;46;60;64m██[38;2;75;67;73m██[38;2;225;206;194m██[38;2;193;165;157m██[38;2;141;108;102m██[38;2;150;118;109m██[38;2;221;196;193m██[38;2;8;8;12m██[38;2;87;90;97m██[38;2;44;54;67m██[38;2;71;71;79m██[38;2;146;131;130m██[38;2;175;164;169m██[38;2;244;243;244m██[38;2;239;238;238m██[38;2;250;250;249m██
[38;2;56;9;0m  [38;2;173;152;148m██[38;2;206;193;195m██[38;2;91;55;55m██[38;2;171;147;146m██[38;2;193;185;186m██[38;2;185;174;176m██[38;2;189;174;176m██[38;2;210;194;193m██[38;2;93;41;35m██[38;2;65;64;69m██[38;2;120;119;126m██[38;2;20;30;43m██[38;2;38;46;57m██[38;2;16;20;33m██[38;2;181;180;182m██[38;2;160;144;140m██[38;2;195;174;168m██[38;2;201;178;170m██[38;2;201;178;168m██[38;2;215;189;179m██[38;2;49;48;49m██[38;2;69;70;82m██[38;2;19;31;45m██[38;2;53;53;61m██[38;2;81;66;70m██[38;2;110;70;68m██[38;2;236;232;236m██[38;2;238;240;237m██[38;2;250;251;252m██
[38;2;97;41;38m  [38;2;201;181;178m██[38;2;90;65;66m██[38;2;136;103;97m██[38;2;220;203;207m██[38;2;145;120;120m██[38;2;191;176;177m██[38;2;186;174;176m██[38;2;181;170;178m██[38;2;129;86;84m██[38;2;44;46;55m██[38;2;170;163;168m██[38;2;26;32;45m██[38;2;26;36;52m██[38;2;20;33;43m██[38;2;47;43;44m██[38;2;215;191;182m██[38;2;199;178;169m██[38;2;200;177;169m████[38;2;196;177;169m██[38;2;223;193;182m██[38;2;222;191;182m██[38;2;222;163;150m██[38;2;211;157;146m██[38;2;205;159;152m██[38;2;67;20;17m██[38;2;209;202;207m██[38;2;242;242;242m██[38;2;241;242;245m██
[38;2;72;24;20m██[38;2;208;190;199m██[38;2;209;201;199m██[38;2;75;29;27m██[38;2;131;98;96m██[38;2;196;187;189m██[38;2;187;172;178m██[38;2;187;174;176m██[38;2;186;169;173m██[38;2;124;96;97m██[38;2;226;173;157m██[38;2;170;132;128m██[38;2;179;140;133m██[38;2;197;152;143m██[38;2;207;154;144m██[38;2;210;187;179m██[38;2;199;177;169m██[38;2;200;177;168m██[38;2;201;180;171m██[38;2;204;182;173m██[38;2;199;181;170m██[38;2;201;177;173m██[38;2;199;181;172m██[38;2;192;141;132m██[38;2;194;148;135m██[38;2;195;147;133m██[38;2;157;106;99m██[38;2;75;30;26m██[38;2;249;250;250m██[38;2;234;239;235m██
[38;2;132;93;90m██[38;2;159;142;135m██[38;2;52;35;35m██[38;2;108;58;50m██[38;2;200;188;195m██[38;2;185;174;176m██[38;2;186;174;176m████[38;2;185;170;173m██[38;2;131;103;104m██[38;2;201;154;140m██[38;2;192;145;133m██[38;2;195;147;134m████[38;2;196;143;133m██[38;2;202;179;170m██[38;2;200;177;169m██[38;2;205;184;176m██[38;2;137;109;96m██[38;2;84;38;28m██[38;2;144;103;96m██[38;2;200;179;169m██[38;2;199;177;171m██[38;2;202;184;173m██[38;2;192;150;143m██[38;2;200;153;146m██[38;2;200;176;166m██[38;2;63;10;9m██[38;2;242;246;247m██[38;2;238;237;237m██
[38;2;86;22;14m██[38;2;164;143;146m██[38;2;208;198;204m██[38;2;100;72;69m██[38;2;193;181;185m██[38;2;186;174;176m██[38;2;187;173;174m██[38;2;197;190;194m██[38;2;155;132;134m██[38;2;157;133;134m██[38;2;184;139;131m██[38;2;191;144;131m██[38;2;195;148;136m██[38;2;194;148;135m██[38;2;196;147;141m██[38;2;199;181;171m██[38;2;200;177;169m██[38;2;201;178;170m██[38;2;211;193;183m██[38;2;153;126;118m██[38;2;213;190;184m██[38;2;201;176;170m██[38;2;199;178;168m██[38;2;201;177;171m██[38;2;181;163;154m██[38;2;73;67;66m██[38;2;27;16;15m██[38;2;157;136;135m██[38;2;222;214;214m██[38;2;239;239;239m██
[38;2;165;134;121m██[38;2;184;171;175m██[38;2;202;189;192m██[38;2;109;77;80m██[38;2;189;178;178m██[38;2;192;174;182m██[38;2;207;194;192m██[38;2;85;51;51m██[38;2;198;185;187m██[38;2;184;163;164m██[38;2;146;112;101m██[38;2;202;171;164m██[38;2;197;159;152m██[38;2;200;165;158m██[38;2;200;179;170m██[38;2;199;178;169m██[38;2;200;177;169m██[38;2;199;176;168m██[38;2;200;176;169m██[38;2;203;180;173m██[38;2;199;176;168m████[38;2;194;171;162m██[38;2;78;71;68m██[38;2;187;187;187m██[38;2;204;204;204m██[38;2;58;52;55m██[38;2;197;188;190m██[38;2;197;187;190m██[38;2;240;242;240m██
[38;2;172;134;122m██[38;2;191;181;181m██[38;2;203;191;194m██[38;2;105;77;78m██[38;2;213;201;204m██[38;2;101;74;70m██[38;2;159;133;133m██[38;2;193;183;185m██[38;2;205;192;196m██[38;2;199;184;185m██[38;2;83;49;40m██[38;2;209;187;182m██[38;2;201;177;170m██[38;2;199;177;167m██[38;2;199;176;166m██[38;2;197;176;169m██[38;2;205;184;175m██[38;2;214;194;188m██[38;2;219;197;191m██[38;2;214;192;183m██[38;2;209;185;177m██[38;2;108;98;95m██[38;2;146;146;146m██[38;2;255;255;255m████[38;2;37;37;37m██[38;2;41;38;40m██[38;2;194;180;178m██[38;2;189;179;180m██[38;2;243;242;241m██
[38;2;139;89;89m██[38;2;221;214;214m██[38;2;208;199;206m██[38;2;80;44;44m██[38;2;85;59;57m██[38;2;222;205;209m██[38;2;175;169;166m██[38;2;208;189;200m██[38;2;43;15;11m██[38;2;179;164;168m██[38;2;49;18;16m██[38;2;222;198;186m██[38;2;224;201;192m██[38;2;219;199;200m██[38;2;218;191;183m██[38;2;176;133;126m██[38;2;116;73;71m██[38;2;83;19;9m██[38;2;54;1;1m██[38;2;40;1;1m██[38;2;88;88;88m██[38;2;255;255;255m██████[38;2;254;254;254m██[38;2;103;114;119m██[38;2;20;0;0m██[38;2;196;181;190m██[38;2;193;181;185m██[38;2;241;242;243m██
[38;2;85;46;48m██[38;2;232;226;226m██[38;2;89;69;67m██[38;2;85;36;30m██[38;2;211;201;208m██[38;2;201;190;192m██[38;2;128;97;98m██[38;2;88;65;63m██[38;2;208;196;205m██[38;2;194;182;181m██[38;2;146;108;108m██[38;2;48;18;18m██[38;2;62;17;17m██[38;2;45;15;18m██[38;2;38;20;29m██[38;2;36;35;44m██[38;2;41;44;53m██[38;2;30;40;51m██[38;2;68;71;73m██[38;2;234;234;234m██[38;2;255;255;255m████████[38;2;138;138;138m██[38;2;147;163;171m██[38;2;70;31;28m██[38;2;191;180;183m██[38;2;185;155;150m██[38;2;241;238;237m██
[38;2;115;68;66m  [38;2;145;113;108m██[38;2;245;243;244m██[38;2;42;10;10m██[38;2;224;203;206m██[38;2;26;6;5m██[38;2;207;182;181m██[38;2;196;191;196m██[38;2;151;141;132m██[38;2;42;26;24m██[38;2;227;220;230m██[38;2;55;12;10m██[38;2;36;48;67m██[38;2;40;43;60m██[38;2;35;41;49m██[38;2;61;81;105m██[38;2;4;5;7m██[38;2;238;238;238m██[38;2;255;255;255m████████████[38;2;71;79;82m██[38;2;21;23;24m██[38;2;191;178;187m██[38;2;194;177;176m██[38;2;82;49;49m██[38;2;247;250;243m██
[38;2;125;105;98m  [38;2;148;126;121m  [38;2;242;246;244m██[38;2;97;55;53m██[38;2;93;53;52m██[38;2;210;198;204m██[38;2;203;184;186m██[38;2;66;35;35m██[38;2;163;134;136m██[38;2;197;190;193m██[38;2;205;195;196m██[38;2;92;44;43m██[38;2;47;41;45m██[38;2;36;44;57m██[38;2;24;28;34m██[38;2;167;167;167m██[38;2;255;255;255m██████████████[38;2;68;68;68m██[38;2;95;105;110m██[38;2;119;60;45m██[38;2;89;31;29m██[38;2;75;30;28m██[38;2;121;73;68m██[38;2;241;242;244m██
[38;2;4;4;4m  [38;2;126;68;58m  [38;2;91;27;24m██[38;2;242;236;234m██[38;2;36;18;15m██[38;2;172;153;142m██[38;2;37;7;7m██[38;2;206;198;195m██[38;2;86;42;45m██[38;2;172;139;140m██[38;2;65;37;33m██[38;2;219;205;211m██[38;2;34;13;13m██[38;2;139;139;140m██[38;2;253;253;253m██[38;2;255;255;255m██████████████[38;2;140;140;140m██[38;2;141;156;164m██[38;2;31;40;53m██[38;2;45;64;73m██[38;2;40;70;83m██[38;2;67;16;20m██[38;2;224;210;206m██[38;2;248;250;248m██
[38;2;115;87;82m  [38;2;54;16;14m  [38;2;193;177;172m  [38;2;145;109;105m  [38;2;136;84;83m██[38;2;76;48;48m██[38;2;188;176;176m██[38;2;203;197;201m██[38;2;96;50;48m██[38;2;84;34;29m██[38;2;82;44;38m██[38;2;21;25;27m██[38;2;229;229;229m██[38;2;255;255;255m████████████████[38;2;129;129;129m██[38;2;115;127;133m██[38;2;20;26;31m██[38;2;41;65;81m██[38;2;63;49;58m██[38;2;92;32;25m██[38;2;208;185;183m██[38;2;229;223;218m██[38;2;117;94;93m  [0m
