
[38;2;41;27;43m██[38;2;33;21;35m██[38;2;29;19;32m██[38;2;33;20;35m██[38;2;33;21;36m██[38;2;41;27;43m██[38;2;38;24;40m██[38;2;33;21;35m██[38;2;29;16;30m██[38;2;40;27;42m██[38;2;40;25;41m██[38;2;38;25;40m██[38;2;38;24;39m██[38;2;38;24;40m██[38;2;37;23;39m██[38;2;27;15;29m██[38;2;35;22;37m██[38;2;38;26;42m██[38;2;38;24;39m██[38;2;38;25;40m██[38;2;38;24;40m██[38;2;38;25;40m████[38;2;40;27;44m██[38;2;40;27;42m██[38;2;34;22;37m██[38;2;34;24;40m██[38;2;36;23;38m██
[38;2;44;28;44m██[38;2;40;28;44m██[38;2;34;22;37m██[38;2;36;23;38m██[38;2;36;22;37m██[38;2;39;26;43m██[38;2;38;26;42m██[38;2;33;21;36m██[38;2;33;19;35m██[38;2;36;23;38m██[38;2;41;25;41m██[38;2;40;27;42m████[38;2;39;26;42m██[38;2;33;19;34m██[38;2;23;13;27m██[38;2;39;27;42m██[38;2;38;27;42m██[38;2;37;23;39m██[38;2;40;26;42m██[38;2;39;26;41m██████[38;2;39;26;43m██[38;2;39;28;44m██[38;2;39;27;43m██[38;2;38;27;43m██[38;2;38;26;41m██
[38;2;38;25;40m██[38;2;37;23;39m██[38;2;37;24;40m██[38;2;38;24;40m██[38;2;38;25;40m████[38;2;39;25;41m██[38;2;30;17;32m██[38;2;38;25;40m██[38;2;47;32;47m██[38;2;44;28;44m██[38;2;41;27;43m██[38;2;40;26;42m████[38;2;30;17;31m██[38;2;24;13;27m██[38;2;41;28;43m██[38;2;41;28;44m██[38;2;37;22;38m██[38;2;41;27;43m██[38;2;39;26;41m██[38;2;40;27;42m██[38;2;40;26;42m██[38;2;37;25;41m██[38;2;40;28;43m██[38;2;41;28;44m██[38;2;42;29;44m██[38;2;41;28;44m██
[38;2;40;25;41m██[38;2;38;25;40m██[38;2;39;27;43m████[38;2;40;26;43m██[38;2;40;26;42m██[38;2;40;27;43m██[38;2;29;16;31m██[38;2;44;28;44m██[38;2;61;39;57m██[38;2;44;29;44m██[38;2;43;29;44m██[38;2;42;29;44m██[38;2;44;29;44m██[38;2;29;16;31m██[38;2;27;15;28m██[38;2;49;28;45m██[38;2;46;29;44m██[38;2;43;27;43m██[38;2;45;29;44m██[38;2;44;29;44m████[38;2;42;28;44m██[38;2;35;21;36m██[38;2;42;28;43m██[38;2;40;26;42m██[38;2;42;27;43m██[38;2;42;29;45m██
[38;2;42;28;44m██[38;2;41;28;43m██[38;2;40;27;42m██[38;2;41;28;43m██[38;2;42;28;44m██[38;2;41;28;43m██[38;2;44;29;43m██[38;2;30;16;30m██[38;2;50;29;45m██[38;2;72;51;65m██[38;2;46;30;44m██[38;2;44;29;45m██[38;2;44;29;44m████[38;2;29;15;30m██[38;2;30;17;31m██[38;2;51;31;46m██[38;2;46;31;46m██[38;2;49;32;47m██[38;2;46;30;44m██[38;2;45;30;44m██[38;2;44;29;43m████[38;2;30;16;31m██[38;2;44;29;43m██[38;2;42;27;43m██[38;2;44;29;44m████
[38;2;43;29;44m██[38;2;43;30;45m██[38;2;43;30;47m██[38;2;46;32;47m██[38;2;45;30;45m██[38;2;45;30;46m██[38;2;45;31;49m██[38;2;31;16;31m██[38;2;63;40;55m██[38;2;82;57;70m██[38;2;51;31;47m██[38;2;48;33;50m██[38;2;47;32;51m██[38;2;48;32;49m██[38;2;27;15;29m██[38;2;36;19;35m██[38;2;59;34;49m██[38;2;48;33;49m██[38;2;62;40;55m██[38;2;50;32;49m██[38;2;48;33;50m██[38;2;49;32;50m██[38;2;49;33;51m██[38;2;30;16;32m██[38;2;46;31;47m██[38;2;42;27;43m██[38;2;45;30;47m██[38;2;48;32;51m██
[38;2;45;30;45m██[38;2;44;29;44m██[38;2;46;31;48m██[38;2;47;32;51m██[38;2;51;35;54m██[38;2;50;34;52m██[38;2;49;33;51m██[38;2;35;18;36m██[38;2;82;55;72m██[38;2;90;61;78m██[38;2;56;32;48m██[38;2;51;35;52m██[38;2;55;35;53m██[38;2;50;32;49m██[38;2;28;16;31m██[38;2;42;23;39m██[38;2;65;37;53m██[38;2;51;35;53m██[38;2;88;59;76m██[38;2;54;34;54m██[38;2;51;35;53m██████[38;2;47;30;47m██[38;2;49;33;50m██[38;2;44;29;45m██[38;2;49;34;54m██[38;2;53;36;55m██
[38;2;49;33;51m██[38;2;49;34;52m██[38;2;49;34;53m██[38;2;51;35;55m██[38;2;54;35;54m██[38;2;56;34;51m██[38;2;51;35;54m██[38;2;36;22;38m██[38;2;105;74;87m██[38;2;91;61;74m██[38;2;60;35;51m██[38;2;52;35;56m██[38;2;54;36;56m██[38;2;53;35;55m██[38;2;29;19;32m██[38;2;49;28;45m██[38;2;73;43;57m██[38;2;55;36;55m██[38;2;100;70;87m██[38;2;58;36;53m██[38;2;55;36;56m██[38;2;56;36;56m██[38;2;58;36;54m██[38;2;79;55;71m██[38;2;48;34;50m██[38;2;44;29;45m██[38;2;51;36;55m██[38;2;54;37;54m██
[38;2;52;34;55m██[38;2;52;35;53m██[38;2;52;35;55m██[38;2;54;36;57m██[38;2;54;36;56m██[38;2;77;51;69m██[38;2;56;37;58m██[38;2;41;26;44m██[38;2;116;82;90m██[38;2;86;52;64m██[38;2;79;50;61m██[38;2;58;39;60m██[38;2;56;39;59m██[38;2;58;38;59m██[38;2;31;20;34m██[38;2;53;32;47m██[38;2;94;57;71m██[38;2;61;38;59m██[38;2;103;69;84m██[38;2;65;36;52m██[38;2;55;38;58m██[38;2;55;39;57m██[38;2;60;39;59m██[38;2;108;75;90m██[38;2;47;30;47m██[38;2;44;28;45m██[38;2;55;39;53m██[38;2;59;39;59m██
[38;2;56;36;56m██[38;2;58;38;56m██[38;2;59;37;55m██[38;2;58;38;59m██[38;2;59;41;60m██[38;2;116;83;96m██[38;2;70;44;59m██[38;2;86;57;73m██[38;2;124;84;94m██[38;2;110;71;81m██[38;2;121;81;90m██[38;2;69;44;64m██[38;2;68;44;64m██[38;2;69;44;63m██[38;2;48;31;47m██[38;2;71;44;57m██[38;2;134;89;98m██[38;2;93;56;72m██[38;2;126;84;96m██[38;2;115;76;86m██[38;2;99;70;83m██[38;2;94;64;79m██[38;2;93;61;77m██[38;2;132;88;98m██[38;2;53;29;44m██[38;2;41;24;40m██[38;2;60;43;57m██[38;2;62;41;62m██
[38;2;58;37;59m██[38;2;60;38;59m██[38;2;77;48;65m██[38;2;76;47;64m██[38;2;110;76;89m██[38;2;134;91;100m██[38;2;96;62;74m██[38;2;59;30;46m██[38;2;81;49;65m██[38;2;124;82;92m██[38;2;152;102;109m██[38;2;153;103;111m██[38;2;156;105;112m██[38;2;157;104;112m██[38;2;157;105;111m██[38;2;158;106;112m██[38;2;157;102;110m██[38;2;140;93;102m██[38;2;60;31;46m██[38;2;48;23;40m██[38;2;58;39;54m██[38;2;67;44;61m██[38;2;47;23;40m██[38;2;91;56;71m██[38;2;148;100;109m██[38;2;138;92;102m██[38;2;65;43;62m██[38;2;64;42;63m██
[38;2;62;40;60m██[38;2;59;39;60m██[38;2;75;43;58m██[38;2;155;105;112m██[38;2;124;74;83m██[38;2;74;36;47m██[38;2;210;195;203m██[38;2;234;226;230m██[38;2;229;221;226m██[38;2;175;161;168m██[38;2;119;82;95m██[38;2;171;118;123m████[38;2;171;119;124m██[38;2;172;120;125m██[38;2;173;121;126m██[38;2;173;118;124m██[38;2;107;79;90m██[38;2;220;214;218m██[38;2;192;187;192m██[38;2;189;183;187m██[38;2;225;221;224m██[38;2;236;230;232m██[38;2;148;123;136m██[38;2;87;37;48m██[38;2;154;105;111m██[38;2;69;43;63m██[38;2;65;44;64m██
[38;2;59;40;60m██[38;2;61;40;61m██[38;2;41;19;36m██[38;2;163;117;124m██[38;2;138;89;97m██[38;2;224;198;196m██[38;2;237;229;230m██[38;2;210;199;204m██[38;2;234;229;230m██[38;2;196;189;192m██[38;2;216;191;191m██[38;2;191;134;141m██[38;2;189;133;139m██[38;2;188;132;139m██[38;2;189;134;141m██[38;2;189;135;141m██[38;2;189;136;143m██[38;2;236;215;211m██[38;2;207;205;207m██[38;2;241;236;233m██[38;2;240;238;237m██[38;2;188;182;183m██[38;2;241;236;237m██[38;2;242;235;235m██[38;2;94;48;59m██[38;2;150;104;115m██[38;2;70;45;65m██[38;2;67;44;65m██
[38;2;59;43;62m██[38;2;61;39;60m██[38;2;37;21;38m██[38;2;112;74;88m██[38;2;191;139;145m██[38;2;216;192;191m██[38;2;211;204;207m██[38;2;243;238;237m██[38;2;240;239;240m██[38;2;198;192;195m██[38;2;238;220;219m██[38;2;203;146;150m██████[38;2;204;146;151m██[38;2;204;146;150m██[38;2;206;151;155m██[38;2;235;212;208m██[38;2;185;180;182m██[38;2;242;238;238m██[38;2;242;240;239m██[38;2;212;206;208m██[38;2;242;239;239m██[38;2;243;234;231m██[38;2;191;143;148m██[38;2;107;70;84m██[38;2;68;47;67m██[38;2;66;44;65m██
[38;2;61;44;63m██[38;2;58;39;60m██[38;2;33;23;40m██[38;2;43;24;40m██[38;2;198;146;153m██[38;2;219;181;184m██[38;2;235;228;228m██[38;2;243;237;237m██[38;2;241;240;241m██[38;2;191;186;191m██[38;2;238;213;210m██[38;2;212;154;159m██[38;2;211;154;159m████[38;2;212;153;158m██[38;2;211;154;159m██[38;2;211;156;160m██[38;2;225;188;189m██[38;2;234;228;228m██[38;2;241;234;234m██[38;2;242;240;240m██[38;2;177;171;174m██[38;2;242;239;239m██[38;2;227;198;197m██[38;2;204;152;157m██[38;2;77;47;66m██[38;2;67;46;67m██[38;2;66;46;66m██
[38;2;58;43;64m  [38;2;54;36;55m██[38;2;35;24;41m██[38;2;37;23;39m██[38;2;176;131;139m██[38;2;211;157;162m██[38;2;245;226;222m██[38;2;192;183;185m██[38;2;197;191;196m██[38;2;228;223;223m██[38;2;218;181;184m██[38;2;213;158;162m██[38;2;213;157;161m██[38;2;213;157;163m██[38;2;213;157;162m████[38;2;212;156;161m██[38;2;212;163;166m██[38;2;250;235;229m██[38;2;214;206;205m██[38;2;197;188;191m██[38;2;242;238;238m██[38;2;232;207;208m██[38;2;211;159;163m██[38;2;167;117;126m██[38;2;69;47;68m██[38;2;68;47;68m██[38;2;67;47;67m██
[38;2;55;40;60m  [38;2;50;34;54m██[38;2;34;22;38m██[38;2;35;24;40m██[38;2;106;67;79m██[38;2;211;153;159m██[38;2;214;161;164m██[38;2;230;197;197m██[38;2;220;193;195m██[38;2;217;182;183m██[38;2;213;161;166m██[38;2;214;157;162m██[38;2;213;157;162m██████[38;2;213;158;162m██[38;2;211;158;162m██[38;2;211;159;162m██[38;2;212;163;166m██[38;2;206;170;172m██[38;2;208;174;178m██[38;2;211;167;170m██[38;2;214;156;163m██[38;2;206;150;155m██[38;2;82;49;66m██[38;2;68;46;67m██[38;2;67;46;67m██[38;2;67;47;68m██
[38;2;26;20;30m  [38;2;50;34;55m██[38;2;34;21;36m██[38;2;36;23;38m██[38;2;56;28;45m██[38;2;210;155;160m██[38;2;215;159;164m██[38;2;217;163;167m██[38;2;216;164;167m██[38;2;213;164;167m██[38;2;215;164;167m██[38;2;215;164;166m██[38;2;216;164;167m██[38;2;216;166;168m██[38;2;218;168;170m██[38;2;219;168;169m██████[38;2;216;167;169m████[38;2;215;166;168m██[38;2;213;162;165m██[38;2;213;155;161m██[38;2;113;72;85m██[38;2;69;45;64m██[38;2;68;47;68m██[38;2;69;48;69m██[38;2;67;45;66m██
[38;2;36;27;45m  [38;2;50;34;55m██[38;2;36;21;37m██[38;2;36;23;38m██[38;2;44;26;42m██[38;2;231;194;197m██[38;2;233;201;197m██[38;2;235;206;201m██[38;2;237;207;204m██[38;2;235;207;201m██[38;2;236;208;203m██[38;2;235;209;203m██[38;2;234;206;201m██[38;2;243;213;209m██[38;2;245;218;214m██[38;2;246;219;215m██[38;2;245;219;215m██[38;2;243;219;215m██[38;2;242;216;210m██[38;2;240;215;209m██[38;2;242;210;206m██[38;2;237;204;200m██[38;2;150;112;121m██[38;2;72;46;66m██[38;2;67;46;66m██[38;2;69;48;69m██[38;2;68;48;69m██[38;2;65;43;64m██
[38;2;51;40;60m  [38;2;51;36;56m██[38;2;34;22;37m██[38;2;37;24;39m██[38;2;38;24;40m██[38;2;241;216;211m██[38;2;249;231;223m██[38;2;251;231;222m██[38;2;251;233;222m██[38;2;250;233;222m██[38;2;251;232;222m██[38;2;249;232;222m██[38;2;250;232;222m██[38;2;249;232;222m██[38;2;250;232;222m██[38;2;250;233;222m████[38;2;249;233;223m██[38;2;248;231;222m██[38;2;249;231;222m██[38;2;249;229;221m██[38;2;208;181;182m██[38;2;74;48;66m██[38;2;68;47;67m██[38;2;67;46;66m██[38;2;68;47;69m██[38;2;66;46;66m██[38;2;58;39;59m██
[38;2;42;35;54m  [38;2;52;37;56m██[38;2;33;22;38m██[38;2;37;23;38m██[38;2;39;23;39m██[38;2;191;169;171m██[38;2;249;233;222m██[38;2;251;232;221m██[38;2;250;233;222m██[38;2;249;232;222m██[38;2;250;232;223m██[38;2;249;233;223m██[38;2;250;233;222m██[38;2;250;232;222m████[38;2;250;232;223m██[38;2;250;232;222m██████[38;2;249;231;222m██[38;2;240;218;213m██[38;2;73;51;67m██[38;2;67;44;65m██[38;2;66;46;66m██[38;2;67;45;66m██[38;2;66;45;65m████[38;2;48;32;50m██
[38;2;18;16;25m  [38;2;56;40;59m██[38;2;34;22;38m██[38;2;35;23;39m██[38;2;37;23;39m██[38;2;89;69;80m██[38;2;250;229;221m██[38;2;251;232;222m██[38;2;252;232;222m██[38;2;250;232;224m██[38;2;250;232;223m██[38;2;250;233;223m██[38;2;249;232;224m██[38;2;251;232;222m██[38;2;250;232;223m██[38;2;250;233;223m██████[38;2;250;233;224m██[38;2;250;229;222m██[38;2;89;64;75m██[38;2;112;84;97m██[38;2;70;46;66m██[38;2;66;46;67m██[38;2;66;46;66m██[38;2;67;46;67m██[38;2;66;45;65m██[38;2;40;23;40m██
[38;2;0;0;0m  [38;2;57;41;61m██[38;2;36;22;38m██[38;2;31;22;36m██[38;2;33;22;38m██[38;2;39;25;40m██[38;2;224;203;203m██[38;2;251;230;222m██[38;2;251;232;223m██[38;2;250;231;224m██[38;2;249;231;225m██[38;2;250;232;224m██[38;2;250;232;223m██[38;2;187;158;158m██[38;2;229;194;190m██[38;2;223;191;188m██[38;2;251;232;222m██[38;2;250;234;222m██[38;2;250;233;222m██[38;2;190;163;167m██[38;2;88;57;73m██[38;2;141;111;122m██[38;2;71;47;68m██[38;2;66;46;66m██[38;2;66;46;67m██[38;2;66;45;65m██[38;2;64;43;64m██[38;2;37;22;38m██
[38;2;0;0;0m  [38;2;55;41;62m██[38;2;36;23;39m██[38;2;31;21;35m██[38;2;34;21;36m██[38;2;37;23;39m██[38;2;43;26;43m██[38;2;215;194;194m██[38;2;249;231;224m██████[38;2;250;232;224m██[38;2;249;233;225m██[38;2;251;232;222m██[38;2;249;227;218m██[38;2;252;229;221m██[38;2;251;233;222m██[38;2;250;232;222m██[38;2;251;232;222m██[38;2;108;81;90m██[38;2;202;176;179m██[38;2;105;79;91m██[38;2;69;47;68m██[38;2;66;46;67m████[38;2;67;46;66m██[38;2;53;34;53m██[38;2;36;22;38m██
[38;2;0;0;0m  [38;2;55;42;63m  [38;2;39;25;41m██[38;2;32;21;36m██[38;2;31;22;37m██[38;2;35;21;37m██[38;2;37;24;40m██[38;2;41;26;42m██[38;2;133;112;121m██[38;2;249;228;221m██[38;2;252;231;221m██[38;2;249;233;222m██[38;2;251;233;222m██[38;2;250;233;223m██[38;2;250;233;222m██[38;2;251;233;222m██[38;2;250;232;222m██[38;2;250;232;223m██[38;2;251;233;222m██[38;2;153;126;130m██[38;2;213;184;183m██[38;2;110;78;91m██[38;2;69;47;67m██[38;2;69;48;71m██[38;2;69;47;69m██[38;2;66;45;66m██[38;2;39;22;40m██[38;2;36;22;38m██
[38;2;0;0;0m  [38;2;24;18;30m  [38;2;53;37;57m██[38;2;34;21;36m██[38;2;32;22;37m██[38;2;34;22;37m██[38;2;34;23;39m██[38;2;34;30;48m██[38;2;41;33;52m██[38;2;54;35;53m██[38;2;193;172;177m██[38;2;248;232;223m██[38;2;249;231;223m██[38;2;249;232;223m████[38;2;249;231;222m██████[38;2;248;233;223m██[38;2;242;213;209m██[38;2;112;70;81m██[38;2;172;127;135m██[38;2;71;49;70m██[38;2;119;120;140m██[38;2;143;159;175m██[38;2;102;113;133m██[38;2;40;32;51m██[38;2;46;31;50m██
[38;2;35;18;39m  [38;2;0;0;0m  [38;2;45;39;58m  [38;2;49;33;52m██[38;2;35;21;37m██[38;2;33;30;49m██[38;2;155;176;192m██[38;2;191;235;243m██[38;2;189;238;244m██[38;2;188;230;240m██[38;2;79;89;108m██[38;2;51;35;51m██[38;2;188;166;172m██[38;2;249;228;221m██[38;2;249;231;223m██[38;2;248;232;223m██[38;2;249;230;222m██[38;2;231;197;194m██[38;2;226;171;170m██[38;2;233;174;171m████[38;2;191;149;153m██[38;2;191;234;242m██[38;2;188;238;244m██[38;2;188;238;245m██[38;2;191;237;245m██[38;2;186;231;243m██[38;2;78;82;103m██
[38;2;58;42;63m  [38;2;0;0;0m    [38;2;9;9;14m  [38;2;43;39;64m██[38;2;182;213;227m██[38;2;186;233;245m██[38;2;187;237;244m██[38;2;188;239;244m██[38;2;188;242;243m██[38;2;188;237;243m██[38;2;55;63;83m  [38;2;38;26;42m  [38;2;64;47;65m██[38;2;226;187;188m██[38;2;224;175;173m██[38;2;229;176;175m██[38;2;232;174;172m██[38;2;233;174;171m██[38;2;234;174;170m██[38;2;232;174;172m██[38;2;205;220;224m██[38;2;190;240;245m██[38;2;191;239;245m██[38;2;191;237;243m██[38;2;191;239;244m██[38;2;190;236;244m██[38;2;187;227;240m██[0m
