
[38;2;11;0;26m  [38;2;47;44;63m██[38;2;71;71;88m██[38;2;67;66;84m██[38;2;68;67;85m██[38;2;56;54;71m██[38;2;136;138;168m██[38;2;132;134;163m██[38;2;65;64;83m██[38;2;62;61;79m██[38;2;44;43;58m██[38;2;62;61;79m██[38;2;64;63;80m████[38;2;63;62;80m██[38;2;64;63;80m██[38;2;63;62;80m██[38;2;64;63;80m████████[38;2;65;64;81m██[38;2;63;62;80m████[38;2;60;59;76m██[38;2;138;140;170m██[38;2;59;58;75m██[38;2;65;64;82m██[38;2;22;22;34m██[38;2;67;66;85m██
[38;2;5;0;14m  [38;2;8;0;24m  ██[38;2;23;23;36m██[38;2;14;14;25m██[38;2;141;144;174m██[38;2;132;134;163m████[38;2;131;133;162m██[38;2;144;146;178m██[38;2;135;137;166m██[38;2;61;61;78m██[38;2;64;62;80m██[38;2;64;63;80m██[38;2;62;61;78m██[38;2;61;60;77m██[38;2;64;63;80m████[38;2;63;62;78m██[38;2;60;60;77m██[38;2;82;82;103m██[38;2;38;31;56m██[38;2;65;64;82m██[38;2;66;64;83m██[38;2;139;141;171m██[38;2;132;134;163m██[38;2;140;142;173m██[38;2;61;60;78m██[38;2;63;63;81m██[38;2;39;39;53m██
[38;2;1;0;1m  [38;2;7;0;18m  [38;2;25;25;37m██[38;2;85;86;108m██[38;2;138;140;170m████[38;2;132;134;163m████[38;2;131;133;162m██[38;2;64;64;82m██[38;2;132;134;163m██[38;2;135;137;167m██[38;2;131;133;162m██[38;2;109;110;135m██[38;2;144;147;177m██[38;2;131;133;162m██[38;2;124;125;153m██[38;2;128;130;158m██[38;2;135;137;167m██[38;2;135;137;166m██[38;2;133;135;164m██[38;2;34;32;51m██[38;2;132;134;163m██████████[38;2;73;73;93m██[38;2;63;62;80m██[38;2;27;26;40m██
[38;2;5;0;15m  [38;2;19;15;32m██[38;2;68;67;85m██[38;2;62;61;79m██[38;2;63;62;80m██[38;2;60;59;76m██[38;2;59;57;74m██[38;2;130;132;161m██[38;2;141;143;174m██[38;2;124;125;153m██[38;2;132;134;163m████████[38;2;133;136;165m██[38;2;138;141;171m██[38;2;132;134;163m████████[38;2;146;150;180m██[38;2;71;69;91m██[38;2;132;134;163m████[38;2;135;137;166m██[38;2;135;137;167m██[38;2;132;134;163m██[38;2;131;133;162m██[38;2;63;62;80m██[38;2;65;64;82m██
[38;2;46;43;63m██[38;2;63;62;80m████████████[38;2;62;61;79m██[38;2;82;82;103m██[38;2;135;137;166m██[38;2;132;134;163m████████[38;2;100;100;124m██[38;2;140;142;172m██[38;2;132;134;163m████████[38;2;118;119;148m██[38;2;84;84;104m██[38;2;138;141;171m██[38;2;65;64;82m██[38;2;61;60;77m████[38;2;65;65;83m██[38;2;141;143;174m██[38;2;60;59;77m██[38;2;63;62;80m██
[38;2;63;62;80m████████████[38;2;63;63;80m██[38;2;64;63;81m██[38;2;55;54;72m██[38;2;95;95;118m██[38;2;76;75;95m██[38;2;132;134;163m██[38;2;135;137;167m██[38;2;132;134;163m██[38;2;56;55;71m██[38;2;134;136;166m██[38;2;132;134;163m████[38;2;133;135;164m██[38;2;132;134;163m██[38;2;36;30;54m██[38;2;73;74;92m██[38;2;61;60;77m██[38;2;64;63;81m██████[38;2;64;63;80m██[38;2;63;62;80m██[38;2;63;62;81m██[38;2;63;62;80m██
[38;2;63;62;80m██[38;2;65;64;82m██[38;2;63;62;80m████[38;2;64;63;80m██[38;2;64;63;81m████[38;2;63;62;80m██[38;2;41;34;59m██[38;2;62;61;78m██[38;2;64;63;80m████[38;2;61;60;77m██[38;2;131;133;161m██[38;2;56;55;72m██[38;2;91;91;113m██[38;2;73;73;92m██[38;2;69;68;86m██[38;2;43;43;58m██[38;2;79;79;99m██[38;2;5;1;18m██[38;2;39;41;53m██[38;2;64;63;80m██[38;2;64;63;81m██[38;2;64;63;80m██[38;2;63;62;80m██[38;2;63;63;80m██[38;2;63;62;80m██[38;2;64;63;80m██[38;2;63;62;80m██
[38;2;6;5;20m██[38;2;46;45;60m██[38;2;63;62;80m████[38;2;64;63;81m██[38;2;64;63;80m████[38;2;64;63;81m██[38;2;44;40;61m██[38;2;64;63;80m██████[38;2;64;63;81m██[38;2;66;64;82m██[38;2;63;62;80m████[38;2;64;63;80m██[38;2;66;64;83m██[38;2;53;53;69m██[38;2;66;65;83m██[38;2;196;108;116m██[38;2;7;5;22m██[38;2;66;65;83m██[38;2;64;63;80m██[38;2;63;62;80m██[38;2;64;63;80m██[38;2;63;62;80m████████
[38;2;46;46;61m██[38;2;63;62;80m████████[38;2;64;63;80m██[38;2;64;63;81m██[38;2;65;65;83m██[38;2;62;60;79m██[38;2;64;63;80m██████[38;2;64;63;81m██[38;2;28;28;41m██[38;2;64;63;81m██[38;2;64;63;80m██[38;2;63;61;79m██[38;2;24;24;36m██[38;2;65;64;82m██[38;2;5;3;22m██[38;2;226;125;128m██[38;2;61;30;47m██[38;2;30;30;43m██[38;2;64;63;80m██[38;2;56;56;72m██[38;2;65;64;81m██[38;2;63;62;80m████████
[38;2;63;62;80m██████████████[38;2;46;46;61m██[38;2;66;66;83m██[38;2;64;63;80m██[38;2;64;63;81m████[38;2;59;59;76m██[38;2;24;24;37m██[38;2;63;62;80m████[38;2;46;46;61m██[38;2;8;1;23m██[38;2;66;64;83m██[38;2;171;93;104m██[38;2;219;121;126m██[38;2;231;129;132m██[38;2;20;18;34m██[38;2;24;17;39m██[38;2;31;25;47m██[38;2;63;62;79m██[38;2;63;62;80m████████
[38;2;63;62;80m████████[38;2;60;59;76m██[38;2;63;62;80m██[38;2;67;66;85m██[38;2;14;12;28m██[38;2;66;65;83m██[38;2;64;63;80m████[38;2;67;66;84m██[38;2;23;24;36m██[38;2;49;48;64m██[38;2;63;62;80m██[38;2;62;61;78m██[38;2;4;4;22m██[38;2;39;37;59m██[38;2;14;5;19m██[38;2;218;120;126m██[38;2;219;121;126m██[38;2;155;86;95m██[38;2;2;0;20m██[38;2;26;27;39m██[38;2;22;13;38m██[38;2;64;63;80m████[38;2;63;62;80m██[38;2;64;63;81m██[38;2;63;62;80m██
[38;2;64;63;81m██[38;2;63;62;80m██████[38;2;25;19;40m██[38;2;63;62;80m██[38;2;39;39;52m██[38;2;7;0;22m██[38;2;66;65;83m██[38;2;64;63;80m██[38;2;65;64;82m██[38;2;20;20;33m██[38;2;18;14;32m██[38;2;71;72;88m██[38;2;64;63;81m██[38;2;11;6;21m██[38;2;128;69;82m██[38;2;10;6;18m██[38;2;229;128;132m██[38;2;228;127;131m██[38;2;5;2;16m██[38;2;69;38;48m██[38;2;251;142;143m██[38;2;17;12;32m██[38;2;21;11;36m██[38;2;64;63;80m████[38;2;63;62;80m██[38;2;54;53;70m██[38;2;63;62;80m██
[38;2;63;62;80m████[38;2;66;67;84m██[38;2;63;62;80m██[38;2;8;7;22m██[38;2;65;64;82m██[38;2;13;11;30m██[38;2;37;17;37m██[38;2;66;65;82m██[38;2;64;63;81m██[38;2;27;27;40m██[38;2;14;8;29m██[38;2;33;28;48m██[38;2;62;62;78m██[38;2;1;1;12m██[38;2;246;135;139m██[38;2;0;0;6m██[38;2;249;146;148m██[38;2;46;24;34m██[38;2;12;3;26m██[38;2;195;107;115m██[38;2;160;86;97m██[38;2;166;90;101m██[38;2;75;38;55m██[38;2;28;22;44m██[38;2;62;61;79m██[38;2;64;63;80m████[38;2;67;66;85m██[38;2;50;49;65m██
[38;2;63;62;80m████[38;2;69;69;86m██[38;2;10;9;18m██[38;2;11;0;25m██[38;2;27;25;41m██[38;2;87;47;61m██[38;2;12;11;21m██[38;2;64;63;80m██[38;2;37;38;51m██[38;2;4;3;19m██[38;2;49;23;40m██[38;2;31;26;43m██[38;2;78;42;57m██[38;2;246;137;139m██[38;2;0;0;13m██[38;2;36;16;36m██[38;2;9;0;25m██[38;2;12;0;27m████[38;2;13;0;27m████[38;2;11;0;21m██[38;2;10;0;22m██[38;2;7;0;21m██[38;2;65;64;82m██[38;2;63;62;80m████[38;2;66;65;84m██[38;2;19;16;32m██
[38;2;64;63;81m██[38;2;63;62;80m████[38;2;47;47;63m██[38;2;15;4;30m██[38;2;15;10;29m██[38;2;48;24;42m██[38;2;13;0;27m██[38;2;10;4;24m██[38;2;11;1;26m██[38;2;62;34;51m██[38;2;67;33;52m██[38;2;229;126;131m██[38;2;219;121;126m██[38;2;218;121;126m██[38;2;237;131;135m██[38;2;9;2;21m██[38;2;14;0;30m██[38;2;13;0;27m██[38;2;13;0;28m██[38;2;47;44;54m██[38;2;122;121;127m██[38;2;178;170;206m██[38;2;154;147;181m██[38;2;57;54;73m██[38;2;63;62;81m██[38;2;64;63;81m██[38;2;63;62;80m██[38;2;64;64;82m██[38;2;20;7;28m██
[38;2;65;65;82m██[38;2;63;62;80m██[38;2;66;64;83m██[38;2;22;21;34m██[38;2;16;8;30m██[38;2;25;9;31m██[38;2;3;0;13m██[38;2;12;0;25m██[38;2;13;0;27m████[38;2;7;0;18m██[38;2;33;17;27m██[38;2;220;122;127m██[38;2;219;121;126m████[38;2;209;115;121m██[38;2;212;184;215m██[38;2;2;0;17m██[38;2;7;3;44m██[38;2;7;7;51m██[38;2;176;176;190m██[38;2;252;252;253m██[38;2;98;98;109m██[38;2;169;131;140m██[38;2;65;64;82m██[38;2;53;51;69m██[38;2;65;64;82m██[38;2;63;62;80m██[38;2;67;67;84m██[38;2;132;80;94m██
[38;2;65;65;82m██[38;2;63;62;80m██[38;2;31;31;45m██[38;2;18;11;32m██[38;2;11;0;25m██[38;2;7;4;12m██[38;2;135;128;159m██[38;2;5;0;10m██[38;2;13;1;32m██[38;2;42;42;44m██[38;2;255;255;255m██[38;2;54;27;31m██[38;2;219;121;126m████████[38;2;228;152;156m██[38;2;3;8;31m██[38;2;26;51;118m██[38;2;29;58;130m██[38;2;31;61;134m██[38;2;26;54;130m██[38;2;97;95;117m██[38;2;110;47;57m██[38;2;71;72;88m██[38;2;21;19;33m██[38;2;63;62;80m████[38;2;70;70;86m██[38;2;213;185;168m██
[38;2;65;65;83m██[38;2;63;61;79m██[38;2;22;18;35m██[38;2;27;29;40m██[38;2;19;15;32m██[38;2;57;49;70m██[38;2;178;171;209m██[38;2;3;2;13m██[38;2;13;14;58m██[38;2;14;19;69m██[38;2;4;8;51m██[38;2;5;7;47m██[38;2;225;124;129m██[38;2;219;121;126m██████[38;2;215;106;111m██[38;2;179;176;179m██[38;2;51;108;206m██[38;2;52;111;211m██[38;2;52;112;214m██[38;2;52;118;223m██[38;2;230;216;217m██[38;2;13;12;19m██[38;2;12;6;26m██[38;2;32;32;46m██[38;2;63;62;80m████[38;2;51;48;68m██[38;2;255;248;211m██
[38;2;63;61;81m██[38;2;23;23;35m██[38;2;10;0;25m██[38;2;25;26;38m██[38;2;26;27;38m██[38;2;207;113;117m██[38;2;255;255;255m██[38;2;47;40;59m██[38;2;20;35;95m██[38;2;24;45;110m██[38;2;27;52;121m██[38;2;18;38;94m██[38;2;227;126;130m██[38;2;219;121;126m██[38;2;222;125;129m██[38;2;219;121;126m████[38;2;222;131;137m██[38;2;69;30;38m██[38;2;197;105;108m██[38;2;228;123;125m██[38;2;229;126;128m██[38;2;222;122;127m██[38;2;24;13;25m██[38;2;14;11;30m██[38;2;52;51;67m██[38;2;63;62;80m████[38;2;17;15;28m██[38;2;139;125;119m██
[38;2;17;13;31m██[38;2;19;15;33m██[38;2;5;0;15m  [38;2;70;70;87m██[38;2;25;25;38m██[38;2;17;9;18m██[38;2;215;103;109m██[38;2;238;237;237m██[38;2;37;80;168m██[38;2;49;103;199m██[38;2;46;109;213m██[38;2;5;23;69m██[38;2;223;123;128m██[38;2;219;121;126m██[38;2;196;91;103m██[38;2;221;127;129m██[38;2;222;128;130m██[38;2;220;125;128m██[38;2;219;122;127m██[38;2;219;121;126m██[38;2;219;120;125m██[38;2;219;121;126m██[38;2;122;62;78m██[38;2;235;146;144m██[38;2;21;22;35m██[38;2;67;66;85m██[38;2;63;62;80m██[38;2;65;64;82m██[38;2;9;2;24m██[38;2;26;27;40m██
[38;2;20;16;34m██[38;2;9;0;24m  [38;2;1;0;15m  [38;2;54;52;71m██[38;2;30;30;43m██[38;2;26;26;39m██[38;2;217;121;126m██[38;2;218;117;121m██[38;2;136;79;88m██[38;2;216;116;118m██[38;2;227;125;129m██[38;2;227;128;131m██[38;2;235;164;152m██[38;2;248;200;175m██[38;2;252;211;182m██[38;2;254;214;184m██[38;2;254;213;184m██[38;2;253;210;181m██[38;2;231;178;152m██[38;2;253;210;182m██[38;2;250;205;178m██[38;2;251;206;179m██[38;2;255;215;185m██[38;2;153;79;92m██[38;2;24;24;37m██[38;2;63;61;80m██[38;2;27;22;42m██[38;2;16;12;31m██[38;2;17;14;30m██[38;2;25;25;38m██
[38;2;12;0;27m██[38;2;0;0;0m  [38;2;1;0;6m  [38;2;17;12;32m██[38;2;68;67;85m██[38;2;24;24;37m██[38;2;136;74;85m██[38;2;218;120;125m██[38;2;219;119;125m██[38;2;222;127;130m██[38;2;237;169;156m██[38;2;253;211;182m██[38;2;255;218;186m██[38;2;254;216;185m████[38;2;254;216;183m██[38;2;243;202;172m██[38;2;206;150;152m██[38;2;243;218;219m██[38;2;255;217;186m██[38;2;254;216;185m████[38;2;255;217;184m██[38;2;2;1;7m██[38;2;67;67;84m██[38;2;13;8;26m██[38;2;21;16;34m██[38;2;3;0;10m  [38;2;10;0;25m  [38;2;26;27;39m██
[38;2;1;0;15m  [38;2;0;0;0m  [38;2;3;0;13m  [38;2;8;0;23m  [38;2;70;70;88m██[38;2;25;26;38m██[38;2;6;6;15m██[38;2;252;225;193m██[38;2;252;208;180m██[38;2;254;217;185m██[38;2;255;220;188m██[38;2;255;216;185m██[38;2;229;175;150m██[38;2;241;216;209m██[38;2;249;241;238m██[38;2;253;252;253m██[38;2;254;253;253m██[38;2;250;239;239m██[38;2;219;164;157m██[38;2;254;216;185m████[38;2;255;216;185m██[38;2;244;228;199m██[38;2;31;28;45m██[38;2;7;2;20m██[38;2;25;24;38m██[38;2;4;0;12m  [38;2;3;2;15m  [38;2;0;0;1m  [38;2;11;1;27m██
[38;2;85;85;92m  [38;2;255;255;187m  [38;2;90;89;66m  [38;2;5;0;16m  [38;2;64;63;81m██[38;2;11;2;26m  [38;2;24;22;37m██[38;2;24;19;22m██[38;2;252;225;194m██[38;2;206;201;174m██[38;2;59;58;50m██[38;2;36;28;24m██[38;2;246;227;196m██[38;2;206;139;128m██[38;2;243;229;231m██[38;2;243;228;229m██[38;2;232;203;202m██[38;2;226;169;143m██[38;2;254;215;185m██[38;2;254;216;185m██[38;2;255;226;193m██[38;2;148;133;122m██[38;2;10;1;26m██[38;2;18;13;31m██[38;2;18;12;32m██[38;2;8;0;22m  [38;2;9;8;26m  [38;2;15;10;30m  [38;2;9;8;21m  [38;2;5;7;8m  
[38;2;255;255;255m  [38;2;255;255;191m  [38;2;255;255;177m  [38;2;245;246;204m  [38;2;235;235;209m██[38;2;2;0;5m  [38;2;4;0;14m  [38;2;24;24;38m██[38;2;6;5;18m██[38;2;228;223;198m██[38;2;243;191;166m██[38;2;244;201;175m██[38;2;40;27;24m██[38;2;254;215;184m██[38;2;254;221;189m████[38;2;255;218;187m██[38;2;255;240;202m██[38;2;223;211;184m██[38;2;44;38;34m██[38;2;21;21;32m██[38;2;26;25;38m██[38;2;32;30;45m██[38;2;67;60;94m██[38;2;64;63;81m██[38;2;66;65;83m██[38;2;68;67;85m██[38;2;3;0;18m  [38;2;5;0;20m  [38;2;12;3;27m██
[38;2;255;255;171m  [38;2;255;104;144m██[38;2;255;154;162m██[38;2;255;43;124m██[38;2;255;33;122m██[38;2;255;255;191m  [38;2;138;138;120m  [38;2;8;0;23m  [38;2;213;197;171m██[38;2;255;215;185m██[38;2;254;212;183m██[38;2;252;217;187m██[38;2;199;154;136m██[38;2;8;2;26m██[38;2;11;4;24m██[38;2;55;54;71m██[38;2;53;17;24m██[38;2;100;57;59m██[38;2;133;132;162m██[38;2;37;35;42m██[38;2;27;26;40m██[38;2;71;64;100m██[38;2;49;43;72m██[38;2;18;13;31m██[38;2;20;20;32m██[38;2;37;37;51m██[38;2;54;52;69m██[38;2;64;62;80m██[38;2;64;63;81m██[38;2;63;62;80m██
[38;2;254;254;191m  [38;2;255;146;158m██[38;2;255;63;131m██[38;2;255;61;130m██[38;2;255;229;190m██[38;2;255;241;189m██[38;2;255;255;214m  [38;2;36;35;38m  [38;2;235;222;197m██[38;2;255;215;185m████[38;2;255;217;187m██[38;2;68;60;52m  [38;2;2;0;6m  [38;2;0;0;1m██[38;2;18;26;38m██[38;2;121;116;139m██[38;2;116;110;132m██[38;2;23;29;43m██[38;2;18;23;35m██[38;2;101;75;26m██[38;2;4;55;38m██[38;2;10;45;29m██[38;2;2;2;3m██[38;2;27;26;40m██[38;2;26;25;38m████[38;2;28;27;40m██[38;2;63;62;80m██[38;2;19;12;32m██
[38;2;255;249;197m  [38;2;255;64;131m██[38;2;255;62;131m██[38;2;255;76;135m██[38;2;255;69;133m██[38;2;255;50;127m██[38;2;187;198;152m██[38;2;4;2;3m██[38;2;192;195;198m██[38;2;220;213;182m██[38;2;255;217;186m██[38;2;203;194;175m██[38;2;20;8;14m██[38;2;91;35;65m  [38;2;93;36;67m  [38;2;23;31;46m  [38;2;19;21;29m██[38;2;155;148;175m  [38;2;25;31;44m  [38;2;7;11;19m██[38;2;97;70;25m██[38;2;37;72;44m██[38;2;55;115;67m██[38;2;255;173;45m██[38;2;16;10;2m██[38;2;26;25;38m██████[38;2;44;43;59m██[38;2;63;62;80m██
[38;2;255;200;178m██[38;2;255;103;145m██[38;2;255;214;185m██[38;2;255;62;130m██[38;2;255;63;131m██[38;2;255;222;187m██[38;2;124;34;80m██[38;2;48;16;28m██[38;2;12;20;31m██[38;2;115;110;127m██[38;2;37;37;42m██[38;2;72;27;47m██[38;2;145;55;95m  [38;2;141;53;93m  [38;2;117;45;80m  [38;2;19;27;39m  [38;2;20;28;42m  [38;2;90;85;52m██[38;2;28;36;49m  [38;2;13;10;19m██[38;2;199;148;52m██[38;2;186;134;45m██[38;2;147;120;61m██[38;2;19;124;78m██[38;2;15;137;86m██[38;2;16;16;23m██[38;2;27;26;39m██[38;2;26;25;38m██[38;2;23;22;35m██[38;2;21;20;32m██
[38;2;218;218;158m  [38;2;255;255;157m  [38;2;255;193;175m██[38;2;255;53;128m██[38;2;255;71;134m██[38;2;255;170;167m██[38;2;171;105;119m██[38;2;118;44;76m██[38;2;31;44;64m██[38;2;30;41;60m██[38;2;89;33;62m██[38;2;58;22;38m██[38;2;143;54;94m  [38;2;142;54;94m  [38;2;156;59;103m  [38;2;22;34;44m██[38;2;45;55;71m  [38;2;30;35;46m██[38;2;42;52;69m██[38;2;5;5;13m██[38;2;253;173;46m██[38;2;188;128;42m██[38;2;22;75;47m██[38;2;50;82;48m██[38;2;235;168;44m██[38;2;65;43;12m██[38;2;29;27;41m██[38;2;27;26;39m██[38;2;22;21;34m██[38;2;66;65;83m██[0m
