
[38;2;0;0;0m            [38;2;128;128;128m  [38;2;109;108;101m  [38;2;243;238;244m  [38;2;237;235;248m  ████[38;2;237;236;248m██[38;2;238;235;246m██[38;2;237;235;248m████[38;2;236;235;246m██[38;2;240;237;250m  [38;2;236;231;229m  [38;2;128;128;128m  [38;2;0;0;0m            
[38;2;0;0;0m          [38;2;83;56;37m  [38;2;242;236;238m  [38;2;237;235;248m██████████[38;2;235;237;248m██[38;2;231;228;233m██[38;2;237;235;248m██████████  [38;2;156;157;148m  [38;2;64;64;64m  [38;2;0;0;0m        
[38;2;0;0;0m        [38;2;83;85;81m  [38;2;241;237;247m  [38;2;237;235;248m████████[38;2;237;235;249m██[38;2;238;237;250m██[38;2;236;235;248m██[38;2;237;233;247m██[38;2;239;235;245m██[38;2;238;234;239m██[38;2;237;238;248m██[38;2;237;235;248m██████[38;2;236;236;249m██[38;2;164;170;162m  [38;2;0;0;0m        
[38;2;0;0;0m      [38;2;159;159;159m  [38;2;243;239;249m  [38;2;237;235;248m████████[38;2;243;241;249m██[38;2;78;81;106m██[38;2;77;79;105m██[38;2;77;75;79m██[38;2;76;74;83m██[38;2;82;79;90m██[38;2;80;80;109m██[38;2;75;76;101m██[38;2;236;233;247m██[38;2;237;235;248m██████[38;2;235;235;247m██[38;2;97;101;94m  [38;2;0;0;0m      
[38;2;0;0;0m      [38;2;162;165;157m  [38;2;237;235;248m████[38;2;236;235;248m██[38;2;237;235;249m██[38;2;141;133;136m██[38;2;116;115;126m██[38;2;80;81;111m██[38;2;77;79;102m██[38;2;234;230;236m██[38;2;236;234;247m██[38;2;219;212;214m██[38;2;82;81;98m██[38;2;80;80;108m██[38;2;84;82;90m██[38;2;210;205;210m██[38;2;236;235;247m██[38;2;237;235;248m████[38;2;239;238;250m  [38;2;106;106;106m  [38;2;0;0;0m    
[38;2;0;0;0m    [38;2;90;90;90m  [38;2;243;240;249m  [38;2;237;235;248m████[38;2;237;234;239m██[38;2;93;88;102m██[38;2;241;236;245m██[38;2;235;235;245m██[38;2;188;181;180m██[38;2;236;236;248m██[38;2;237;235;248m██████[38;2;235;235;245m██[38;2;241;238;252m██[38;2;234;235;246m██[38;2;224;217;220m██[38;2;124;117;117m██[38;2;236;234;248m██[38;2;237;235;248m██[38;2;237;235;246m██[38;2;173;171;104m  [38;2;0;0;0m    
[38;2;0;0;0m    [38;2;89;96;89m  [38;2;237;235;249m  [38;2;237;235;248m██[38;2;239;237;247m██[38;2;164;158;157m██[38;2;237;235;248m██████[38;2;237;236;249m██[38;2;237;235;247m██[38;2;237;235;248m██████████████[38;2;238;236;248m██[38;2;157;146;140m██[38;2;237;235;247m██[38;2;237;235;248m██[38;2;240;234;240m  [38;2;64;64;64m  [38;2;0;0;0m  
[38;2;0;0;0m    [38;2;136;116;89m  [38;2;237;235;248m██[38;2;236;235;246m██[38;2;183;173;160m██[38;2;237;237;249m██[38;2;237;235;248m██████[38;2;232;229;237m██[38;2;236;235;249m██[38;2;237;235;248m████[38;2;237;236;248m██[38;2;224;220;227m██[38;2;237;235;248m████████[38;2;238;235;248m██[38;2;235;232;239m██[38;2;237;235;248m██[38;2;240;235;250m  [38;2;106;106;106m  [38;2;0;0;0m  
[38;2;0;0;0m    [38;2;229;218;205m  [38;2;237;235;248m██[38;2;223;217;220m██[38;2;239;235;248m██[38;2;239;236;244m██[38;2;236;235;248m██[38;2;233;231;245m██[38;2;237;235;248m██[38;2;226;223;229m██[38;2;236;235;248m██[38;2;237;235;248m████[38;2;237;235;247m██[38;2;207;198;193m██[38;2;235;236;248m██[38;2;237;235;248m██[38;2;237;235;246m██[38;2;237;232;245m██[38;2;237;236;248m██[38;2;234;232;244m██[38;2;237;235;247m██[38;2;236;235;247m  [38;2;37;35;30m  [38;2;0;0;0m  
[38;2;0;0;0m  [38;2;96;96;96m  [38;2;235;231;234m  [38;2;236;235;246m██[38;2;222;216;217m██[38;2;232;231;241m██[38;2;237;236;247m██[38;2;235;237;248m██[38;2;209;203;225m██[38;2;236;236;247m██[38;2;220;213;218m██[38;2;237;235;248m██████[38;2;237;236;248m██[38;2;208;200;192m██[38;2;235;236;248m██[38;2;239;235;246m██[38;2;239;236;250m██[38;2;214;204;200m██[38;2;235;236;246m██[38;2;237;236;249m██[38;2;238;235;245m██[38;2;237;235;248m██[38;2;99;98;94m  [38;2;0;0;0m  
[38;2;0;0;0m  [38;2;128;106;106m  [38;2;244;240;246m  [38;2;237;232;241m██[38;2;236;236;248m██[38;2;228;223;230m██[38;2;234;228;236m██[38;2;237;234;249m██[38;2;207;199;224m██[38;2;235;235;247m██[38;2;211;204;201m██[38;2;232;229;244m██[38;2;237;235;248m██████[38;2;194;186;175m██[38;2;237;235;248m██[38;2;239;235;249m██[38;2;239;234;241m██[38;2;227;219;226m██[38;2;236;234;247m██[38;2;236;235;246m██[38;2;225;219;220m██[38;2;237;235;248m██[38;2;214;212;203m  [38;2;0;0;0m  
[38;2;0;0;0m  [38;2;128;128;128m  [38;2;241;241;250m  [38;2;232;231;237m██[38;2;238;236;249m██[38;2;238;236;245m██[38;2;229;224;231m██[38;2;235;235;249m██[38;2;206;199;216m██[38;2;236;234;245m██[38;2;206;200;191m██[38;2;219;211;230m██[38;2;237;234;247m██[38;2;237;235;248m██[38;2;237;235;247m██[38;2;211;201;195m██[38;2;236;235;249m██[38;2;237;235;247m██[38;2;230;224;230m██[38;2;237;234;247m██[38;2;237;235;249m██[38;2;237;236;245m██[38;2;212;203;199m██[38;2;237;235;246m██[38;2;228;225;227m  [38;2;0;0;0m  
[38;2;0;0;0m  [38;2;191;191;159m  [38;2;236;235;247m  [38;2;231;223;229m██[38;2;234;230;241m██[38;2;234;232;243m██[38;2;216;211;210m██[38;2;237;235;248m██[38;2;204;194;203m██[38;2;230;224;230m██[38;2;209;197;187m██[38;2;208;201;226m██[38;2;234;230;237m██[38;2;236;235;248m██[38;2;228;224;230m██[38;2;219;210;208m██[38;2;235;231;240m██[38;2;235;233;243m██[38;2;237;234;245m██[38;2;239;237;250m████[38;2;237;235;246m██[38;2;204;195;184m██[38;2;237;235;248m██[38;2;241;237;244m  [38;2;112;96;96m  
[38;2;0;0;0m  [38;2;144;147;139m  [38;2;242;237;247m██[38;2;239;238;250m██[38;2;232;230;240m██[38;2;224;221;238m██[38;2;194;180;166m██[38;2;236;236;248m██[38;2;209;199;203m██[38;2;238;236;248m██[38;2;217;205;201m██[38;2;208;201;223m██[38;2;236;231;239m██[38;2;237;235;248m██[38;2;231;224;230m██[38;2;222;217;219m██[38;2;237;235;246m██[38;2;236;236;246m██[38;2;192;182;169m██[38;2;236;235;246m██[38;2;229;222;224m██[38;2;233;227;231m██[38;2;235;230;237m██[38;2;234;230;241m██[38;2;238;236;249m██[38;2;77;88;79m  
[38;2;159;159;159m  [38;2;237;234;239m  [38;2;223;219;220m██[38;2;237;235;247m██[38;2;213;207;206m██[38;2;223;217;235m██[38;2;194;176;160m██[38;2;236;237;245m██[38;2;207;198;197m██[38;2;229;227;234m██[38;2;204;186;178m██[38;2;185;174;175m██[38;2;233;226;232m██[38;2;235;235;247m██[38;2;220;213;217m██[38;2;222;216;219m██[38;2;223;216;217m██[38;2;237;235;246m██[38;2;212;205;200m██[38;2;234;236;246m██[38;2;211;204;201m██[38;2;230;223;226m██[38;2;238;234;248m██[38;2;187;176;172m██[38;2;236;235;247m██[38;2;235;233;237m  
[38;2;151;155;149m  [38;2;238;237;250m██[38;2;209;197;198m██[38;2;217;210;224m██[38;2;213;207;205m██[38;2;216;208;230m██[38;2;199;174;156m██[38;2;240;236;249m██[38;2;199;185;173m██[38;2;222;216;217m██[38;2;204;179;163m██[38;2;171;160;146m██[38;2;228;223;227m██[38;2;237;236;248m██[38;2;194;186;174m██[38;2;225;217;222m██[38;2;215;201;194m██[38;2;240;237;249m██[38;2;228;220;221m██[38;2;237;235;244m██[38;2;189;177;179m██[38;2;232;229;232m██[38;2;228;221;224m██[38;2;211;203;206m██[38;2;230;225;243m██[38;2;236;229;239m  
[38;2;238;230;234m  [38;2;236;234;247m██[38;2;163;149;144m██[38;2;194;180;198m██[38;2;214;205;202m██[38;2;201;190;211m██[38;2;204;176;161m██[38;2;242;239;251m██[38;2;180;159;135m██[38;2;187;173;156m██[38;2;203;184;154m██[38;2;211;199;183m██[38;2;221;215;213m██[38;2;236;235;247m██[38;2;184;171;143m██[38;2;192;180;169m██[38;2;181;156;133m██[38;2;207;204;202m██[38;2;209;195;183m██[38;2;223;213;212m██[38;2;173;162;159m██[38;2;240;231;246m██[38;2;202;191;180m██[38;2;240;238;249m██[38;2;210;207;230m██[38;2;232;225;235m██
[38;2;236;231;234m  [38;2;235;235;248m██[38;2;205;197;190m██[38;2;209;202;203m██[38;2;186;175;170m██[38;2;161;146;137m██[38;2;85;79;79m██[38;2;84;79;77m██[38;2;86;80;87m██[38;2;84;79;80m██[38;2;87;82;92m██[38;2;220;205;179m██[38;2;232;219;196m██[38;2;215;201;184m██[38;2;235;220;201m██[38;2;89;79;67m██[38;2;82;76;79m██[38;2;81;76;73m██[38;2;83;77;66m██[38;2;82;77;79m██[38;2;158;140;120m██[38;2;241;232;246m██[38;2;173;157;142m██[38;2;234;232;247m██[38;2;216;209;231m██[38;2;208;199;195m██
[38;2;165;157;151m  [38;2;238;237;248m██[38;2;199;189;168m██[38;2;207;196;193m██[38;2;202;184;192m██[38;2;183;168;134m██[38;2;209;199;178m██[38;2;83;89;156m██[38;2;55;57;130m██[38;2;58;61;132m██[38;2;109;104;141m██[38;2;249;237;222m██[38;2;250;237;220m██[38;2;248;237;224m██[38;2;247;237;224m██[38;2;199;198;199m██[38;2;108;107;166m██[38;2;100;100;169m██[38;2;83;85;155m██[38;2;161;158;177m██[38;2;143;127;117m██[38;2;240;234;248m██[38;2;210;187;175m██[38;2;187;177;161m██[38;2;236;236;249m██[38;2;219;214;209m  
[38;2;56;55;53m  [38;2;110;104;109m██[38;2;226;167;176m██[38;2;198;182;186m██[38;2;199;187;191m██[38;2;189;169;169m██[38;2;228;203;187m██[38;2;220;204;196m██[38;2;179;199;181m██[38;2;168;192;178m██[38;2;242;225;211m██[38;2;249;235;225m██[38;2;249;236;223m██[38;2;250;238;223m██[38;2;252;236;222m██[38;2;249;234;222m██[38;2;211;209;195m██[38;2;196;203;186m██[38;2;202;199;186m██[38;2;252;228;221m██[38;2;207;193;203m██[38;2;203;186;191m██[38;2;194;147;142m██[38;2;206;154;155m██[38;2;173;169;168m  [38;2;43;43;43m  
[38;2;86;87;111m  [38;2;173;161;165m██[38;2;199;164;161m██[38;2;246;178;204m██[38;2;239;174;197m██[38;2;238;177;193m██[38;2;189;150;138m██[38;2;242;206;209m██[38;2;246;198;204m██[38;2;243;202;206m██[38;2;249;227;219m██[38;2;249;234;221m██[38;2;249;237;220m██[38;2;248;237;222m██[38;2;252;235;224m██[38;2;249;233;218m██[38;2;245;214;209m██[38;2;242;198;204m██[38;2;243;212;210m██[38;2;215;167;165m██[38;2;225;163;172m██[38;2;245;180;203m██[38;2;222;173;184m██[38;2;208;196;209m██[38;2;146;116;118m  [38;2;0;0;0m  
[38;2;246;247;243m  [38;2;191;148;142m██[38;2;246;177;203m██[38;2;243;177;202m██[38;2;242;176;197m██[38;2;242;178;201m██[38;2;247;178;204m██[38;2;247;179;203m██[38;2;226;168;176m██[38;2;239;211;201m██[38;2;248;232;221m██[38;2;247;236;222m██[38;2;249;237;222m██[38;2;249;237;221m██[38;2;250;235;223m██[38;2;251;233;221m██[38;2;222;187;176m██[38;2;225;168;173m██[38;2;242;178;196m██[38;2;245;180;204m██[38;2;243;177;205m██[38;2;243;177;202m██[38;2;243;177;204m██[38;2;209;157;157m██[38;2;235;235;225m  [38;2;103;101;83m  
[38;2;243;244;242m██[38;2;219;164;169m██[38;2;244;177;203m██[38;2;244;178;203m██[38;2;243;177;202m████[38;2;242;176;201m██[38;2;243;177;202m██[38;2;238;173;195m██[38;2;245;178;207m██[38;2;238;220;206m██[38;2;250;235;223m██[38;2;236;222;201m██[38;2;236;218;199m██[38;2;249;237;225m██[38;2;213;176;164m██[38;2;244;177;202m██[38;2;222;163;174m██[38;2;243;177;202m████████[38;2;244;177;202m██[38;2;227;165;179m██[38;2;186;173;144m██[38;2;244;244;243m  
[38;2;193;156;60m██[38;2;205;153;135m██[38;2;230;168;184m██[38;2;245;176;202m██[38;2;243;177;202m██[38;2;244;178;203m██[38;2;243;177;202m██[38;2;243;178;202m██[38;2;247;179;205m██[38;2;247;178;204m██[38;2;203;151;131m██[38;2;174;140;47m██[38;2;170;134;50m██[38;2;170;133;50m██[38;2;173;138;48m██[38;2;245;179;203m██[38;2;244;178;203m██[38;2;241;175;195m██[38;2;244;178;204m██[38;2;243;177;202m██████[38;2;241;173;198m██[38;2;246;176;204m██[38;2;173;141;65m██[38;2;210;171;64m██
[38;2;207;168;63m██[38;2;207;169;64m██[38;2;208;151;148m██[38;2;233;171;186m██[38;2;246;178;204m██[38;2;243;177;202m██[38;2;244;177;203m██[38;2;243;177;202m██[38;2;244;177;202m██[38;2;228;168;178m██[38;2;217;160;162m██[38;2;200;159;70m██[38;2;209;168;62m██[38;2;190;151;62m██[38;2;208;155;133m██[38;2;238;174;191m██[38;2;239;173;193m██[38;2;243;177;202m██[38;2;244;178;203m██[38;2;243;177;202m████[38;2;247;178;206m██[38;2;229;167;184m██[38;2;182;135;99m██[38;2;209;169;64m██[38;2;207;168;63m██
[38;2;192;154;55m██[38;2;193;156;55m██[38;2;180;140;69m██[38;2;245;177;203m██[38;2;242;179;200m██[38;2;209;143;160m██[38;2;216;148;164m██[38;2;248;179;203m██[38;2;232;170;186m██[38;2;235;214;193m██[38;2;242;222;205m██[38;2;181;125;104m██[38;2;196;155;60m██[38;2;188;153;58m██[38;2;189;123;130m██[38;2;238;217;199m██[38;2;237;220;200m██[38;2;217;185;171m██[38;2;207;153;153m██[38;2;213;150;158m██[38;2;213;151;162m██[38;2;244;177;199m██[38;2;244;177;205m██[38;2;197;156;60m██[38;2;200;161;60m██[38;2;200;161;59m██
[38;2;128;99;42m████[38;2;126;99;40m██[38;2;246;179;203m██[38;2;213;137;168m██[38;2;199;130;143m██[38;2;244;177;205m██[38;2;219;168;168m██[38;2;248;237;220m██[38;2;250;237;222m██[38;2;252;235;223m██[38;2;151;126;81m██[38;2;127;99;43m██[38;2;125;99;41m██[38;2;202;170;149m██[38;2;249;237;225m██[38;2;252;237;223m██[38;2;249;238;221m██[38;2;223;191;181m██[38;2;245;178;205m██[38;2;209;135;157m██[38;2;215;137;167m██[38;2;245;178;202m██[38;2;128;99;43m██[38;2;128;99;42m██[38;2;128;99;43m██
[38;2;128;99;42m  [38;2;129;99;42m  [38;2;128;99;42m  [38;2;126;98;43m  [38;2;150;109;78m  [38;2;232;169;184m  [38;2;218;158;171m██[38;2;249;238;222m██[38;2;250;237;221m██[38;2;249;237;222m██[38;2;248;237;223m██[38;2;249;237;219m██[38;2;129;100;43m  [38;2;126;99;42m  [38;2;251;238;225m██[38;2;249;238;226m██[38;2;249;237;225m██[38;2;248;237;220m██[38;2;249;238;225m██[38;2;200;140;145m██[38;2;189;130;128m  [38;2;169;109;104m  [38;2;126;96;44m  [38;2;128;99;42m    [38;2;129;99;42m  
[38;2;43;43;0m      [38;2;64;32;16m  [38;2;112;74;96m  [38;2;106;74;74m  [38;2;130;89;89m  [38;2;249;237;221m  [38;2;248;237;224m██[38;2;249;237;222m██[38;2;250;237;223m██[38;2;245;231;215m  [38;2;69;69;32m  [38;2;159;135;127m  [38;2;249;233;219m██[38;2;249;237;223m██████[38;2;242;230;210m  [38;2;211;136;161m  [38;2;86;57;57m  [38;2;43;43;0m          
[38;2;0;0;0m            [38;2;43;43;43m  [38;2;248;236;218m  [38;2;249;237;221m██[38;2;248;237;223m██[38;2;249;236;225m██[38;2;241;230;212m██[38;2;104;97;81m  [38;2;238;227;202m  [38;2;241;227;208m██[38;2;246;233;217m██[38;2;252;236;220m██[38;2;249;238;222m██[38;2;120;111;87m  [38;2;96;96;96m  [38;2;0;0;0m            [0m
