
[38;2;0;0;0m          [38;2;64;64;64m    [38;2;75;75;75m  [38;2;194;194;194m██[38;2;254;254;254m  [38;2;253;253;253m██[38;2;245;245;245m██[38;2;255;255;255m████████████[38;2;254;254;254m██[38;2;253;253;253m██[38;2;254;254;254m██[38;2;194;194;194m██[38;2;111;111;111m  [38;2;0;0;0m              
[38;2;0;0;0m        [38;2;128;128;128m  [38;2;127;127;127m  [38;2;246;246;246m██[38;2;254;254;254m████[38;2;218;218;218m██[38;2;238;238;238m██[38;2;253;253;253m██[38;2;255;255;255m████████████[38;2;253;253;253m██[38;2;254;254;254m██[38;2;255;255;255m██████[38;2;180;180;180m██[38;2;76;76;76m  [38;2;0;0;0m          
[38;2;0;0;0m      [38;2;106;106;106m  [38;2;82;82;82m  [38;2;254;254;254m████[38;2;253;253;253m██[38;2;145;145;145m██[38;2;253;253;253m██[38;2;203;203;203m██[38;2;250;250;250m██[38;2;255;255;255m████████████[38;2;219;219;219m██[38;2;253;253;253m██[38;2;255;255;255m██████[38;2;254;254;254m██[38;2;224;224;224m  [38;2;166;166;166m  [38;2;0;0;0m        
[38;2;0;0;0m    [38;2;90;90;90m  [38;2;66;66;66m  [38;2;253;253;253m████[38;2;254;254;254m██[38;2;128;128;128m██[38;2;251;251;251m██[38;2;215;215;215m██[38;2;250;250;250m██[38;2;255;255;255m████████[38;2;254;254;254m██[38;2;255;255;255m████[38;2;252;252;252m██[38;2;140;140;140m██[38;2;254;254;254m██[38;2;255;255;255m██████[38;2;253;253;253m██[38;2;227;227;227m██[38;2;97;97;97m  [38;2;0;0;0m      
[38;2;0;0;0m    [38;2;130;130;130m  [38;2;253;253;253m██[38;2;255;255;255m██[38;2;254;254;254m██[38;2;214;214;214m██[38;2;252;252;252m████[38;2;216;216;216m██[38;2;255;255;255m██████[38;2;253;253;253m██[38;2;254;254;254m████████[38;2;255;255;255m██[38;2;252;252;252m██[38;2;239;239;239m██[38;2;255;255;255m████[38;2;250;250;250m██[38;2;254;254;254m████[38;2;177;177;177m  [38;2;128;128;128m  [38;2;0;0;0m    
[38;2;0;0;0m  [38;2;148;148;148m  [38;2;154;154;154m  [38;2;253;253;253m██[38;2;255;255;255m██[38;2;253;253;253m██[38;2;162;162;162m██[38;2;253;253;253m██[38;2;83;83;83m██[38;2;253;253;253m██[38;2;255;255;255m████[38;2;244;244;244m██[38;2;254;254;254m████[38;2;255;255;255m██[38;2;206;206;206m██[38;2;255;255;255m██████[38;2;76;76;76m██[38;2;255;255;255m████[38;2;250;250;250m██[38;2;249;249;249m██[38;2;254;254;254m██[38;2;253;253;253m██[38;2;59;59;59m  [38;2;83;83;83m  [38;2;0;0;0m  
[38;2;74;74;74m  [38;2;49;49;49m  [38;2;207;207;207m██[38;2;253;253;253m██[38;2;255;255;255m██[38;2;207;207;207m██[38;2;241;241;241m████[38;2;253;253;253m██[38;2;255;255;255m██████[38;2;105;105;105m██[38;2;254;254;254m██[38;2;255;255;255m██[38;2;254;254;254m██[38;2;168;168;168m██[38;2;254;254;254m██[38;2;255;255;255m████[38;2;243;243;243m██[38;2;252;252;252m██[38;2;254;254;254m████[38;2;95;95;95m██[38;2;254;254;254m██[38;2;255;255;255m██[38;2;253;253;253m██[38;2;195;195;195m  [38;2;0;0;0m  
[38;2;59;59;59m  [38;2;146;146;146m██[38;2;203;203;203m██[38;2;254;254;254m████[38;2;98;98;98m██[38;2;208;208;208m██[38;2;74;74;74m██[38;2;254;254;254m██[38;2;255;255;255m██████[38;2;94;94;94m██[38;2;255;255;255m████[38;2;254;254;254m██[38;2;159;159;159m██[38;2;254;254;254m██[38;2;255;255;255m████[38;2;253;253;253m██[38;2;140;140;140m██[38;2;254;254;254m██[38;2;255;255;255m██[38;2;186;186;186m██[38;2;253;253;253m██[38;2;255;255;255m██[38;2;254;254;254m██[38;2;91;91;91m  [38;2;64;64;64m  
[38;2;91;91;91m  [38;2;144;144;144m██[38;2;160;160;160m██[38;2;255;255;255m██[38;2;253;253;253m██[38;2;65;65;65m██[38;2;253;253;253m██[38;2;204;204;204m██[38;2;255;255;255m██████[38;2;254;254;254m██[38;2;149;149;149m██[38;2;255;255;255m████[38;2;254;254;254m██[38;2;181;181;181m██[38;2;254;254;254m██[38;2;255;255;255m████[38;2;254;254;254m██[38;2;57;57;57m██[38;2;253;253;253m██[38;2;255;255;255m██[38;2;253;253;253m██[38;2;244;244;244m██[38;2;255;255;255m████[38;2;252;252;252m██[38;2;165;165;165m  
[38;2;19;19;19m  [38;2;144;144;144m██[38;2;110;110;110m██[38;2;255;255;255m██[38;2;246;246;246m██[38;2;238;238;238m██[38;2;229;229;229m██[38;2;253;253;253m██[38;2;255;255;255m████[38;2;254;254;254m██[38;2;197;197;197m██[38;2;144;144;144m██[38;2;231;231;231m██[38;2;253;253;253m████[38;2;118;118;118m██[38;2;255;255;255m████████[38;2;154;154;154m██[38;2;254;254;254m██[38;2;255;255;255m██[38;2;252;252;252m██[38;2;160;160;160m██[38;2;254;254;254m██[38;2;253;253;253m██[38;2;223;223;223m██[38;2;77;77;77m  
[38;2;79;79;79m  [38;2;149;149;149m██[38;2;69;69;69m██[38;2;253;253;253m██[38;2;159;159;159m██[38;2;188;188;188m██[38;2;117;117;117m██[38;2;252;252;252m██[38;2;254;254;254m██[38;2;255;255;255m████[38;2;175;175;175m██[38;2;197;197;197m██[38;2;254;254;254m██[38;2;252;252;252m██[38;2;119;119;119m██[38;2;40;40;40m██[38;2;255;255;255m████████[38;2;221;221;221m██[38;2;240;240;240m██[38;2;110;110;110m██[38;2;154;154;154m██[38;2;108;108;108m██[38;2;252;252;252m██[38;2;254;254;254m██[38;2;128;128;128m██[38;2;106;106;106m██
[38;2;84;84;84m██[38;2;156;156;156m██[38;2;71;71;71m██[38;2;253;253;253m██[38;2;99;99;99m██[38;2;138;138;138m██[38;2;61;61;61m██[38;2;254;254;254m██[38;2;255;255;255m██████[38;2;72;72;72m██[38;2;189;189;189m██[38;2;255;255;255m████[38;2;81;81;81m██[38;2;1;1;1m██[38;2;249;249;249m██[38;2;255;255;255m██████[38;2;240;240;240m██[38;2;120;120;120m██[38;2;253;253;253m██[38;2;252;252;252m██[38;2;125;125;125m██[38;2;175;175;175m██[38;2;255;255;255m██[38;2;207;207;207m██[38;2;209;209;209m  
[38;2;128;128;128m██[38;2;154;154;154m██[38;2;49;49;49m██[38;2;254;254;254m██[38;2;59;59;59m██[38;2;201;201;201m██[38;2;67;67;67m██[38;2;255;255;255m██████[38;2;253;253;253m██[38;2;33;33;33m██[38;2;150;150;150m██[38;2;253;253;253m██[38;2;254;254;254m██[38;2;171;171;171m██[38;2;89;89;89m██[38;2;254;254;254m██[38;2;255;255;255m██████[38;2;226;226;226m██[38;2;13;13;13m██[38;2;254;254;254m██[38;2;252;252;252m██[38;2;203;203;203m██[38;2;162;162;162m██[38;2;252;252;252m██[38;2;253;253;253m██[38;2;250;250;250m  
[38;2;113;113;113m██[38;2;101;101;101m██[38;2;137;137;137m██[38;2;253;253;253m██[38;2;55;55;55m██[38;2;237;237;237m██[38;2;75;75;75m██[38;2;255;255;255m██████[38;2;254;254;254m██[38;2;175;175;175m██[38;2;84;84;84m██[38;2;254;254;254m██[38;2;106;106;106m██[38;2;253;253;253m██[38;2;206;206;206m██[38;2;254;254;254m██[38;2;255;255;255m██████[38;2;156;156;156m██[38;2;151;151;151m██[38;2;254;254;254m██[38;2;210;210;210m██[38;2;242;242;242m██[38;2;220;220;220m██[38;2;253;253;253m████[38;2;234;234;234m██
[38;2;116;116;116m  [38;2;100;100;100m██[38;2;253;253;253m██[38;2;254;254;254m██[38;2;77;77;77m██[38;2;149;149;149m██[38;2;67;67;67m██[38;2;255;255;255m██████[38;2;252;252;252m██[38;2;254;254;254m██[38;2;116;116;116m██[38;2;227;227;227m██[38;2;245;245;245m██[38;2;255;255;255m██[38;2;230;230;230m██[38;2;253;253;253m██[38;2;255;255;255m██[38;2;254;254;254m██[38;2;253;253;253m██[38;2;46;46;46m██[38;2;250;250;250m██[38;2;252;252;252m██[38;2;51;51;51m██[38;2;185;185;185m██[38;2;248;248;248m██[38;2;254;254;254m████[38;2;192;192;192m██
[38;2;92;92;92m██[38;2;240;240;240m██[38;2;254;254;254m██[38;2;253;253;253m██[38;2;116;116;116m██[38;2;216;216;216m██[38;2;59;59;59m██[38;2;253;253;253m██[38;2;255;255;255m████[38;2;195;195;195m██[38;2;254;254;254m██[38;2;37;37;37m██[38;2;177;177;177m██[38;2;94;94;94m██[38;2;254;254;254m██[38;2;239;239;239m██[38;2;253;253;253m██[38;2;254;254;254m██[38;2;255;255;255m██[38;2;235;235;235m██[38;2;234;234;234m██[38;2;133;133;133m██[38;2;85;85;85m██[38;2;159;159;159m██[38;2;131;131;131m██[38;2;248;248;248m██[38;2;254;254;254m████[38;2;179;179;179m  
[38;2;177;177;177m  [38;2;254;254;254m██[38;2;253;253;253m██[38;2;82;82;82m██[38;2;253;253;253m██[38;2;99;99;99m██[38;2;128;128;128m██[38;2;252;252;252m██[38;2;255;255;255m████[38;2;116;116;116m██[38;2;251;251;251m██[38;2;237;237;237m██[38;2;253;253;253m██[38;2;45;45;45m██[38;2;253;253;253m██[38;2;241;241;241m██[38;2;253;253;253m████[38;2;225;225;225m██[38;2;119;119;119m██[38;2;254;254;254m██[38;2;156;156;156m██[38;2;254;254;254m██[38;2;63;63;63m██[38;2;114;114;114m██[38;2;218;218;218m██[38;2;255;255;255m██[38;2;244;244;244m██[38;2;126;126;126m██
[38;2;115;115;115m  [38;2;253;253;253m██[38;2;252;252;252m██[38;2;249;249;249m██[38;2;186;186;186m██[38;2;253;253;253m██[38;2;212;212;212m██[38;2;253;253;253m██[38;2;255;255;255m████[38;2;80;80;80m██[38;2;252;252;252m██[38;2;111;111;111m██[38;2;40;40;40m██[38;2;209;209;209m██[38;2;255;255;255m██[38;2;251;251;251m██[38;2;253;253;253m██[38;2;125;125;125m██[38;2;162;162;162m██[38;2;253;253;253m████[38;2;104;104;104m██[38;2;122;122;122m██[38;2;177;177;177m██[38;2;124;124;124m██[38;2;115;115;115m██[38;2;253;253;253m██[38;2;162;162;162m██[38;2;163;163;163m  
[38;2;64;64;64m  [38;2;253;253;253m██[38;2;135;135;135m██[38;2;252;252;252m██[38;2;181;181;181m██[38;2;252;252;252m██[38;2;112;112;112m██[38;2;146;146;146m██[38;2;253;253;253m██[38;2;254;254;254m██[38;2;76;76;76m██[38;2;217;217;217m██[38;2;221;221;221m██[38;2;213;213;213m██[38;2;254;254;254m██[38;2;255;255;255m██[38;2;254;254;254m██[38;2;232;232;232m██[38;2;254;254;254m██████[38;2;255;255;255m██[38;2;254;254;254m██[38;2;252;252;252m██[38;2;207;207;207m██[38;2;157;157;157m██[38;2;31;31;31m██[38;2;253;253;253m██[38;2;80;80;80m  [38;2;64;64;64m  
[38;2;64;64;64m  [38;2;253;253;253m██[38;2;82;82;82m██[38;2;253;253;253m██[38;2;191;191;191m██[38;2;90;90;90m██[38;2;229;229;229m██[38;2;100;100;100m██[38;2;144;144;144m██[38;2;251;251;251m██[38;2;116;116;116m██[38;2;254;254;254m████[38;2;253;253;253m████[38;2;255;255;255m████████████████[38;2;254;254;254m██[38;2;219;219;219m██[38;2;197;197;197m██[38;2;100;100;100m██[38;2;239;239;239m██[38;2;140;140;140m  [38;2;0;0;0m  
[38;2;64;64;64m  [38;2;251;251;251m██[38;2;249;249;249m██[38;2;174;174;174m██[38;2;227;227;227m██[38;2;251;251;251m██[38;2;253;253;253m████[38;2;169;169;169m██[38;2;252;252;252m██[38;2;138;138;138m██[38;2;255;255;255m██[38;2;254;254;254m██[38;2;255;255;255m██████████████████████[38;2;228;228;228m██[38;2;78;78;78m██[38;2;135;135;135m  [38;2;141;141;141m  [38;2;64;64;64m  [38;2;0;0;0m  
[38;2;0;0;0m  [38;2;236;236;236m██[38;2;254;254;254m██[38;2;250;250;250m████[38;2;83;83;83m██[38;2;40;40;40m██[38;2;87;87;87m██[38;2;181;181;181m██[38;2;99;99;99m██[38;2;139;139;139m██[38;2;254;254;254m██[38;2;194;194;194m██[38;2;255;255;255m██████████████████████[38;2;253;253;253m██[38;2;88;88;88m██[38;2;115;115;115m  [38;2;0;0;0m      
[38;2;0;0;0m  [38;2;212;212;212m██[38;2;255;255;255m██[38;2;254;254;254m██[38;2;86;86;86m██[38;2;253;253;253m██[38;2;252;252;252m████[38;2;243;243;243m██[38;2;251;251;251m██[38;2;193;193;193m██[38;2;127;127;127m██[38;2;180;180;180m██[38;2;254;254;254m██[38;2;255;255;255m████████████████████[38;2;254;254;254m██[38;2;78;78;78m  [38;2;96;96;96m  [38;2;0;0;0m      
[38;2;0;0;0m  [38;2;186;186;186m██[38;2;255;255;255m████[38;2;250;250;250m██[38;2;128;128;128m██[38;2;70;70;70m██[38;2;184;184;184m██[38;2;224;224;224m██[38;2;160;160;160m██[38;2;252;252;252m██[38;2;202;202;202m██[38;2;121;121;121m██[38;2;255;255;255m████[38;2;253;253;253m██[38;2;254;254;254m████[38;2;255;255;255m██[38;2;254;254;254m██[38;2;255;255;255m██████[38;2;253;253;253m████[38;2;103;103;103m  [38;2;0;0;0m        
[38;2;0;0;0m  [38;2;174;174;174m██[38;2;255;255;255m████[38;2;223;223;223m██[38;2;177;177;177m██[38;2;253;253;253m██[38;2;233;233;233m██[38;2;253;253;253m██[38;2;221;221;221m██[38;2;75;75;75m██[38;2;253;253;253m████[38;2;255;255;255m████[38;2;253;253;253m██[38;2;194;194;194m██[38;2;253;253;253m██[38;2;252;252;252m██[38;2;254;254;254m██[38;2;255;255;255m██████[38;2;219;219;219m██[38;2;140;140;140m██[38;2;128;128;128m  [38;2;0;0;0m        [0m
