
[38;2;0;0;0m                      [38;2;7;2;3m  [38;2;121;39;50m  [38;2;162;54;68m  [38;2;127;43;53m  [38;2;160;53;66m  [38;2;169;56;70m  [38;2;171;57;72m████[38;2;170;56;72m  [38;2;155;51;64m  [38;2;124;41;52m  [38;2;40;11;14m  [38;2;0;0;0m    [38;2;10;2;3m  [38;2;58;15;20m  [38;2;0;0;0m      
[38;2;0;0;0m                  [38;2;30;9;12m  [38;2;114;37;47m  [38;2;179;60;76m██[38;2;187;63;80m██[38;2;173;58;73m██[38;2;169;56;71m██[38;2;171;57;72m██[38;2;180;60;76m██[38;2;184;62;78m████████[38;2;185;62;78m██[38;2;186;63;79m██[38;2;160;52;67m  [38;2;72;29;32m  [38;2;15;6;6m  [38;2;138;47;59m  [38;2;125;41;52m  [38;2;33;10;14m  [38;2;0;0;0m  
[38;2;0;0;0m      [38;2;43;13;18m  [38;2;13;4;5m  [38;2;0;0;0m      [38;2;77;25;32m  [38;2;171;56;72m  [38;2;184;62;78m████████████████████████[38;2;175;57;74m██[38;2;201;85;91m██[38;2;225;106;106m██[38;2;159;70;72m  [38;2;157;51;66m  [38;2;185;62;78m██[38;2;174;58;73m██[38;2;100;32;41m  
[38;2;0;0;0m  [38;2;16;7;8m  [38;2;53;20;25m  [38;2;100;38;47m██[38;2;22;7;9m  [38;2;0;0;0m    [38;2;66;22;27m  [38;2;180;60;76m██[38;2;184;62;78m██████████████████████[38;2;183;61;78m██[38;2;188;66;81m██[38;2;216;95;100m██[38;2;223;106;106m██[38;2;219;102;103m██[38;2;178;65;77m██[38;2;179;60;76m██[38;2;184;62;78m████[38;2;185;62;78m██
[38;2;32;15;18m  [38;2;54;25;30m██[38;2;71;30;37m██[38;2;103;39;49m██[38;2;29;10;13m  [38;2;0;0;0m  [38;2;73;33;33m  [38;2;212;94;98m██[38;2;196;75;86m██[38;2;173;55;73m██[38;2;183;61;78m██[38;2;181;60;76m██[38;2;182;61;77m██[38;2;184;62;78m██████████[38;2;183;61;77m████[38;2;197;80;89m██[38;2;225;104;106m██[38;2;228;108;108m██[38;2;227;106;107m██[38;2;174;65;76m██[38;2;176;59;74m██[38;2;186;63;79m██[38;2;185;62;78m██[38;2;186;63;79m██[38;2;182;61;77m██
[38;2;53;26;31m██[38;2;49;22;27m██[38;2;73;31;38m██[38;2;108;41;51m██[38;2;115;40;50m██[38;2;20;6;8m  [38;2;170;74;79m  [38;2;228;107;108m██[38;2;219;104;104m██[38;2;223;104;105m██[38;2;205;85;92m██[38;2;181;65;79m██[38;2;190;67;82m██[38;2;187;66;81m██[38;2;187;65;80m██[38;2;188;66;80m██[38;2;189;67;81m██[38;2;192;70;84m██[38;2;205;85;93m██[38;2;225;105;106m██[38;2;229;109;108m██[38;2;216;102;102m██[38;2;223;103;105m██[38;2;196;74;86m██[38;2;168;55;70m██[38;2;156;52;65m██[38;2;159;53;66m██[38;2;157;52;66m██[38;2;108;32;42m  [38;2;122;40;51m  
[38;2;52;26;32m██[38;2;47;21;26m██[38;2;70;29;36m██[38;2;102;38;47m██[38;2;130;44;57m██[38;2;120;38;50m  [38;2;180;60;76m██[38;2;190;69;83m██[38;2;215;97;100m██[38;2;230;110;110m██[38;2;229;109;109m██[38;2;214;101;101m██[38;2;225;105;106m██[38;2;223;103;105m██[38;2;222;102;104m██[38;2;223;103;104m██[38;2;224;105;106m██[38;2;228;108;108m██[38;2;229;109;108m██[38;2;228;108;108m██[38;2;230;109;109m██[38;2;203;86;93m██[38;2;184;64;79m██[38;2;183;61;78m██[38;2;184;62;78m██[38;2;183;62;77m██[38;2;179;60;75m██[38;2;177;60;75m██[38;2;138;43;56m  [38;2;4;1;1m  
[38;2;35;17;21m  [38;2;11;3;5m  [38;2;0;0;0m  [38;2;55;17;23m  [38;2;18;6;8m  [38;2;148;49;62m██[38;2;182;61;77m██[38;2;177;59;75m██[38;2;178;57;75m██[38;2;193;73;85m██[38;2;215;94;99m██[38;2;204;95;96m██[38;2;224;105;105m██[38;2;228;108;107m██[38;2;228;108;108m████[38;2;228;107;108m██[38;2;210;97;98m██[38;2;222;101;104m██[38;2;209;89;95m██[38;2;185;65;80m██[38;2;181;59;76m██[38;2;178;60;76m██[38;2;180;61;76m██[38;2;180;60;76m██[38;2;149;49;62m██[38;2;160;53;67m██[38;2;184;62;78m██[38;2;183;62;78m██[38;2;29;8;11m  
[38;2;1;0;0m  [38;2;0;0;0m    [38;2;2;2;2m  [38;2;26;7;10m  [38;2;182;62;78m██[38;2;181;61;77m██[38;2;171;57;72m██[38;2;181;61;77m██[38;2;182;61;77m██[38;2;182;58;76m██[38;2;166;83;88m██[38;2;183;64;78m██[38;2;191;69;83m██[38;2;192;70;83m████[38;2;193;70;84m██[38;2;154;51;64m██[38;2;186;64;80m██[38;2;183;61;77m██[38;2;174;58;74m██[38;2;185;62;78m██[38;2;159;53;67m██[38;2;155;51;64m██[38;2;151;50;63m██[38;2;155;51;64m██[38;2;158;52;66m██[38;2;159;53;67m██[38;2;183;62;78m██[38;2;114;38;48m  
[38;2;0;0;0m      [38;2;6;5;5m  [38;2;8;20;20m██[38;2;83;31;39m██[38;2;166;55;71m██[38;2;173;58;74m██[38;2;181;61;77m████[38;2;177;53;71m██[38;2;182;113;113m██[38;2;168;54;70m██[38;2;184;62;78m██[38;2;183;62;78m██[38;2;184;62;78m██[38;2;185;61;78m██[38;2;155;75;81m██[38;2;185;62;78m████[38;2;170;57;72m██[38;2;185;62;78m██[38;2;157;52;66m██[38;2;169;56;71m██[38;2;132;42;54m██[38;2;118;37;48m██[38;2;183;62;78m██[38;2;149;49;62m██[38;2;183;61;78m██[38;2;159;52;66m  
[38;2;0;0;0m      [38;2;2;4;4m  [38;2;71;31;37m██[38;2;44;21;22m██[38;2;169;56;72m██[38;2;179;60;76m██[38;2;180;60;77m██[38;2;179;59;76m██[38;2;163;68;78m██[38;2;192;122;121m██[38;2;157;52;66m██[38;2;184;62;79m██[38;2;183;62;78m████[38;2;184;59;76m██[38;2;165;90;92m██[38;2;145;45;59m██[38;2;156;51;66m██[38;2;162;54;68m██[38;2;178;60;76m██[38;2;184;62;79m██[38;2;148;48;62m██[38;2;147;48;61m██[38;2;52;16;21m██[38;2;114;36;46m██[38;2;136;44;56m██[38;2;182;61;77m██[38;2;172;57;73m██
[38;2;0;0;0m  [38;2;85;28;9m  [38;2;8;0;0m  [38;2;24;6;8m  [38;2;156;51;66m  [38;2;176;59;76m██[38;2;169;56;72m██[38;2;178;60;76m██[38;2;179;60;77m██[38;2;148;46;61m██[38;2;158;100;101m██[38;2;200;146;150m██[38;2;146;56;68m██[38;2;184;60;78m██[38;2;183;62;78m████[38;2;183;60;77m██[38;2;157;90;91m██[38;2;183;71;85m██[38;2;180;61;76m██[38;2;181;60;76m██[38;2;140;50;61m██[38;2;184;62;78m██[38;2;131;43;54m██[38;2;161;53;68m██[38;2;94;28;37m██[38;2;168;56;71m██[38;2;124;40;51m██[38;2;180;61;77m██[38;2;178;60;76m██
[38;2;0;0;0m  [38;2;202;144;58m  [38;2;39;24;10m  [38;2;30;9;12m  [38;2;161;54;69m  [38;2;173;58;75m██[38;2;169;56;73m██[38;2;176;59;75m██[38;2;177;55;74m██[38;2;154;78;84m██[38;2;222;173;176m██[38;2;233;200;196m██[38;2;152;90;90m██[38;2;183;58;76m██[38;2;181;61;77m██[38;2;182;61;77m██[38;2;183;61;77m██[38;2;173;71;86m██[38;2;172;68;83m██[38;2;182;61;77m██[38;2;182;58;76m██[38;2;164;92;94m██[38;2;177;62;78m██[38;2;163;54;69m██[38;2;124;39;51m██[38;2;164;54;69m██[38;2;143;47;60m██[38;2;160;53;67m██[38;2;175;58;75m██[38;2;179;60;76m██
[38;2;0;0;0m  [38;2;204;166;73m  [38;2;91;74;32m  [38;2;31;10;12m  [38;2;160;53;69m██[38;2;174;60;75m██[38;2;156;49;69m██[38;2;175;57;75m██[38;2;167;79;86m██[38;2;185;123;121m██[38;2;240;220;214m██[38;2;241;221;214m██[38;2;183;125;122m██[38;2;167;58;73m██[38;2;180;61;77m██[38;2;181;61;77m████[38;2;184;55;87m██[38;2;201;160;153m██[38;2;175;50;69m██[38;2;171;54;71m██[38;2;161;62;75m██[38;2;167;77;93m██[38;2;173;56;73m██[38;2;156;52;66m██[38;2;178;60;76m██[38;2;178;60;77m██[38;2;163;54;70m██[38;2;172;57;74m██[38;2;177;59;76m██
[38;2;76;29;1m  [38;2;248;223;103m██[38;2;238;210;96m██[38;2;107;64;36m  [38;2;157;45;68m██[38;2;171;59;74m██[38;2;138;43;63m██[38;2;154;45;63m██[38;2;94;43;41m██[38;2;45;26;27m██[38;2;62;59;57m██[38;2;195;181;175m██[38;2;169;96;100m██[38;2;189;111;112m██[38;2;178;56;74m██[38;2;178;60;76m████[38;2;186;65;91m██[38;2;222;204;197m██[38;2;39;17;21m██[38;2;109;86;87m██[38;2;150;120;116m██[38;2;130;119;115m██[38;2;47;12;17m██[38;2;108;34;42m██[38;2;173;58;74m██[38;2;174;58;75m██[38;2;158;53;68m██[38;2;169;56;73m██[38;2;174;58;75m██
[38;2;220;187;83m  [38;2;255;232;108m██[38;2;255;233;108m██[38;2;206;180;86m  [38;2;143;51;61m██[38;2;164;55;72m██[38;2;102;33;43m██[38;2;81;69;66m██[38;2;206;185;178m██[38;2;185;157;157m██[38;2;170;132;142m██[38;2;193;164;168m██[38;2;202;171;167m██[38;2;224;186;181m██[38;2;178;70;88m██[38;2;179;69;86m██[38;2;182;63;88m██[38;2;185;91;88m██[38;2;202;187;181m██[38;2;211;188;187m██[38;2;171;144;129m██[38;2;149;102;125m██[38;2;218;198;196m██[38;2;241;225;217m██[38;2;68;45;44m██[38;2;154;51;65m██[38;2;172;58;74m██[38;2;154;51;66m██[38;2;167;56;72m██[38;2;169;57;73m██
[38;2;137;76;24m  [38;2;253;226;104m██[38;2;240;215;99m██[38;2;60;31;23m  [38;2;156;50;68m██[38;2;163;50;71m██[38;2;110;47;56m██[38;2;245;231;223m██[38;2;138;89;102m██[38;2;155;49;90m██[38;2;177;102;97m██[38;2;152;51;110m██[38;2;236;219;212m██[38;2;253;233;225m██[38;2;242;222;214m██[38;2;239;219;212m██[38;2;244;226;218m██[38;2;253;235;227m██[38;2;236;221;213m██[38;2;137;25;95m██[38;2;206;156;87m██[38;2;177;104;93m██[38;2;117;25;82m██[38;2;240;223;215m██[38;2;164;57;71m██[38;2;165;56;72m██[38;2;165;55;72m██[38;2;154;51;66m██[38;2;165;52;69m██[38;2;166;43;66m██
[38;2;0;0;0m  [38;2;142;89;29m  [38;2;196;165;72m  [38;2;32;10;14m  [38;2;153;51;67m██[38;2;167;62;73m██[38;2;166;86;82m██[38;2;242;228;221m██[38;2;184;77;123m██[38;2;231;205;96m██[38;2;252;235;96m██[38;2;195;142;95m██[38;2;230;199;194m██[38;2;255;235;227m████████[38;2;255;236;228m██[38;2;209;185;181m██[38;2;210;156;101m██[38;2;250;230;103m██[38;2;248;228;99m██[38;2;187;135;84m██[38;2;205;186;182m██[38;2;175;55;83m██[38;2;165;55;72m██[38;2;151;50;65m██[38;2;168;57;76m██[38;2;171;108;109m██[38;2;199;165;163m██
[38;2;0;0;0m  [38;2;33;10;4m  [38;2;170;102;38m  [38;2;31;4;13m  [38;2;149;40;66m██[38;2;156;51;70m██[38;2;147;12;42m██[38;2;232;214;207m██[38;2;197;92;133m██[38;2;229;162;132m██[38;2;248;217;124m██[38;2;205;109;139m██[38;2;233;197;201m██[38;2;255;235;227m████████[38;2;255;236;227m██[38;2;230;211;204m██[38;2;201;80;129m██[38;2;243;201;129m██[38;2;236;183;132m██[38;2;197;72;131m██[38;2;214;197;190m██[38;2;160;82;90m██[38;2;161;48;68m██[38;2;174;104;108m██[38;2;252;236;228m██[38;2;255;239;231m██[38;2;221;182;183m██
[38;2;0;0;0m    [38;2;41;8;0m  [38;2;62;41;24m  [38;2;184;126;80m██[38;2;152;44;68m██[38;2;146;38;59m██[38;2;182;135;130m██[38;2;212;151;151m██[38;2;234;150;170m██[38;2;248;188;181m██[38;2;223;149;174m██[38;2;248;229;221m██[38;2;255;235;227m██████████[38;2;255;238;230m██[38;2;213;167;175m██[38;2;244;179;179m██[38;2;240;168;176m██[38;2;205;128;141m██[38;2;229;181;170m██[38;2;174;115;112m██[38;2;153;37;57m██[38;2;217;171;168m██[38;2;253;236;228m██[38;2;209;173;166m██[38;2;147;22;39m██
[38;2;0;0;0m      [38;2;106;30;43m  [38;2;156;58;70m██[38;2;150;48;68m██[38;2;149;39;63m██[38;2;189;130;122m██[38;2;244;182;170m██[38;2;249;185;176m██[38;2;248;185;175m██[38;2;251;226;217m██[38;2;255;235;227m████[38;2;255;236;228m██[38;2;255;238;230m██[38;2;255;236;228m██[38;2;255;235;227m████[38;2;254;233;225m██[38;2;249;191;181m██[38;2;247;182;172m██[38;2;253;190;177m██[38;2;245;183;170m██[38;2;165;59;80m██[38;2;144;56;59m██[38;2;248;232;224m██[38;2;192;168;162m██[38;2;135;42;51m██[38;2;147;48;65m██
[38;2;0;0;0m      [38;2;128;41;57m██[38;2;145;48;65m██[38;2;149;49;67m██[38;2;145;35;60m██[38;2;210;154;144m██[38;2;255;192;179m██[38;2;255;191;178m██[38;2;255;191;179m██[38;2;255;224;215m██[38;2;255;235;227m██[38;2;254;234;226m██[38;2;234;210;202m██[38;2;211;157;150m██[38;2;230;198;190m██[38;2;250;231;223m██[38;2;255;235;227m██[38;2;255;233;225m██[38;2;255;197;185m██[38;2;255;188;175m██[38;2;255;190;177m██[38;2;232;173;161m██[38;2;153;81;82m██[38;2;224;191;184m██[38;2;179;129;133m██[38;2;136;29;29m██[38;2;149;56;67m██[38;2;145;48;65m██
[38;2;0;0;0m    [38;2;47;14;19m  [38;2;145;48;66m██[38;2;143;47;65m██[38;2;146;48;66m██[38;2;144;40;63m██[38;2;188;135;127m██[38;2;255;190;177m██[38;2;255;189;177m██[38;2;255;208;197m██[38;2;255;235;227m████[38;2;254;235;227m██[38;2;216;186;179m██[38;2;248;169;162m██[38;2;215;149;142m██[38;2;251;235;227m██[38;2;255;235;227m████[38;2;255;228;219m██[38;2;255;202;191m██[38;2;255;192;180m██[38;2;247;192;181m██[38;2;230;200;191m██[38;2;150;52;70m██[38;2;146;38;59m██[38;2;137;44;63m██[38;2;139;44;64m██[38;2;150;50;67m██
[38;2;0;0;0m  [38;2;5;1;2m  [38;2;107;34;48m  [38;2;117;37;52m  [38;2;116;37;52m  [38;2;145;48;66m██[38;2;144;48;66m██[38;2;141;50;63m██[38;2;238;207;201m██[38;2;255;230;221m██[38;2;255;235;227m████████[38;2;249;232;224m██[38;2;220;154;148m██[38;2;222;172;165m██[38;2;255;238;230m██[38;2;255;235;227m██████[38;2;255;237;229m██[38;2;251;235;227m██[38;2;215;195;190m██[38;2;144;45;47m██[38;2;146;45;65m██[38;2;147;49;67m██[38;2;126;41;57m██[38;2;136;45;61m██[38;2;150;49;68m██
[38;2;0;0;0m  [38;2;33;10;15m  [38;2;119;37;53m██[38;2;19;6;8m  [38;2;82;26;36m  [38;2;144;48;66m██[38;2;142;47;65m██[38;2;141;44;64m██[38;2;124;50;54m██[38;2;194;175;171m██[38;2;251;236;227m██[38;2;255;238;230m██[38;2;255;236;228m██[38;2;255;235;227m██[38;2;255;236;228m██[38;2;238;216;208m██[38;2;239;216;209m██[38;2;255;236;228m██[38;2;255;235;227m██[38;2;255;237;229m██[38;2;255;240;232m██[38;2;217;199;193m██[38;2;118;79;76m██[38;2;105;29;53m██[38;2;139;39;60m██[38;2;155;74;70m██[38;2;145;45;66m██[38;2;138;49;58m██[38;2;157;51;69m██[38;2;155;62;69m██
[38;2;15;4;6m  [38;2;88;28;39m  [38;2;15;4;6m  [38;2;0;0;0m  [38;2;49;13;21m  [38;2;144;48;66m██[38;2;141;47;65m██[38;2;140;46;64m██[38;2;131;42;60m██[38;2;80;6;30m██[38;2;86;36;47m██[38;2;156;122;124m██[38;2;190;162;157m██[38;2;205;186;180m██[38;2;222;208;201m██[38;2;230;216;209m██[38;2;232;218;211m██[38;2;226;212;205m██[38;2;198;187;181m██[38;2;164;151;146m██[38;2;99;59;69m██[38;2;79;7;20m██[38;2;94;23;48m██[38;2;100;32;52m██[38;2;136;20;64m██[38;2;210;158;93m██[38;2;144;44;65m██[38;2;218;193;90m██[38;2;162;62;68m██[38;2;159;75;69m██
[38;2;15;4;6m  [38;2;0;0;0m      [38;2;48;13;24m  [38;2;130;43;60m██[38;2;141;47;65m██[38;2;139;45;64m██[38;2;131;43;60m██[38;2;99;31;49m██[38;2;94;28;50m██[38;2;92;23;44m██[38;2;87;23;39m██[38;2;64;13;30m██[38;2;31;27;26m██[38;2;51;37;35m██[38;2;68;39;37m██[38;2;42;32;31m██[38;2;36;7;12m██[38;2;0;0;4m██[38;2;16;3;8m██[38;2;90;26;44m██[38;2;100;34;53m██[38;2;109;34;53m██[38;2;130;40;60m██[38;2;130;63;56m██[38;2;220;192;94m██[38;2;255;233;108m██[38;2;211;167;82m██[38;2;136;17;56m██[0m
