
[38;2;0;0;0m        [38;2;24;17;18m  [38;2;7;4;5m  [38;2;23;17;18m  [38;2;0;0;0m      [38;2;5;4;4m  [38;2;108;64;71m  [38;2;246;131;168m██[38;2;255;126;166m██[38;2;255;106;152m██[38;2;255;106;150m██[38;2;255;108;152m██[38;2;255;110;155m████[38;2;254;112;156m██[38;2;241;106;150m██[38;2;145;64;87m  [38;2;253;253;253m  [38;2;254;254;254m  [38;2;194;180;178m  [38;2;212;48;43m████[38;2;255;255;255m  [38;2;211;45;39m██[38;2;212;49;44m██
[38;2;0;0;0m      [38;2;7;5;5m  [38;2;241;207;209m██[38;2;255;206;209m██[38;2;238;178;190m██[38;2;19;13;15m  [38;2;12;8;9m  [38;2;190;164;166m  [38;2;255;173;197m████████████[38;2;255;170;194m██[38;2;255;142;175m██[38;2;254;149;180m██[38;2;255;126;165m██[38;2;255;104;149m██[38;2;243;102;143m██[38;2;227;126;120m██[38;2;212;49;44m██[38;2;212;51;46m██[38;2;223;102;95m██[38;2;212;49;44m██████[38;2;212;54;47m██
[38;2;0;0;0m    [38;2;11;6;7m  [38;2;253;201;211m██[38;2;255;173;197m████[38;2;223;139;158m██[38;2;155;33;30m██[38;2;255;209;212m██[38;2;255;184;202m██[38;2;255;173;197m██████████████████████[38;2;200;39;36m██[38;2;244;200;199m██[38;2;211;46;41m██[38;2;212;49;44m██[38;2;219;80;76m██[38;2;242;194;192m██[38;2;221;91;83m██[38;2;248;217;215m██[38;2;254;254;254m  
[38;2;0;0;0m  [38;2;22;16;17m  [38;2;234;170;191m██[38;2;255;173;197m██[38;2;255;176;200m██[38;2;232;101;139m██[38;2;130;25;24m██[38;2;255;208;210m████[38;2;255;178;199m██[38;2;255;173;197m████[38;2;255;170;195m██[38;2;255;167;193m██[38;2;255;177;200m██[38;2;236;116;150m██[38;2;255;173;197m██████████[38;2;183;32;28m██[38;2;255;171;196m██[38;2;255;197;215m██[38;2;211;47;42m██[38;2;212;49;44m██[38;2;255;211;224m██[38;2;255;178;199m██[38;2;238;176;174m██[38;2;212;49;43m██
[38;2;15;11;11m  [38;2;196;142;161m  [38;2;255;173;197m████[38;2;248;156;185m██[38;2;218;70;113m██[38;2;255;209;212m██[38;2;255;208;210m████[38;2;255;196;205m██[38;2;255;173;197m████[38;2;255;174;198m██[38;2;255;110;154m██[38;2;255;107;151m██[38;2;255;106;151m██[38;2;254;168;194m██[38;2;254;174;198m██[38;2;255;173;197m██████[38;2;194;88;102m  [38;2;164;94;109m██[38;2;253;247;247m██[38;2;212;47;42m██[38;2;212;49;44m██[38;2;254;222;229m██[38;2;220;88;82m██[38;2;212;49;44m████
[38;2;242;174;197m██[38;2;255;173;197m██████[38;2;255;172;197m██[38;2;183;134;151m██[38;2;255;208;210m████████[38;2;255;174;198m██[38;2;244;87;133m██[38;2;255;109;153m██[38;2;241;81;129m██[38;2;251;169;195m██[38;2;255;134;171m██[38;2;255;173;197m██[38;2;247;155;183m██[38;2;246;91;139m██[38;2;241;134;166m██[38;2;255;173;197m████[38;2;255;217;229m██[38;2;212;49;44m████[38;2;217;78;73m██[38;2;255;195;215m██[38;2;212;48;43m██[38;2;212;47;42m██[38;2;232;229;228m  
[38;2;255;173;197m██[38;2;255;176;198m██[38;2;255;173;197m████[38;2;185;133;150m██[38;2;255;173;197m██[38;2;255;208;210m██████[38;2;255;175;199m██[38;2;251;105;151m██[38;2;232;102;140m██[38;2;255;175;199m██[38;2;255;173;197m██████████[38;2;255;172;197m██[38;2;233;68;116m██[38;2;255;175;199m██[38;2;255;171;196m██[38;2;255;205;215m██[38;2;213;54;49m██[38;2;252;237;237m██[38;2;255;179;199m██[38;2;254;224;229m██[38;2;212;49;44m██[38;2;212;47;42m██[38;2;255;174;199m██
[38;2;246;186;200m  [38;2;255;172;196m██[38;2;255;173;197m██[38;2;254;153;183m██[38;2;166;119;135m  [38;2;255;173;197m██[38;2;255;196;205m██[38;2;255;209;210m██[38;2;255;174;199m██[38;2;223;64;106m██[38;2;255;196;206m██[38;2;255;208;210m████[38;2;255;207;210m██[38;2;255;198;206m██[38;2;255;186;202m██[38;2;255;174;197m██[38;2;255;173;197m██[38;2;255;191;204m██[38;2;255;207;209m██[38;2;255;171;196m██[38;2;255;208;210m████[38;2;254;183;203m██[38;2;228;165;186m██[38;2;255;173;197m██[38;2;255;181;203m██[38;2;212;46;41m██[38;2;242;189;186m██[38;2;255;172;197m██
[38;2;236;207;210m  [38;2;255;173;197m██[38;2;255;164;191m██[38;2;253;111;156m██[38;2;255;174;198m██[38;2;255;173;197m████[38;2;249;160;188m██[38;2;206;43;37m██[38;2;255;209;210m██[38;2;255;208;210m██████████[38;2;255;168;193m██[38;2;255;123;163m██[38;2;255;174;198m██[38;2;255;203;208m██[38;2;255;208;210m██[38;2;255;209;210m██[38;2;255;191;204m██[38;2;255;206;209m██[38;2;255;173;199m██[38;2;214;125;140m██[38;2;145;107;119m  [38;2;255;173;197m██[38;2;254;236;240m██[38;2;255;172;196m██[38;2;255;173;197m██
[38;2;219;189;192m  [38;2;255;173;197m██[38;2;255;105;150m██[38;2;53;35;39m██[38;2;255;173;197m████[38;2;217;53;97m██[38;2;255;174;199m██[38;2;162;27;25m██[38;2;255;211;213m██[38;2;255;208;210m████████[38;2;255;171;195m██[38;2;141;63;87m██[38;2;133;78;67m██[38;2;255;175;199m██[38;2;255;118;159m██[38;2;255;208;210m████[38;2;241;92;136m██[38;2;255;173;197m████[38;2;199;94;105m██[38;2;255;173;197m██[38;2;145;27;27m██[38;2;255;177;201m██[38;2;255;173;197m████
[38;2;107;91;94m  [38;2;255;173;197m██[38;2;255;112;156m██[38;2;236;170;192m██[38;2;255;175;199m██[38;2;209;76;102m██[38;2;190;48;49m██[38;2;251;176;201m██[38;2;242;171;194m██[38;2;198;109;117m██[38;2;255;208;210m██████[38;2;253;172;196m██[38;2;149;84;72m██[38;2;248;175;156m██[38;2;103;58;54m██[38;2;254;177;201m██[38;2;107;54;54m  [38;2;255;203;208m██[38;2;255;172;196m██[38;2;255;138;173m██[38;2;255;175;199m██[38;2;255;173;198m██[38;2;197;92;102m██[38;2;255;173;197m██[38;2;189;35;30m██[38;2;185;82;115m██[38;2;255;176;200m██[38;2;255;173;197m██
[38;2;57;27;35m  [38;2;255;173;197m██[38;2;245;157;185m██[38;2;242;137;169m██[38;2;254;176;200m██[38;2;250;175;198m██[38;2;243;168;192m██[38;2;195;44;40m██[38;2;228;152;172m  [38;2;185;68;74m██[38;2;254;176;201m██[38;2;255;172;196m██[38;2;106;74;83m██[38;2;253;147;119m██[38;2;241;234;225m██[38;2;240;231;222m██[38;2;207;151;169m██[38;2;67;57;58m  [38;2;241;234;226m██[38;2;135;97;107m██[38;2;255;173;197m██[38;2;255;165;192m██[38;2;246;148;177m██[38;2;255;174;197m██[38;2;198;93;105m██[38;2;255;173;197m██[38;2;197;95;112m  [38;2;250;111;155m██[38;2;225;62;107m██[38;2;255;174;198m██
[38;2;15;10;12m  [38;2;129;94;104m██[38;2;228;166;187m██[38;2;255;173;197m██████[38;2;194;36;32m██[38;2;194;76;84m██[38;2;252;177;202m██[38;2;199;97;111m██[38;2;165;31;28m██[38;2;230;146;127m██[38;2;240;233;224m██[38;2;240;231;222m████[38;2;82;76;76m██[38;2;168;161;159m██[38;2;240;231;222m████[38;2;241;233;224m██[38;2;154;104;119m██[38;2;255;171;196m██[38;2;224;73;115m██[38;2;255;174;199m██[38;2;213;121;137m██[38;2;255;173;197m██[38;2;239;167;188m██[38;2;251;113;157m██[38;2;253;106;151m██[38;2;255;107;151m██
[38;2;225;196;199m██[38;2;255;115;158m██[38;2;255;138;173m██[38;2;255;155;185m██[38;2;255;161;189m██[38;2;255;155;185m██[38;2;239;134;164m██[38;2;188;38;35m██[38;2;103;53;68m██[38;2;229;215;210m██[38;2;240;231;222m██████████████████[38;2;241;234;225m██[38;2;220;132;153m██[38;2;117;68;81m██[38;2;230;62;109m██[38;2;254;177;201m██[38;2;229;147;167m██[38;2;255;173;197m████[38;2;247;107;151m██[38;2;255;117;157m██[38;2;55;25;34m  
[38;2;14;10;11m  [38;2;252;165;192m██[38;2;72;46;51m██[38;2;98;66;73m██[38;2;92;43;51m██[38;2;118;105;105m██[38;2;207;96;127m██[38;2;240;226;222m██[38;2;241;232;224m██[38;2;240;232;223m██[38;2;240;231;222m██████████[38;2;238;219;216m██[38;2;222;113;140m██[38;2;209;57;95m██[38;2;237;212;212m██[38;2;240;231;222m████[38;2;240;233;224m██[38;2;153;82;73m██[38;2;253;177;202m██[38;2;244;170;192m██[38;2;255;173;197m████[38;2;124;60;79m██[38;2;204;182;182m██[38;2;26;19;21m  
[38;2;233;208;211m██[38;2;53;39;43m  [38;2;150;108;121m  [38;2;255;109;153m██[38;2;160;91;78m██[38;2;90;83;82m  [38;2;81;77;75m██[38;2;11;9;9m██[38;2;206;96;88m██[38;2;246;149;132m██[38;2;240;231;222m██████████[38;2;243;145;129m██[38;2;233;210;207m██[38;2;11;10;10m██[38;2;33;27;28m██[38;2;19;16;16m██[38;2;53;46;46m██[38;2;235;228;221m██[38;2;186;105;88m██[38;2;255;173;197m████████[38;2;177;94;120m  [38;2;252;109;152m██[38;2;23;17;18m  
[38;2;0;0;0m    [38;2;234;168;191m██[38;2;255;104;150m██[38;2;117;52;70m  [38;2;132;82;105m██[38;2;194;22;123m████[38;2;163;179;185m██[38;2;231;210;204m██[38;2;240;231;222m████████████[38;2;165;164;167m  [38;2;195;22;123m██[38;2;192;20;121m██[38;2;222;235;237m██[38;2;193;230;236m██[38;2;166;201;208m██[38;2;3;1;2m██[38;2;255;173;197m████████[38;2;255;128;166m██[38;2;255;107;151m██[38;2;6;5;6m  
[38;2;0;0;0m  [38;2;11;7;8m  [38;2;254;178;202m██[38;2;255;105;150m██[38;2;232;100;141m██[38;2;227;207;206m██[38;2;188;23;117m██[38;2;244;210;222m  [38;2;150;77;110m██[38;2;255;255;254m██[38;2;240;231;222m██[38;2;240;232;223m██[38;2;240;231;222m████[38;2;242;224;216m██[38;2;240;231;222m██[38;2;253;252;251m██[38;2;205;48;126m██[38;2;255;254;254m██[38;2;220;59;139m██[38;2;255;255;255m████[38;2;149;80;76m██[38;2;255;173;197m████████[38;2;255;109;154m██[38;2;255;107;151m██[38;2;86;37;51m  
[38;2;0;0;0m  [38;2;22;15;16m  [38;2;255;174;198m██[38;2;255;107;151m██[38;2;255;110;154m██[38;2;243;235;227m██[38;2;146;83;105m  [38;2;255;109;164m██[38;2;243;102;155m██[38;2;255;255;255m██[38;2;248;178;165m██[38;2;246;208;199m██[38;2;246;203;194m██[38;2;247;199;189m██[38;2;246;203;193m██[38;2;247;202;192m██[38;2;243;217;209m██[38;2;198;175;181m██[38;2;168;74;107m  [38;2;190;82;117m██[38;2;247;245;243m██[38;2;249;244;240m██[38;2;104;62;59m  [38;2;255;173;197m██[38;2;255;117;158m██[38;2;255;173;197m████[38;2;255;106;150m██[38;2;255;107;151m██[38;2;254;112;157m██
[38;2;0;0;0m  [38;2;7;3;4m  [38;2;255;173;197m██[38;2;255;107;151m████[38;2;238;230;222m██[38;2;240;231;221m██[38;2;242;226;218m██[38;2;243;222;214m██[38;2;248;175;163m██[38;2;246;209;201m██[38;2;251;145;133m██[38;2;246;204;196m██[38;2;251;148;136m██[38;2;247;204;195m██[38;2;251;146;131m██[38;2;246;209;200m██[38;2;243;220;211m██[38;2;240;231;222m██████[38;2;240;234;225m██[38;2;100;72;78m██[38;2;255;173;197m██[38;2;255;105;150m██[38;2;255;173;197m████[38;2;255;107;151m██████
[38;2;0;0;0m  [38;2;12;8;8m  [38;2;255;176;199m██[38;2;255;107;151m████[38;2;181;177;175m██[38;2;240;230;221m██[38;2;249;176;160m██[38;2;243;221;212m██[38;2;244;215;207m██[38;2;245;212;204m██[38;2;246;205;197m██[38;2;247;206;197m██[38;2;249;174;159m██[38;2;247;206;197m████[38;2;246;209;201m██[38;2;243;222;214m██[38;2;240;231;222m██████[38;2;241;231;224m██[38;2;193;139;157m██[38;2;255;173;197m██[38;2;255;104;149m██[38;2;255;173;197m██[38;2;255;151;182m██[38;2;255;110;154m██[38;2;255;107;151m████
[38;2;0;0;0m  [38;2;10;7;8m  [38;2;255;175;200m██[38;2;255;107;151m████[38;2;108;95;97m  [38;2;240;231;222m██[38;2;240;230;221m██[38;2;240;229;220m████[38;2;240;230;221m██[38;2;240;230;222m██[38;2;240;230;221m██████[38;2;241;229;220m██[38;2;241;228;219m██[38;2;240;231;222m████████[38;2;248;189;173m██[38;2;253;178;202m██[38;2;255;174;198m██[38;2;253;103;148m██[38;2;255;173;197m██[38;2;255;106;151m██[38;2;240;103;146m██[38;2;255;107;151m██[38;2;255;111;156m██
[38;2;0;0;0m  [38;2;13;10;11m  [38;2;254;178;202m██[38;2;255;107;151m████[38;2;170;78;109m██[38;2;240;231;222m████████[38;2;240;232;223m██[38;2;239;229;222m  [38;2;240;231;222m██████████████████[38;2;214;125;108m██[38;2;255;173;197m██[38;2;251;163;191m██[38;2;247;152;181m██[38;2;255;141;176m██[38;2;255;107;151m██[38;2;31;15;20m  [38;2;252;197;207m██[38;2;202;146;160m██
[38;2;0;0;0m  [38;2;13;9;10m  [38;2;255;119;160m██[38;2;201;156;163m██[38;2;255;107;152m██[38;2;255;107;151m██[38;2;84;74;75m██[38;2;240;231;222m██████[38;2;221;202;198m██[38;2;240;231;222m██████████████████[38;2;240;232;223m██[38;2;86;62;68m  [38;2;255;174;197m██[38;2;237;73;122m██[38;2;255;174;198m██[38;2;233;64;112m██[38;2;216;155;174m██[38;2;15;11;11m  [38;2;71;59;60m  [38;2;152;129;131m██
[38;2;0;0;0m  [38;2;16;11;12m  [38;2;249;175;193m██[38;2;18;13;14m  [38;2;255;179;197m██[38;2;248;107;151m██[38;2;235;105;147m  [38;2;164;75;103m██[38;2;228;220;213m  [38;2;240;231;222m██████████████████[38;2;245;237;229m██[38;2;132;114;117m  [38;2;228;106;147m██[38;2;254;165;192m██[38;2;246;141;172m██[38;2;255;119;159m██[38;2;221;60;104m██[38;2;91;78;79m  [38;2;18;12;14m  [38;2;94;80;82m  [38;2;28;21;22m  [38;2;15;12;12m  
[38;2;0;0;0m    [38;2;12;9;10m  [38;2;43;37;37m  [38;2;7;5;6m  [38;2;207;181;183m  [38;2;21;15;17m  [38;2;178;78;110m  [38;2;23;13;15m  [38;2;238;107;153m██[38;2;21;17;17m  [38;2;125;115;115m  [38;2;202;199;196m██[38;2;209;203;199m██[38;2;221;194;186m██[38;2;153;146;145m██[38;2;119;116;120m██[38;2;188;223;229m██[38;2;24;11;15m  [38;2;19;16;16m  [38;2;125;95;97m  [38;2;205;159;166m  [38;2;178;154;157m  [38;2;8;4;5m  [38;2;8;5;6m  [38;2;0;0;0m          
[38;2;0;0;0m      [38;2;20;15;17m  [38;2;0;0;0m            [38;2;18;12;14m  [38;2;27;18;19m  [38;2;186;49;47m██[38;2;143;31;30m██[38;2;206;42;36m██[38;2;200;35;30m██[38;2;161;164;164m  [38;2;140;93;101m██[38;2;131;86;95m██[38;2;23;17;18m  [38;2;5;2;3m  [38;2;24;18;20m  [38;2;0;0;0m                
[38;2;0;0;0m                  [38;2;6;4;5m  [38;2;73;58;60m  [38;2;82;60;65m██[38;2;196;38;33m██[38;2;196;75;63m██[38;2;144;23;22m██[38;2;174;38;35m██[38;2;172;143;148m██████[38;2;94;61;68m██[38;2;0;0;0m                    
[38;2;0;0;0m                [38;2;2;1;2m  [38;2;19;15;15m  [38;2;104;84;89m██[38;2;101;85;87m  [38;2;166;137;142m██[38;2;176;170;167m██[38;2;164;152;151m██[38;2;130;109;112m██[38;2;172;143;148m████[38;2;166;137;142m██[38;2;70;48;52m  [38;2;0;0;0m                    
[38;2;0;0;0m                [38;2;26;17;19m  [38;2;172;143;148m██[38;2;136;97;106m  [38;2;172;143;148m██[38;2;175;145;150m██[38;2;205;168;163m██[38;2;175;116;108m██[38;2;97;86;87m██[38;2;175;146;151m████[38;2;131;84;92m██[38;2;14;10;10m  [38;2;0;0;0m                    [0m
