
[38;2;0;0;0m              [38;2;44;35;39m  [38;2;50;47;47m██████████[38;2;46;40;42m██[38;2;104;92;94m██[38;2;89;73;77m  [38;2;0;0;0m      
[38;2;0;0;0m            [38;2;44;40;41m  [38;2;49;46;47m██[38;2;24;20;23m██[38;2;44;37;38m██[38;2;20;16;19m██[38;2;45;42;43m██[38;2;50;47;47m██[38;2;48;44;45m██[38;2;185;162;164m██[38;2;70;59;62m██[38;2;39;22;30m  [38;2;0;0;0m    
[38;2;0;0;0m          [38;2;39;27;32m  [38;2;61;54;55m██[38;2;248;232;217m██[38;2;255;234;217m██████[38;2;255;237;220m██[38;2;198;166;158m██[38;2;120;103;108m██[38;2;193;171;174m██[38;2;181;159;161m██[38;2;50;47;47m██[38;2;20;5;12m  [38;2;0;0;0m  
[38;2;0;0;0m        [38;2;6;0;3m  [38;2;51;48;48m██[38;2;255;236;219m██[38;2;255;234;217m██████████[38;2;255;235;218m██[38;2;24;19;23m██[38;2;50;47;47m██████[38;2;50;48;47m██[38;2;6;0;3m  
[38;2;0;0;0m        [38;2;13;1;8m  [38;2;49;41;43m██[38;2;231;216;202m██[38;2;255;235;218m██[38;2;255;234;217m██[38;2;238;223;210m██[38;2;224;208;194m██[38;2;210;196;184m██[38;2;255;234;217m██[38;2;21;16;20m██[38;2;50;47;47m██[38;2;48;44;45m██[38;2;50;47;47m██[38;2;46;40;42m██[38;2;47;41;43m  
[38;2;0;0;0m          [38;2;61;54;54m██[38;2;250;233;218m██[38;2;236;210;197m██[38;2;255;234;217m██[38;2;223;201;189m██[38;2;149;137;133m██[38;2;232;216;202m██[38;2;255;234;217m██[38;2;86;77;76m██[38;2;49;46;46m██[38;2;27;20;25m██[38;2;50;47;47m████[38;2;50;48;48m██
[38;2;0;0;0m        [38;2;16;6;11m  [38;2;29;22;26m██[38;2;165;153;157m██[38;2;157;143;144m██[38;2;255;234;217m██[38;2;252;235;220m██[38;2;235;188;208m██[38;2;198;192;194m██[38;2;236;218;203m██[38;2;209;194;182m██[38;2;46;42;43m██[38;2;33;26;30m██[38;2;36;33;35m██[38;2;46;43;43m██[38;2;40;34;37m██
[38;2;0;0;0m        [38;2;40;28;33m  [38;2;23;18;23m██[38;2;218;189;200m██[38;2;219;194;204m██[38;2;255;234;217m██[38;2;255;235;218m██[38;2;236;187;205m██[38;2;234;231;232m██[38;2;255;234;217m██[38;2;250;233;217m██[38;2;40;36;38m██[38;2;40;33;36m██[38;2;24;19;23m██[38;2;48;46;46m██[38;2;45;42;43m██
[38;2;0;0;0m        [38;2;42;37;39m  [38;2;23;18;22m██[38;2;240;228;213m██[38;2;232;220;206m██[38;2;240;226;212m██[38;2;232;215;200m██[38;2;162;157;145m██[38;2;166;163;142m██[38;2;198;188;173m██[38;2;221;205;192m██[38;2;24;19;23m██[38;2;49;46;46m██[38;2;24;19;23m████[38;2;27;23;26m██
[38;2;0;0;0m        [38;2;37;33;35m██[38;2;152;159;126m██[38;2;147;155;122m██[38;2;183;195;154m██[38;2;177;190;148m██[38;2;159;170;133m██[38;2;165;180;138m██[38;2;146;125;108m██[38;2;167;97;91m██[38;2;113;66;71m██[38;2;121;71;75m██[38;2;37;32;35m██[38;2;39;35;37m██[38;2;24;19;23m████
[38;2;0;0;0m        [38;2;34;29;32m██[38;2;89;94;76m██[38;2;91;95;77m██[38;2;100;111;88m██[38;2;95;105;82m██[38;2;95;105;83m██[38;2;82;85;70m██[38;2;86;83;71m██[38;2;111;91;86m██[38;2;153;99;96m██[38;2;49;29;35m██[38;2;24;16;22m██[38;2;35;31;33m██[38;2;43;40;40m██[38;2;24;19;23m██
[38;2;0;0;0m        [38;2;37;33;34m██[38;2;25;14;21m  [38;2;0;0;0m  [38;2;14;4;9m  [38;2;61;45;50m  [38;2;202;182;174m██[38;2;116;103;99m██[38;2;206;173;165m██[38;2;228;203;202m██[38;2;161;115;124m██[38;2;44;33;41m██[38;2;45;33;41m████[38;2;44;31;40m██[38;2;46;35;41m██
[38;2;0;0;0m        [38;2;35;20;28m  [38;2;27;19;24m██[38;2;56;41;46m  [38;2;71;57;60m██[38;2;190;128;140m██[38;2;199;174;174m██[38;2;219;185;175m██[38;2;227;202;201m██[38;2;204;177;179m██[38;2;212;149;153m██[38;2;44;32;41m██[38;2;71;57;60m████████
[38;2;41;22;30m  [38;2;67;52;56m  [38;2;62;46;51m  [38;2;60;44;49m  [38;2;72;58;61m██[38;2;71;57;60m████[38;2;92;68;72m██[38;2;190;155;159m██[38;2;209;195;192m██[38;2;211;186;186m██[38;2;254;243;241m██[38;2;240;172;174m██[38;2;108;78;82m██[38;2;45;33;41m██[38;2;71;57;60m████████
[38;2;71;57;60m████[38;2;66;50;55m██[38;2;71;57;60m████████[38;2;233;167;169m██[38;2;244;235;233m██[38;2;222;209;195m██[38;2;255;242;240m██[38;2;187;165;168m██[38;2;240;171;173m██[38;2;67;54;57m██[38;2;45;33;41m██[38;2;71;57;60m████████
[38;2;71;57;60m██████████[38;2;64;48;53m██[38;2;68;54;57m██[38;2;242;172;175m██[38;2;255;243;241m██[38;2;194;180;181m██[38;2;255;242;240m██[38;2;206;143;147m██[38;2;212;151;154m██[38;2;71;57;60m██[38;2;47;35;43m██[38;2;71;57;60m████████
[38;2;71;57;60m██████████[38;2;71;58;60m██[38;2;120;86;90m██[38;2;198;154;157m██[38;2;246;236;235m██[38;2;251;240;239m██[38;2;255;243;241m██[38;2;220;155;157m██[38;2;225;159;162m██[38;2;71;57;60m██[38;2;67;53;57m██[38;2;72;58;60m██[38;2;71;57;60m██████
[38;2;71;57;60m████[38;2;66;51;55m██[38;2;71;57;60m██[38;2;71;56;60m██[38;2;70;57;60m██[38;2;226;160;163m██[38;2;226;161;164m██[38;2;235;213;212m██[38;2;207;188;190m██[38;2;216;152;155m██[38;2;219;153;156m██[38;2;225;159;162m██[38;2;71;57;60m████[38;2;66;52;56m██[38;2;71;57;60m██████
[38;2;45;33;41m██[38;2;71;57;60m██[38;2;67;52;56m██[38;2;71;57;60m██[38;2;64;49;53m██[38;2;57;42;48m██[38;2;154;136;111m██[38;2;150;146;108m██[38;2;154;128;112m██[38;2;161;127;118m██[38;2;164;147;118m██[38;2;160;140;115m██[38;2;168;179;122m██[38;2;106;103;80m██[38;2;71;57;60m██[38;2;66;53;57m██[38;2;71;57;60m██████
[38;2;59;46;51m  [38;2;69;55;58m██[38;2;71;57;60m██[38;2;67;52;56m██[38;2;65;49;54m██[38;2;43;30;38m██[38;2;77;64;70m██[38;2;118;77;74m██[38;2;106;78;71m██[38;2;141;141;123m██[38;2;157;154;140m██[38;2;163;162;151m██[38;2;122;60;68m██[38;2;139;51;69m██[38;2;70;57;60m██[38;2;71;57;60m██[38;2;70;56;60m██[38;2;71;57;60m████
[38;2;13;3;8m  [38;2;45;33;41m██[38;2;71;57;60m██[38;2;71;56;60m██[38;2;65;49;54m██[38;2;45;33;42m██[38;2;45;32;40m██[38;2;136;50;67m██[38;2;143;54;71m██[38;2;241;231;230m██[38;2;255;242;239m████[38;2;143;53;70m██[38;2;144;54;71m██[38;2;117;47;61m██[38;2;71;57;60m██[38;2;68;55;58m██[38;2;71;57;60m████[0m
